Sample	Strain	Treatment	Replicate	Time	CP020102	CP020103
2B3_300	B	2	3	300	80.48913	66.01681
2B2_300	B	2	2	300	380.9791	305.7291
1B1_900	B	1	1	900	64.52982	75.37034
1S1_600	S	1	1	600	312.5996	669.4855
0B1_1000	B	0	1	1000	62.89088	0.0
1B1_500	B	1	1	500	59.52711	67.00723
0S1_500	S	0	1	500	28.07827	30.24922
2S4_400	S	2	4	400	70.99729	53.44803
2S5_400	S	2	5	400	26.28524	12.5706
2B4_700	B	2	4	700	174.1922	147.0481
2B5_700	B	2	5	700	226.7836	161.1495
0B1_600	B	0	1	600	115.635	0.0
2B2_1000	B	2	2	1000	100.7159	110.9034
1S5_100	S	1	5	100	366.6141	430.7007
1S4_100	S	1	4	100	285.071	314.9517
0B2_500	B	0	2	500	114.6522	92.45484
0B3_500	B	0	3	500	95.1962	38.94279
0B3_900	B	0	3	900	73.40246	14.94569
1B5_200	B	1	5	200	74.50668	32.54842
1B4_200	B	1	4	200	118.7588	74.31765
0S2_600	S	0	2	600	88.21218	14.64895
0S3_600	S	0	3	600	18.33726	16.01312
2S1_300	S	2	1	300	67.30078	62.69067
0S5_200	S	0	5	200	138.4112	53.32444
0S4_200	S	0	4	200	119.3592	24.31316
1B2_600	B	1	2	600	89.116	100.8988
1B3_600	B	1	3	600	168.9021	166.1024
0B5_100	B	0	5	100	437.04	766.8594
0B4_100	B	0	4	100	804.5213	1300.986
1S2_500	S	1	2	500	171.3655	234.589
1S3_500	S	1	3	500	166.2589	262.5412
0S2_400	S	0	2	400	14.673	13.02685
0S3_400	S	0	3	400	105.7751	32.85832
0B2_700	B	0	2	700	63.02495	18.55044
0B3_700	B	0	3	700	92.72948	8.898915
2B4_1000	B	2	4	1000	70.02912	73.83808
1S5_300	S	1	5	300	67.32054	87.44268
1S4_300	S	1	4	300	104.9571	101.4849
1S2_700	S	1	2	700	98.95766	98.98446
1S3_700	S	1	3	700	113.8737	117.1951
2B1_200	B	2	1	200	81.16749	53.32816
0B5_300	B	0	5	300	482.2265	772.9179
0B4_300	B	0	4	300	314.5877	598.489
1B2_800	B	1	2	800	113.0623	136.7692
1B2_400	B	1	2	400	80.15451	27.12761
1B3_400	B	1	3	400	197.4672	147.8756
2S1_100	S	2	1	100	175.4471	117.0486
1B1_700	B	1	1	700	76.22266	104.1522
2S3_200	S	2	3	200	67.19685	42.97852
2S2_200	S	2	2	200	284.6512	99.45369
1S1_400	S	1	1	400	81.27438	36.19379
1B3_1000	B	1	3	1000	122.8243	181.2858
2B3_100	B	2	3	100	244.6856	190.773
2B2_100	B	2	2	100	832.5127	773.246
0B1_400	B	0	1	400	79.76686	4.083429
2B4_500	B	2	4	500	177.9839	75.98487
2B5_500	B	2	5	500	109.6807	17.66605
2S4_600	S	2	4	600	114.4647	81.36066
2S5_600	S	2	5	600	92.5548	48.21232
0S1_700	S	0	1	700	134.7248	157.7588
2B5_900	B	2	5	900	75.77335	77.38263
2B4_900	B	2	4	900	142.3135	160.4999
0B1_800	B	0	1	800	144.6748	1.503865
0S5_400	S	0	5	400	108.9632	63.68487
0S4_400	S	0	4	400	126.3177	50.32348
2S1_500	S	2	1	500	134.654	101.108
1S2_300	S	1	2	300	82.89417	87.69776
1S3_300	S	1	3	300	214.2324	82.63938
2B1_600	B	2	1	600	36.94936	22.77132
0B5_700	B	0	5	700	107.264	21.45664
0B4_700	B	0	4	700	55.10731	39.53623
0B2_300	B	0	2	300	280.9341	476.8831
1B4_800	B	1	4	800	84.00987	86.24984
0B3_300	B	0	3	300	360.9379	460.4802
1B5_800	B	1	5	800	153.4351	210.2596
1S5_700	S	1	5	700	73.16135	107.2667
2B3_1000	B	2	3	1000	66.49592	56.61341
1S4_700	S	1	4	700	42.0671	18.44365
1B5_400	B	1	5	400	51.06494	49.17822
1B4_400	B	1	4	400	102.4091	69.10413
2S4_200	S	2	4	200	216.1474	141.1633
2S5_200	S	2	5	200	188.1352	144.1387
0S1_300	S	0	1	300	76.73914	65.74323
2B5_100	B	2	5	100	473.2086	440.0868
1B4_1000	B	1	4	1000	163.1733	157.9935
2B3_500	B	2	3	500	85.57258	80.51881
2B2_500	B	2	2	500	238.0325	40.77825
2B2_900	B	2	2	900	181.4852	208.9641
2B3_900	B	2	3	900	70.91559	78.3781
1B1_300	B	1	1	300	434.1291	469.7
2S3_600	S	2	3	600	91.36696	39.04547
2S2_600	S	2	2	600	81.89741	1.53688
2B4_300	B	2	4	300	153.7518	78.27564
2B5_300	B	2	5	300	405.8781	330.6308
0B1_200	B	0	1	200	51.94352	15.24117
0S1_100	S	0	1	100	300.0013	393.082
2S3_400	S	2	3	400	148.6409	29.98993
2S2_400	S	2	2	400	73.4074	1.0
1B1_100	B	1	1	100	305.55	171.8789
2B3_700	B	2	3	700	175.9688	136.1886
2B2_700	B	2	2	700	255.5941	221.1612
1S1_200	S	1	1	200	84.7418	29.33335
0B5_500	B	0	5	500	97.08236	52.03205
0B4_500	B	0	4	500	47.44113	60.36504
2B1_400	B	2	1	400	30.39866	22.6059
1S2_100	S	1	2	100	229.5658	195.3384
1S3_100	S	1	3	100	299.7835	437.7757
1B2_1000	B	1	2	1000	150.0798	184.2185
2S1_700	S	2	1	700	120.8186	91.70802
0S5_600	S	0	5	600	107.8619	111.2718
0S4_600	S	0	4	600	94.9805	1.497049
2B1_800	B	2	1	800	106.8921	75.84963
0B4_900	B	0	4	900	220.7879	316.4317
1B2_200	B	1	2	200	178.4624	292.4786
0B5_900	B	0	5	900	117.5388	139.0918
1B3_200	B	1	3	200	304.356	211.4182
1B5_600	B	1	5	600	142.8966	172.8684
1B4_600	B	1	4	600	126.1739	95.68266
0S2_200	S	0	2	200	328.8577	326.7846
0S3_200	S	0	3	200	97.08193	85.16498
1S5_500	S	1	5	500	58.01225	190.616
1S4_500	S	1	4	500	63.04633	105.1744
0B2_100	B	0	2	100	215.8569	357.857
0B3_100	B	0	3	100	166.2035	287.4433
1B3_700	B	1	3	700	110.8588	145.9508
1B2_700	B	1	2	700	178.7838	214.6182
2S1_200	S	2	1	200	94.55878	80.61701
0S4_300	S	0	4	300	851.7517	373.5931
0S5_300	S	0	5	300	90.13488	31.22984
1S3_400	S	1	3	400	125.995	129.4884
1S2_400	S	1	2	400	149.0626	79.24609
2B1_100	B	2	1	100	380.37	330.0689
0B3_400	B	0	3	400	82.94599	81.50092
0B2_400	B	0	2	400	15.20475	12.63828
0B3_1000	B	0	3	1000	168.1447	54.28251
0S3_700	S	0	3	700	304.5284	81.47096
0S2_700	S	0	2	700	449.9251	212.3477
0B2_800	B	0	2	800	174.5208	142.9948
1B4_300	B	1	4	300	371.5375	409.194
0B3_800	B	0	3	800	127.2706	27.82781
1B5_300	B	1	5	300	285.7285	299.7588
0S1_400	S	0	1	400	81.45801	63.52542
2S5_500	S	2	5	500	11.41497	9.756848
2S4_500	S	2	4	500	43.37012	9.712617
2B5_600	B	2	5	600	54.27069	34.9499
2B4_600	B	2	4	600	53.96829	35.67202
0B1_700	B	0	1	700	134.3048	1.206543
1S1_700	S	1	1	700	112.4918	187.2616
2B2_200	B	2	2	200	139.2735	108.3247
2B3_200	B	2	3	200	58.17473	69.0216
1B1_800	B	1	1	800	150.5911	235.2367
1B1_400	B	1	1	400	95.34193	34.15914
2S2_100	S	2	2	100	143.4988	134.0124
2S3_100	S	2	3	100	48.25587	68.06013
0B1_500	B	0	1	500	133.53	1.21545
2B5_400	B	2	5	400	405.8101	374.1926
2B4_400	B	2	4	400	188.7953	149.124
2B4_800	B	2	4	800	244.4422	239.9846
2B5_800	B	2	5	800	61.47866	100.2136
0B1_900	B	0	1	900	172.7521	1.549711
0B5_1000	B	0	5	1000	153.143	155.4491
0S1_600	S	0	1	600	148.3857	129.338
2S2_300	S	2	2	300	98.6663	1.288085
2S3_300	S	2	3	300	86.49513	52.15139
1B1_600	B	1	1	600	114.0533	158.503
1S1_500	S	1	1	500	52.45692	125.4413
2B1_300	B	2	1	300	274.8246	191.9071
0B4_200	B	0	4	200	69.70899	27.13724
1B2_900	B	1	2	900	100.112	100.6327
0B5_200	B	0	5	200	81.5424	31.27112
1B3_900	B	1	3	900	105.5077	87.72474
1S3_600	S	1	3	600	130.3287	169.6822
1S2_600	S	1	2	600	132.8481	64.42567
0S4_100	S	0	4	100	196.1803	284.2406
0S5_100	S	0	5	100	249.9382	322.7685
1B3_500	B	1	3	500	195.7145	408.1426
1B4_100	B	1	4	100	304.8837	229.8647
1B5_100	B	1	5	100	388.5837	316.8304
0S3_500	S	0	3	500	145.0707	91.59678
0S2_500	S	0	2	500	87.93552	21.90563
1S4_200	S	1	4	200	141.9549	165.8308
1S5_200	S	1	5	200	138.0547	135.718
1B1_1000	B	1	1	1000	126.816	113.6704
0B3_600	B	0	3	600	213.6407	33.17594
0B2_600	B	0	2	600	27.98829	19.19288
2B2_400	B	2	2	400	247.3392	162.4593
2B3_400	B	2	3	400	140.3688	141.2852
2B1_1000	B	2	1	1000	65.96252	88.31218
1S1_100	S	1	1	100	68.90527	138.0692
2S2_700	S	2	2	700	1.355297	1.408435
2B3_800	B	2	3	800	221.9191	196.5541
2B2_800	B	2	2	800	160.9438	68.77875
1B1_200	B	1	1	200	148.3497	38.97711
0B2_1000	B	0	2	1000	141.7068	185.6422
2S5_300	S	2	5	300	127.2212	82.62919
2S4_300	S	2	4	300	118.7348	115.0573
0S1_200	S	0	1	200	77.89635	70.34229
0B1_100	B	0	1	100	660.2337	1119.121
1S4_600	S	1	4	600	125.3441	115.3126
1S5_600	S	1	5	600	57.2111	122.9191
0B3_200	B	0	3	200	199.9052	51.62386
1B5_900	B	1	5	900	107.7516	93.4285
0B2_200	B	0	2	200	116.9042	42.73712
1B4_900	B	1	4	900	106.3373	146.1299
1B4_500	B	1	4	500	116.92	103.7425
1B5_500	B	1	5	500	18.27849	21.45297
0S3_100	S	0	3	100	136.32	222.4801
0S2_100	S	0	2	100	161.2893	254.4491
0S4_500	S	0	4	500	82.58328	26.21149
0S5_500	S	0	5	500	53.65484	60.22038
2S1_400	S	2	1	400	53.62627	50.25999
1B3_100	B	1	3	100	643.8327	523.9094
1B2_100	B	1	2	100	254.0661	283.1916
2B1_700	B	2	1	700	166.7697	130.3988
0B4_600	B	0	4	600	67.03146	53.01671
0B5_600	B	0	5	600	89.55224	78.84516
1S3_200	S	1	3	200	154.2802	125.1917
1S2_200	S	1	2	200	228.3296	54.82396
0S3_300	S	0	3	300	93.275	52.42185
0S2_300	S	0	2	300	95.30756	97.0252
1B4_700	B	1	4	700	184.6746	160.2189
1B5_700	B	1	5	700	110.4532	130.2061
0B4_1000	B	0	4	1000	182.3858	223.8101
1S4_400	S	1	4	400	79.40833	95.28506
1S5_400	S	1	5	400	67.23992	79.4194
0B4_400	B	0	4	400	153.9106	185.2529
0B5_400	B	0	5	400	100.8605	133.4113
2B1_500	B	2	1	500	106.5417	28.02293
2B1_900	B	2	1	900	89.2232	97.02143
0B5_800	B	0	5	800	143.7242	155.8704
1B3_300	B	1	3	300	417.8999	399.6476
0B4_800	B	0	4	800	1.327153	1.172114
1B2_300	B	1	2	300	428.8822	270.1811
2S1_600	S	2	1	600	89.09021	81.07384
0S4_700	S	0	4	700	113.7677	1.381818
0S5_700	S	0	5	700	91.81003	87.44367
2S2_500	S	2	2	500	244.9609	2.146943
2S3_500	S	2	3	500	46.6637	21.52085
1S1_300	S	1	1	300	140.0161	62.83926
2B2_600	B	2	2	600	70.56435	47.52326
2B3_600	B	2	3	600	84.18785	70.57649
2B5_200	B	2	5	200	126.589	128.543
2B4_200	B	2	4	200	7.014945	5.203863
0B1_300	B	0	1	300	315.0664	357.6904
2S5_100	S	2	5	100	193.9423	213.7645
2S4_100	S	2	4	100	91.15785	44.1699
