100, 200, 300, 400, 500, 600, 700, 800, 900, 1000
682.0, 541.0, 454.0, 336.0, 293.0, 242.0, 212.0, 79.0, 46.0, 0.0
0.0, 0.0, 0.0, 0.0, 23.0, 34.0, 75.0, 114.0, 128.0, 152.0
0.0, 0.0, 10.0, 18.0, 19.0, 20.0, 20.0, 20.0, 20.0, 21.0
0.0, 141.0, 218.0, 328.0, 347.0, 386.0, 375.0, 469.0, 488.0, 509.0
0, 3, 2, 2, 2, 2, 2, 2, 2, 2
0, 0, 0, 3, 3, 3, 3, 1, 1, 1
0, 3, 3, 3, 3, 3, 3, 3, 3, 3
0, 3, 3, 3, 3, 3, 3, 3, 3, 3
0, 3, 3, 3, 3, 3, 3, 3, 3, 3
0, 3, 3, 3, 3, 3, 3, 3, 3, 3
0, 3, 3, 3, 3, 3, 3, 3, 3, 3
0, 3, 3, 3, 3, 3, 3, 3, 3, 3
0, 3, 3, 3, 3, 3, 3, 3, 3, 3
0, 3, 3, 3, 3, 3, 3, 3, 3, 3
0, 0, 0, 0, 0, 0, 0, 3, 3, 3
0, 0, 0, 0, 0, 0, 0, 3, 3, 3
0, 0, 0, 0, 0, 0, 0, 3, 3, 3
0, 0, 0, 0, 0, 0, 0, 3, 3, 3
0, 0, 0, 0, 0, 0, 3, 3, 3, 3
0, 0, 0, 0, 0, 0, 0, 3, 3, 3
0, 0, 0, 0, 0, 0, 3, 3, 3, 3
0, 0, 0, 0, 0, 3, 1, 1, 1, 1
0, 0, 0, 0, 0, 0, 0, 0, 0, 3
0, 3, 3, 3, 3, 3, 3, 3, 3, 3
0, 3, 3, 3, 3, 3, 3, 3, 3, 3
0, 0, 0, 3, 3, 3, 3, 3, 3, 3
0, 3, 3, 3, 3, 3, 3, 3, 3, 3
0, 0, 3, 3, 3, 3, 3, 3, 3, 3
0, 0, 0, 0, 3, 3, 3, 3, 3, 3
0, 0, 0, 3, 3, 3, 3, 3, 3, 3
0, 0, 3, 3, 3, 3, 3, 3, 3, 3
0, 0, 3, 3, 3, 3, 3, 3, 3, 3
0, 0, 3, 3, 3, 3, 3, 3, 3, 3
0, 0, 3, 3, 3, 3, 3, 3, 3, 3
0, 0, 0, 3, 3, 3, 3, 3, 3, 3
0, 0, 3, 3, 3, 3, 3, 3, 3, 3
0, 0, 0, 0, 3, 3, 1, 1, 1, 1
0, 0, 3, 3, 3, 3, 3, 3, 3, 3
0, 0, 3, 3, 3, 3, 3, 3, 3, 3
0, 0, 0, 3, 3, 3, 3, 3, 3, 1
0, 0, 0, 0, 0, 3, 3, 1, 1, 1
0, 0, 0, 0, 0, 3, 1, 1, 1, 1
0, 0, 0, 0, 0, 0, 0, 3, 3, 3
0, 0, 0, 0, 0, 3, 1, 1, 1, 1
0, 0, 0, 0, 0, 3, 3, 3, 1, 1
0, 0, 0, 3, 3, 3, 3, 3, 1, 1
0, 0, 0, 3, 3, 3, 3, 3, 1, 1
0, 0, 0, 0, 0, 3, 3, 1, 1, 1
0, 0, 0, 0, 0, 3, 3, 1, 1, 1
0, 3, 3, 3, 3, 3, 3, 3, 3, 3
0, 0, 0, 0, 0, 3, 3, 1, 1, 1
0, 0, 0, 0, 0, 3, 1, 1, 1, 1
0, 3, 3, 3, 3, 3, 3, 3, 3, 3
0, 0, 0, 0, 0, 3, 3, 1, 1, 1
0, 0, 0, 0, 0, 3, 1, 1, 1, 1
0, 0, 0, 0, 3, 3, 3, 3, 1, 1
0, 0, 0, 3, 1, 1, 1, 1, 1, 1
0, 0, 0, 3, 1, 1, 1, 1, 1, 1
0, 0, 0, 3, 3, 1, 1, 1, 1, 1
0, 0, 0, 0, 0, 3, 1, 1, 1, 1
0, 0, 0, 3, 3, 3, 3, 3, 3, 3
0, 0, 0, 3, 3, 3, 3, 3, 1, 1
0, 3, 3, 3, 3, 3, 3, 3, 3, 3
0, 0, 3, 3, 3, 3, 3, 3, 3, 3
0, 3, 3, 3, 3, 3, 3, 3, 3, 3
0, 0, 0, 3, 3, 3, 3, 3, 3, 3
0, 0, 0, 3, 1, 1, 1, 1, 1, 1
0, 3, 3, 3, 3, 3, 3, 3, 3, 3
0, 0, 3, 3, 3, 3, 3, 3, 3, 3
0, 0, 3, 3, 3, 3, 3, 3, 3, 3
0, 0, 3, 3, 3, 3, 3, 3, 3, 3
0, 0, 3, 3, 3, 3, 3, 3, 3, 3
0, 0, 3, 3, 3, 3, 3, 3, 3, 3
0, 0, 3, 3, 3, 3, 3, 3, 3, 3
0, 0, 3, 3, 3, 3, 3, 3, 3, 3
0, 0, 3, 3, 3, 3, 3, 3, 3, 3
0, 0, 0, 3, 1, 1, 1, 1, 1, 1
0, 0, 0, 0, 3, 3, 3, 3, 3, 3
0, 0, 0, 0, 0, 0, 0, 0, 3, 3
0, 0, 0, 0, 0, 0, 0, 3, 3, 3
0, 0, 0, 0, 0, 0, 0, 3, 3, 3
0, 0, 0, 0, 0, 0, 0, 3, 3, 3
0, 0, 0, 0, 0, 0, 0, 3, 3, 3
0, 0, 0, 0, 0, 0, 0, 3, 3, 3
0, 0, 0, 0, 0, 0, 0, 0, 0, 3
0, 0, 0, 0, 0, 0, 3, 3, 3, 3
0, 0, 0, 0, 0, 0, 0, 0, 0, 3
0, 0, 0, 0, 0, 0, 0, 0, 0, 3
0, 0, 0, 0, 0, 0, 0, 0, 0, 3
0, 0, 0, 0, 0, 0, 0, 0, 0, 3
0, 0, 0, 0, 0, 0, 0, 3, 3, 3
0, 0, 0, 0, 0, 0, 0, 3, 1, 1
0, 0, 0, 0, 0, 0, 0, 0, 0, 3
0, 0, 0, 0, 0, 0, 0, 0, 0, 3
0, 3, 3, 3, 3, 3, 3, 3, 3, 3
0, 3, 3, 3, 3, 3, 3, 3, 3, 3
0, 0, 0, 0, 0, 3, 3, 3, 3, 3
0, 3, 3, 3, 3, 3, 3, 3, 3, 3
0, 3, 3, 3, 3, 3, 3, 3, 3, 3
0, 3, 3, 3, 3, 3, 3, 3, 3, 3
0, 3, 3, 3, 3, 3, 3, 3, 3, 3
0, 3, 3, 3, 3, 3, 3, 3, 3, 3
0, 0, 0, 0, 0, 0, 0, 3, 3, 3
0, 0, 0, 0, 0, 3, 3, 3, 3, 3
0, 0, 3, 3, 3, 3, 3, 3, 3, 3
0, 0, 3, 3, 3, 3, 3, 3, 3, 3
0, 0, 3, 3, 3, 3, 3, 3, 3, 3
0, 0, 3, 3, 3, 3, 3, 3, 3, 3
0, 0, 3, 3, 3, 3, 3, 3, 3, 3
0, 0, 3, 3, 3, 3, 3, 3, 3, 3
0, 3, 3, 3, 3, 3, 3, 3, 3, 3
0, 0, 3, 3, 3, 3, 3, 3, 3, 3
0, 0, 0, 0, 0, 0, 0, 3, 3, 3
0, 0, 0, 0, 0, 0, 0, 3, 3, 3
0, 0, 0, 0, 0, 0, 0, 0, 3, 3
0, 0, 0, 0, 0, 0, 0, 0, 3, 3
0, 0, 0, 0, 0, 0, 0, 3, 3, 3
0, 0, 0, 0, 0, 0, 0, 3, 3, 3
0, 0, 0, 0, 0, 0, 0, 3, 3, 1
0, 0, 0, 0, 0, 0, 0, 0, 3, 3
0, 0, 0, 0, 0, 0, 0, 0, 3, 3
0, 0, 0, 0, 0, 0, 0, 3, 3, 3
0, 0, 0, 0, 0, 0, 0, 3, 3, 3
0, 0, 0, 0, 0, 0, 0, 3, 3, 3
0, 0, 0, 0, 0, 0, 0, 3, 3, 3
0, 0, 0, 0, 0, 0, 3, 3, 1, 1
0, 0, 0, 0, 0, 0, 0, 3, 3, 3
0, 0, 0, 0, 0, 3, 3, 3, 1, 1
0, 0, 0, 0, 0, 0, 0, 3, 3, 3
0, 0, 0, 0, 0, 0, 0, 3, 3, 3
0, 0, 0, 3, 3, 3, 3, 3, 3, 3
0, 0, 3, 3, 3, 3, 3, 3, 3, 3
0, 0, 0, 3, 3, 3, 3, 3, 3, 3
0, 0, 0, 3, 1, 1, 1, 1, 1, 1
0, 3, 3, 3, 3, 3, 3, 3, 3, 3
0, 3, 3, 3, 3, 3, 3, 3, 3, 3
0, 0, 0, 0, 0, 3, 3, 1, 1, 1
0, 3, 3, 3, 3, 3, 3, 3, 3, 3
0, 3, 3, 3, 3, 3, 3, 3, 3, 3
0, 0, 0, 3, 3, 3, 3, 3, 3, 3
0, 0, 3, 3, 3, 3, 3, 3, 3, 3
0, 0, 0, 3, 3, 3, 3, 3, 3, 3
0, 0, 0, 0, 0, 3, 3, 3, 3, 3
0, 0, 0, 3, 3, 3, 3, 3, 3, 3
0, 0, 0, 3, 3, 3, 3, 3, 3, 3
0, 0, 0, 3, 3, 3, 3, 3, 3, 3
0, 0, 0, 3, 3, 3, 3, 3, 3, 3
0, 0, 0, 3, 3, 3, 3, 3, 3, 3
0, 3, 3, 3, 3, 3, 3, 3, 3, 3
0, 0, 0, 0, 0, 0, 0, 0, 0, 3
0, 0, 0, 3, 3, 3, 3, 3, 3, 3
0, 0, 0, 3, 3, 3, 3, 3, 3, 3
0, 0, 0, 3, 3, 3, 3, 3, 3, 3
0, 0, 0, 0, 0, 0, 0, 3, 3, 3
0, 0, 0, 3, 3, 3, 3, 3, 3, 1
0, 0, 0, 0, 0, 3, 3, 3, 3, 3
0, 0, 0, 0, 0, 0, 0, 3, 3, 3
0, 0, 0, 3, 1, 1, 1, 1, 1, 1
0, 0, 3, 3, 3, 3, 3, 3, 3, 3
0, 0, 0, 0, 0, 0, 0, 0, 3, 3
0, 0, 3, 3, 3, 3, 3, 3, 3, 3
0, 0, 0, 3, 3, 1, 1, 1, 1, 1
0, 0, 0, 0, 0, 0, 0, 0, 0, 3
0, 0, 0, 0, 0, 0, 0, 3, 3, 3
0, 0, 0, 0, 0, 0, 0, 3, 3, 3
0, 0, 0, 0, 0, 0, 0, 3, 3, 3
0, 0, 0, 0, 0, 0, 0, 3, 3, 3
0, 0, 0, 0, 0, 0, 0, 3, 3, 3
0, 0, 0, 0, 0, 0, 0, 3, 3, 3
0, 0, 0, 0, 0, 0, 0, 0, 0, 3
0, 0, 0, 0, 0, 0, 0, 0, 0, 3
0, 0, 0, 3, 1, 1, 1, 1, 1, 1
0, 0, 0, 0, 3, 1, 1, 1, 1, 1
0, 0, 0, 0, 3, 3, 3, 3, 3, 3
0, 3, 3, 3, 3, 3, 3, 3, 3, 3
0, 0, 0, 0, 0, 3, 3, 1, 1, 1
0, 0, 0, 0, 0, 0, 0, 3, 3, 1
0, 3, 3, 3, 3, 3, 3, 3, 3, 3
0, 0, 0, 0, 0, 0, 3, 3, 3, 3
0, 0, 0, 0, 0, 0, 3, 3, 3, 3
0, 0, 0, 0, 0, 0, 0, 0, 0, 3
0, 0, 0, 0, 0, 0, 0, 3, 3, 3
0, 0, 0, 0, 0, 0, 0, 0, 0, 3
0, 0, 0, 0, 0, 0, 0, 3, 3, 3
0, 0, 0, 0, 0, 0, 0, 0, 0, 3
0, 0, 0, 3, 1, 1, 1, 1, 1, 1
0, 0, 0, 0, 0, 0, 0, 0, 3, 3
0, 0, 0, 0, 0, 0, 3, 3, 3, 3
0, 3, 3, 3, 3, 3, 3, 3, 3, 3
0, 0, 0, 3, 1, 1, 1, 1, 1, 1
0, 0, 0, 0, 0, 0, 0, 3, 3, 3
0, 0, 0, 3, 3, 3, 1, 1, 1, 1
0, 0, 0, 0, 0, 3, 1, 1, 1, 1
0, 3, 3, 3, 3, 3, 3, 3, 3, 1
0, 0, 0, 0, 0, 3, 1, 1, 1, 1
0, 0, 0, 0, 0, 0, 3, 1, 1, 1
0, 0, 3, 3, 3, 3, 3, 3, 3, 3
0, 0, 0, 0, 3, 3, 3, 3, 3, 3
0, 0, 0, 0, 3, 3, 3, 3, 3, 3
0, 0, 0, 0, 0, 3, 1, 1, 1, 1
0, 0, 0, 0, 0, 0, 0, 0, 0, 3
0, 3, 3, 3, 3, 3, 3, 3, 3, 3
0, 3, 3, 3, 3, 3, 3, 3, 3, 3
0, 3, 3, 3, 3, 3, 3, 3, 3, 3
0, 0, 0, 0, 0, 0, 3, 3, 3, 3
0, 0, 0, 0, 0, 0, 0, 0, 3, 3
0, 0, 0, 3, 3, 3, 3, 3, 3, 1
0, 3, 3, 3, 3, 3, 3, 3, 3, 3
0, 0, 0, 0, 0, 0, 0, 0, 0, 3
0, 3, 2, 2, 2, 2, 2, 2, 2, 2
0, 0, 0, 3, 1, 1, 1, 1, 1, 1
0, 3, 2, 2, 2, 2, 2, 2, 2, 2
0, 3, 2, 2, 2, 2, 2, 2, 2, 2
0, 0, 0, 0, 0, 0, 3, 3, 3, 3
0, 0, 0, 0, 0, 0, 0, 0, 3, 3
0, 0, 0, 3, 3, 3, 3, 3, 1, 1
0, 0, 0, 0, 0, 0, 0, 0, 3, 3
0, 0, 0, 0, 0, 0, 0, 0, 0, 3
0, 0, 0, 0, 3, 3, 1, 1, 1, 1
0, 0, 0, 3, 3, 3, 1, 1, 1, 1
0, 3, 3, 3, 3, 3, 3, 3, 3, 3
0, 0, 0, 3, 3, 3, 1, 1, 1, 1
0, 3, 3, 3, 3, 3, 3, 3, 3, 3
0, 3, 3, 3, 3, 3, 3, 3, 3, 3
0, 3, 3, 3, 3, 3, 3, 3, 3, 3
0, 0, 0, 0, 0, 0, 0, 3, 3, 3
0, 0, 0, 0, 0, 0, 0, 3, 3, 3
0, 0, 3, 2, 2, 2, 2, 2, 2, 2
0, 0, 0, 0, 0, 0, 0, 0, 3, 3
0, 0, 3, 3, 3, 3, 3, 3, 3, 3
0, 0, 0, 0, 0, 0, 0, 0, 0, 3
0, 0, 0, 0, 3, 3, 3, 1, 1, 1
0, 0, 0, 0, 0, 0, 0, 0, 0, 3
0, 0, 3, 3, 3, 3, 3, 3, 3, 3
0, 0, 3, 3, 3, 3, 3, 3, 3, 3
0, 0, 3, 3, 3, 3, 3, 3, 3, 3
0, 0, 3, 2, 2, 2, 2, 2, 2, 2
0, 0, 0, 0, 0, 0, 0, 3, 3, 3
0, 0, 3, 3, 3, 3, 3, 3, 3, 3
0, 0, 0, 3, 1, 1, 1, 1, 1, 1
0, 0, 0, 0, 0, 0, 0, 0, 0, 3
0, 3, 3, 3, 3, 3, 3, 3, 3, 3
0, 3, 3, 3, 3, 3, 3, 3, 3, 3
0, 0, 3, 3, 3, 3, 3, 3, 3, 3
0, 0, 0, 0, 3, 1, 1, 1, 1, 1
0, 0, 0, 3, 3, 3, 3, 3, 3, 1
0, 0, 0, 3, 3, 1, 1, 1, 1, 1
0, 0, 3, 3, 3, 3, 3, 3, 3, 3
0, 3, 3, 3, 3, 3, 3, 3, 3, 3
0, 0, 3, 3, 3, 3, 3, 3, 3, 3
0, 0, 0, 0, 0, 0, 0, 0, 0, 3
0, 0, 0, 0, 0, 0, 0, 0, 3, 3
0, 0, 0, 0, 0, 0, 0, 3, 3, 3
0, 0, 0, 0, 0, 0, 0, 3, 3, 3
0, 0, 0, 0, 0, 0, 0, 0, 0, 3
0, 0, 0, 0, 3, 3, 3, 3, 3, 3
0, 0, 0, 0, 0, 3, 1, 1, 1, 1
0, 0, 0, 3, 3, 3, 1, 1, 1, 1
0, 3, 3, 3, 3, 3, 3, 3, 3, 3
0, 0, 0, 0, 0, 0, 0, 0, 0, 3
0, 0, 0, 0, 0, 0, 0, 0, 0, 3
0, 0, 0, 0, 0, 0, 0, 0, 0, 3
0, 0, 0, 0, 0, 3, 3, 3, 3, 3
0, 0, 0, 3, 1, 1, 1, 1, 1, 1
0, 0, 0, 3, 3, 1, 1, 1, 1, 1
0, 3, 3, 3, 3, 3, 3, 3, 3, 3
0, 3, 2, 2, 2, 2, 2, 2, 2, 2
0, 3, 3, 3, 3, 3, 3, 1, 1, 1
0, 3, 3, 3, 3, 3, 3, 3, 3, 3
0, 0, 0, 0, 3, 3, 1, 1, 1, 1
0, 0, 3, 2, 2, 2, 2, 2, 2, 2
0, 0, 0, 0, 0, 0, 0, 0, 0, 3
0, 0, 0, 0, 0, 0, 0, 3, 3, 3
0, 0, 0, 0, 0, 0, 3, 3, 3, 3
0, 0, 0, 0, 0, 0, 0, 3, 3, 3
0, 0, 0, 0, 0, 0, 0, 3, 3, 3
0, 0, 0, 0, 3, 3, 3, 3, 3, 3
0, 0, 0, 0, 3, 3, 3, 3, 3, 3
0, 0, 0, 0, 0, 0, 0, 3, 3, 3
0, 0, 0, 0, 0, 0, 3, 3, 3, 3
0, 0, 0, 0, 0, 0, 0, 3, 3, 3
0, 0, 0, 0, 0, 0, 0, 0, 0, 3
0, 0, 0, 0, 0, 0, 0, 0, 3, 3
0, 0, 0, 0, 0, 0, 0, 0, 3, 3
0, 0, 0, 0, 0, 0, 3, 3, 3, 3
0, 3, 3, 3, 3, 3, 3, 3, 3, 3
0, 3, 3, 3, 3, 3, 3, 3, 3, 3
0, 0, 0, 3, 1, 1, 1, 1, 1, 1
0, 0, 0, 3, 3, 1, 1, 1, 1, 1
0, 0, 0, 0, 3, 3, 1, 1, 1, 1
0, 0, 3, 3, 3, 3, 3, 3, 3, 3
0, 0, 3, 3, 3, 3, 3, 3, 3, 3
0, 0, 0, 0, 0, 0, 0, 3, 3, 3
0, 0, 0, 0, 0, 0, 0, 3, 3, 3
0, 0, 0, 0, 0, 0, 0, 3, 3, 3
0, 0, 0, 0, 0, 0, 0, 3, 3, 3
0, 0, 0, 0, 0, 0, 0, 3, 3, 3
0, 0, 0, 0, 0, 0, 0, 3, 3, 3
0, 0, 0, 0, 0, 0, 0, 3, 3, 3
0, 0, 0, 0, 0, 0, 0, 3, 3, 3
0, 0, 0, 0, 0, 0, 0, 3, 3, 3
0, 0, 0, 0, 0, 0, 0, 3, 3, 3
0, 0, 0, 0, 0, 0, 0, 3, 3, 3
0, 0, 0, 3, 3, 3, 3, 3, 3, 3
0, 0, 0, 3, 3, 3, 3, 3, 3, 3
0, 0, 0, 3, 3, 3, 3, 1, 1, 1
0, 0, 0, 3, 3, 3, 3, 3, 3, 3
0, 0, 0, 3, 3, 3, 3, 3, 1, 1
0, 0, 0, 3, 3, 3, 3, 3, 3, 3
0, 0, 0, 3, 3, 3, 3, 1, 1, 1
0, 0, 0, 3, 3, 3, 3, 3, 3, 3
0, 0, 0, 3, 3, 3, 3, 3, 3, 3
0, 0, 0, 3, 3, 3, 3, 3, 3, 3
0, 0, 0, 3, 3, 1, 1, 1, 1, 1
0, 0, 0, 3, 3, 3, 3, 3, 3, 3
0, 0, 0, 3, 3, 3, 3, 3, 3, 3
0, 0, 0, 3, 3, 3, 3, 3, 3, 1
0, 0, 3, 3, 3, 3, 3, 3, 3, 3
0, 0, 0, 3, 3, 3, 3, 3, 3, 1
0, 0, 0, 3, 3, 3, 3, 3, 3, 1
0, 0, 0, 3, 3, 3, 3, 3, 3, 3
0, 0, 3, 3, 3, 3, 3, 3, 3, 3
0, 0, 0, 3, 3, 3, 3, 1, 1, 1
0, 0, 0, 0, 0, 0, 0, 3, 3, 3
0, 0, 0, 0, 0, 3, 1, 1, 1, 1
0, 0, 3, 3, 3, 3, 3, 3, 3, 3
0, 0, 0, 3, 3, 3, 3, 3, 3, 3
0, 0, 0, 3, 1, 1, 1, 1, 1, 1
0, 0, 3, 3, 3, 3, 3, 3, 3, 1
0, 0, 0, 3, 3, 3, 1, 1, 1, 1
0, 0, 0, 3, 1, 1, 1, 1, 1, 1
0, 0, 0, 3, 3, 3, 3, 3, 3, 3
0, 0, 0, 3, 3, 3, 3, 3, 3, 3
0, 0, 0, 0, 0, 3, 1, 1, 1, 1
0, 0, 0, 0, 0, 0, 0, 0, 0, 3
0, 0, 0, 0, 0, 0, 3, 3, 3, 1
0, 0, 0, 0, 0, 0, 0, 0, 0, 3
0, 0, 3, 3, 3, 3, 3, 3, 3, 3
0, 0, 3, 3, 3, 3, 3, 3, 3, 3
0, 0, 0, 3, 1, 1, 1, 1, 1, 1
0, 0, 0, 3, 3, 3, 3, 1, 1, 1
0, 0, 0, 3, 1, 1, 1, 1, 1, 1
0, 0, 3, 3, 3, 3, 3, 3, 3, 3
0, 3, 2, 2, 2, 2, 2, 2, 2, 2
0, 0, 0, 0, 3, 3, 1, 1, 1, 1
0, 0, 0, 0, 0, 3, 3, 1, 1, 1
0, 0, 0, 0, 0, 0, 3, 3, 3, 3
0, 0, 0, 3, 3, 1, 1, 1, 1, 1
0, 0, 0, 0, 0, 3, 1, 1, 1, 1
0, 0, 0, 0, 0, 0, 3, 3, 3, 3
0, 0, 0, 0, 0, 0, 0, 0, 0, 3
0, 0, 3, 3, 3, 3, 3, 1, 1, 1
0, 0, 0, 0, 3, 1, 1, 1, 1, 1
0, 0, 0, 0, 0, 0, 0, 3, 3, 3
0, 0, 0, 0, 0, 0, 0, 3, 3, 3
0, 0, 0, 0, 0, 0, 0, 3, 3, 3
0, 0, 0, 0, 0, 0, 0, 3, 3, 3
0, 3, 2, 2, 2, 2, 2, 2, 2, 2
0, 0, 3, 2, 2, 2, 2, 2, 2, 2
0, 3, 3, 3, 3, 3, 3, 3, 3, 3
0, 3, 3, 3, 3, 3, 3, 3, 3, 3
0, 3, 3, 3, 3, 3, 3, 3, 3, 3
0, 0, 0, 3, 3, 3, 3, 3, 3, 3
0, 0, 0, 0, 0, 3, 1, 1, 1, 1
0, 0, 3, 3, 3, 3, 3, 3, 3, 3
0, 0, 0, 0, 3, 3, 3, 3, 3, 3
0, 0, 0, 0, 3, 3, 3, 3, 3, 3
0, 3, 3, 3, 3, 3, 3, 3, 3, 3
0, 0, 0, 0, 3, 3, 3, 3, 3, 3
0, 0, 0, 3, 1, 1, 1, 1, 1, 1
0, 0, 0, 0, 3, 3, 3, 3, 3, 3
0, 0, 0, 3, 3, 3, 3, 1, 1, 1
0, 0, 0, 0, 0, 3, 1, 1, 1, 1
0, 0, 0, 3, 3, 3, 1, 1, 1, 1
0, 0, 0, 0, 0, 3, 3, 1, 1, 1
0, 3, 3, 3, 3, 3, 3, 3, 3, 3
0, 0, 0, 3, 3, 3, 3, 3, 3, 3
0, 0, 0, 3, 3, 3, 3, 3, 3, 3
0, 3, 3, 3, 3, 3, 3, 3, 3, 3
0, 0, 0, 3, 3, 3, 3, 3, 3, 3
0, 3, 3, 3, 3, 3, 3, 3, 3, 3
0, 0, 0, 0, 3, 3, 3, 1, 1, 1
0, 0, 0, 0, 3, 3, 3, 3, 3, 3
0, 3, 3, 3, 3, 3, 3, 3, 3, 3
0, 0, 0, 3, 3, 3, 3, 3, 3, 3
0, 3, 3, 3, 3, 3, 3, 3, 3, 3
0, 0, 0, 0, 3, 3, 3, 3, 3, 3
0, 0, 0, 0, 0, 0, 3, 3, 3, 3
0, 3, 3, 3, 3, 3, 3, 3, 3, 3
0, 0, 0, 0, 0, 0, 0, 3, 3, 3
0, 0, 0, 0, 0, 0, 0, 3, 3, 3
0, 0, 0, 0, 0, 0, 0, 3, 3, 3
0, 0, 0, 0, 0, 0, 0, 3, 3, 1
0, 3, 3, 3, 3, 3, 3, 3, 3, 3
0, 3, 3, 3, 3, 3, 3, 3, 3, 3
0, 0, 0, 0, 3, 3, 3, 3, 1, 1
0, 0, 0, 0, 3, 3, 3, 3, 3, 3
0, 3, 3, 3, 3, 3, 3, 3, 3, 3
0, 3, 3, 3, 3, 3, 3, 3, 3, 3
0, 3, 3, 3, 3, 3, 3, 3, 3, 3
0, 0, 0, 0, 0, 0, 3, 1, 1, 1
0, 0, 3, 3, 3, 3, 3, 3, 3, 3
0, 3, 3, 3, 3, 3, 3, 3, 3, 3
0, 3, 3, 3, 3, 3, 3, 3, 3, 3
0, 3, 3, 3, 3, 3, 3, 3, 3, 3
0, 3, 3, 3, 3, 3, 3, 3, 3, 3
0, 0, 0, 0, 0, 0, 0, 0, 0, 3
0, 0, 3, 2, 2, 2, 2, 2, 2, 2
0, 0, 0, 3, 3, 3, 3, 1, 1, 1
0, 3, 3, 3, 3, 3, 3, 3, 3, 3
0, 0, 0, 0, 0, 3, 3, 1, 1, 1
0, 0, 3, 3, 3, 3, 3, 3, 3, 3
0, 0, 3, 3, 3, 3, 3, 3, 3, 3
0, 0, 3, 3, 3, 3, 3, 3, 3, 3
0, 0, 0, 3, 3, 3, 3, 3, 3, 3
0, 0, 3, 3, 3, 3, 3, 3, 3, 3
0, 0, 0, 3, 3, 3, 3, 3, 3, 3
0, 0, 0, 3, 1, 1, 1, 1, 1, 1
0, 0, 0, 3, 3, 3, 3, 3, 3, 1
0, 0, 0, 0, 0, 0, 0, 0, 0, 3
0, 0, 0, 0, 0, 0, 0, 0, 3, 3
0, 0, 0, 0, 0, 0, 3, 3, 3, 3
0, 0, 0, 0, 3, 3, 3, 3, 3, 3
0, 0, 0, 0, 0, 3, 3, 3, 3, 3
0, 0, 0, 0, 0, 0, 3, 1, 1, 1
0, 0, 0, 3, 3, 1, 1, 1, 1, 1
0, 3, 3, 3, 3, 3, 3, 1, 1, 1
0, 0, 0, 0, 0, 0, 3, 3, 3, 3
0, 0, 0, 0, 0, 0, 0, 3, 3, 3
0, 0, 0, 0, 0, 0, 0, 3, 3, 3
0, 0, 0, 0, 0, 0, 0, 3, 3, 3
0, 0, 0, 0, 0, 0, 0, 3, 3, 3
0, 0, 0, 0, 0, 0, 0, 3, 3, 3
0, 0, 0, 0, 0, 0, 0, 3, 3, 3
0, 0, 0, 0, 0, 0, 0, 3, 3, 3
0, 0, 0, 0, 0, 0, 0, 3, 3, 1
0, 0, 0, 0, 0, 3, 3, 3, 3, 3
0, 0, 0, 0, 0, 0, 0, 3, 3, 3
0, 0, 0, 0, 0, 0, 0, 3, 3, 3
0, 0, 0, 0, 0, 0, 0, 3, 3, 3
0, 0, 0, 0, 0, 0, 0, 3, 3, 3
0, 0, 3, 3, 3, 3, 3, 3, 3, 3
0, 0, 3, 3, 3, 3, 3, 3, 3, 3
0, 0, 3, 3, 3, 3, 3, 3, 3, 3
0, 0, 0, 0, 3, 3, 3, 1, 1, 1
0, 0, 3, 3, 3, 3, 3, 3, 3, 3
0, 0, 3, 3, 3, 3, 3, 3, 3, 3
0, 0, 3, 3, 3, 3, 3, 3, 3, 3
0, 0, 3, 3, 3, 3, 3, 3, 3, 3
0, 0, 3, 3, 3, 3, 3, 3, 3, 3
0, 0, 3, 3, 3, 3, 3, 3, 3, 3
0, 0, 3, 3, 3, 3, 3, 3, 3, 3
0, 0, 3, 3, 3, 3, 3, 3, 3, 3
0, 0, 0, 0, 0, 0, 0, 0, 0, 3
0, 0, 0, 0, 0, 0, 0, 0, 0, 3
0, 0, 0, 3, 3, 3, 3, 3, 3, 3
0, 0, 0, 0, 3, 2, 2, 2, 2, 2
0, 3, 3, 3, 3, 3, 3, 3, 3, 3
0, 3, 3, 3, 3, 3, 3, 3, 3, 3
0, 0, 0, 0, 0, 0, 3, 1, 1, 1
0, 3, 2, 2, 2, 2, 2, 2, 2, 2
0, 0, 0, 0, 0, 0, 3, 3, 3, 3
0, 3, 3, 3, 3, 3, 3, 3, 3, 3
0, 3, 3, 3, 3, 3, 3, 3, 3, 3
0, 0, 0, 3, 3, 3, 3, 3, 3, 3
0, 0, 0, 0, 0, 0, 0, 0, 0, 3
0, 3, 2, 2, 2, 2, 2, 2, 2, 2
0, 3, 3, 3, 3, 3, 3, 3, 3, 3
0, 3, 3, 3, 3, 3, 3, 3, 3, 3
0, 3, 3, 3, 3, 3, 3, 3, 3, 3
0, 3, 3, 3, 3, 3, 3, 3, 3, 3
0, 3, 3, 3, 3, 3, 3, 3, 3, 3
0, 3, 3, 3, 3, 3, 3, 3, 3, 3
0, 3, 3, 3, 3, 3, 3, 3, 3, 3
0, 0, 0, 3, 3, 3, 3, 1, 1, 1
0, 3, 3, 3, 3, 3, 3, 3, 3, 3
0, 3, 3, 3, 3, 3, 3, 3, 3, 3
0, 0, 0, 0, 0, 3, 1, 1, 1, 1
0, 3, 3, 3, 3, 3, 3, 3, 3, 3
0, 0, 3, 3, 3, 3, 3, 3, 3, 3
0, 0, 0, 0, 0, 3, 1, 1, 1, 1
0, 0, 0, 3, 1, 1, 1, 1, 1, 1
0, 3, 3, 3, 3, 3, 3, 3, 3, 1
0, 0, 0, 0, 0, 3, 3, 1, 1, 1
0, 0, 0, 0, 3, 3, 3, 1, 1, 1
0, 3, 3, 3, 3, 3, 3, 3, 3, 3
0, 3, 3, 3, 3, 3, 3, 3, 3, 3
0, 3, 3, 3, 3, 3, 3, 3, 3, 3
0, 3, 3, 3, 3, 3, 3, 3, 3, 3
0, 0, 0, 0, 0, 3, 1, 1, 1, 1
0, 0, 0, 0, 0, 0, 0, 0, 3, 3
0, 3, 3, 3, 3, 3, 3, 3, 3, 3
0, 0, 3, 3, 3, 3, 1, 1, 1, 1
0, 3, 3, 3, 3, 3, 3, 3, 3, 3
0, 0, 0, 0, 0, 0, 0, 0, 3, 3
0, 3, 3, 3, 3, 3, 3, 3, 3, 3
0, 3, 3, 3, 3, 3, 3, 3, 3, 3
0, 0, 0, 0, 0, 0, 0, 0, 3, 3
0, 0, 3, 2, 2, 2, 2, 2, 2, 2
0, 0, 0, 0, 0, 0, 0, 0, 3, 3
0, 0, 0, 0, 0, 0, 0, 3, 3, 3
0, 0, 0, 0, 0, 0, 0, 0, 3, 3
0, 0, 0, 0, 0, 0, 0, 0, 3, 3
0, 0, 0, 0, 0, 0, 0, 3, 3, 1
0, 0, 0, 0, 0, 0, 0, 0, 3, 1
0, 0, 0, 0, 0, 0, 0, 0, 3, 3
0, 0, 0, 0, 0, 0, 0, 3, 3, 1
0, 0, 0, 0, 0, 0, 0, 0, 3, 3
0, 3, 3, 3, 3, 3, 3, 3, 3, 3
0, 0, 0, 0, 3, 3, 3, 3, 3, 3
0, 0, 0, 0, 0, 0, 0, 3, 3, 3
0, 3, 3, 3, 3, 3, 3, 3, 3, 3
0, 0, 0, 3, 2, 2, 2, 2, 2, 2
0, 0, 0, 0, 0, 0, 3, 3, 3, 3
0, 0, 0, 0, 0, 0, 3, 3, 3, 3
0, 0, 0, 0, 0, 3, 3, 1, 1, 1
0, 0, 0, 3, 3, 3, 1, 1, 1, 1
0, 0, 0, 0, 0, 3, 1, 1, 1, 1
0, 0, 0, 3, 3, 3, 3, 1, 1, 1
0, 0, 0, 0, 0, 3, 3, 1, 1, 1
0, 0, 0, 3, 3, 3, 1, 1, 1, 1
0, 0, 0, 0, 0, 0, 0, 0, 3, 3
0, 0, 0, 0, 0, 3, 1, 1, 1, 1
0, 0, 3, 3, 3, 3, 3, 3, 3, 3
0, 3, 3, 3, 3, 3, 3, 3, 3, 3
0, 3, 3, 3, 3, 3, 3, 3, 3, 3
0, 0, 0, 0, 0, 0, 0, 0, 0, 3
0, 3, 3, 3, 3, 3, 3, 3, 3, 3
0, 0, 3, 3, 3, 3, 3, 3, 3, 3
0, 0, 0, 0, 0, 0, 0, 3, 3, 3
0, 0, 0, 0, 0, 0, 0, 0, 3, 3
0, 0, 0, 3, 3, 3, 3, 3, 3, 3
0, 3, 2, 2, 2, 2, 2, 2, 2, 2
0, 0, 0, 3, 1, 1, 1, 1, 1, 1
0, 0, 0, 3, 1, 1, 1, 1, 1, 1
0, 3, 3, 3, 3, 3, 3, 3, 3, 3
0, 3, 3, 3, 3, 3, 3, 3, 3, 3
0, 0, 0, 0, 3, 3, 1, 1, 1, 1
0, 3, 3, 3, 3, 3, 3, 3, 3, 3
0, 0, 0, 0, 0, 3, 3, 1, 1, 1
0, 0, 3, 3, 3, 3, 3, 3, 3, 3
0, 0, 0, 0, 0, 3, 1, 1, 1, 1
0, 0, 0, 0, 0, 3, 3, 3, 3, 3
0, 0, 0, 0, 0, 0, 3, 3, 3, 1
0, 0, 3, 3, 3, 3, 3, 3, 3, 3
0, 0, 3, 3, 3, 3, 3, 3, 3, 3
0, 3, 3, 3, 3, 3, 3, 3, 3, 3
0, 0, 3, 3, 3, 3, 3, 3, 3, 3
0, 3, 3, 3, 3, 3, 3, 3, 3, 3
0, 3, 3, 3, 3, 3, 3, 3, 3, 3
0, 0, 0, 0, 0, 0, 0, 3, 3, 3
0, 0, 0, 0, 3, 3, 3, 3, 3, 3
0, 0, 0, 0, 3, 3, 3, 3, 3, 3
0, 0, 0, 0, 0, 0, 0, 3, 3, 3
0, 0, 0, 0, 0, 0, 3, 3, 3, 3
0, 0, 0, 0, 0, 0, 0, 3, 3, 3
0, 0, 0, 3, 3, 3, 3, 3, 3, 3
0, 0, 3, 3, 3, 3, 3, 3, 3, 3
0, 0, 0, 0, 0, 0, 0, 3, 3, 3
0, 0, 0, 3, 3, 3, 3, 3, 3, 3
0, 0, 0, 0, 0, 0, 3, 3, 3, 3
0, 0, 0, 3, 3, 3, 3, 1, 1, 1
0, 0, 0, 0, 3, 3, 3, 3, 3, 3
0, 3, 3, 3, 3, 3, 3, 3, 3, 3
0, 0, 0, 0, 0, 0, 0, 0, 0, 3
0, 0, 0, 0, 0, 0, 0, 0, 3, 3
0, 0, 0, 0, 0, 0, 0, 3, 3, 3
0, 0, 0, 0, 0, 0, 0, 3, 3, 3
0, 0, 0, 0, 0, 0, 0, 3, 3, 3
0, 0, 0, 0, 0, 0, 0, 3, 3, 3
0, 0, 0, 0, 0, 0, 0, 0, 0, 3
0, 0, 0, 0, 0, 0, 0, 3, 3, 3
0, 0, 0, 0, 0, 0, 0, 3, 3, 3
0, 0, 0, 0, 0, 0, 0, 3, 3, 3
0, 0, 0, 0, 0, 0, 0, 3, 3, 3
0, 0, 0, 0, 0, 0, 0, 3, 3, 3
0, 0, 0, 0, 0, 0, 0, 3, 3, 3
0, 0, 0, 0, 0, 0, 0, 3, 3, 3
0, 0, 0, 0, 0, 0, 0, 3, 3, 3
0, 0, 0, 0, 0, 0, 0, 0, 0, 3
0, 0, 0, 0, 0, 0, 0, 3, 3, 3
0, 0, 0, 0, 0, 0, 0, 3, 3, 3
0, 0, 0, 0, 0, 0, 0, 3, 3, 3
0, 0, 0, 0, 0, 0, 0, 3, 3, 3
0, 0, 0, 0, 0, 0, 0, 3, 3, 1
0, 0, 0, 0, 0, 0, 0, 0, 3, 3
0, 0, 0, 0, 0, 0, 0, 3, 3, 3
0, 0, 0, 0, 0, 0, 3, 3, 3, 3
0, 3, 3, 3, 3, 3, 3, 3, 3, 3
0, 3, 3, 3, 3, 3, 3, 3, 3, 3
0, 0, 0, 3, 3, 3, 3, 3, 3, 3
0, 0, 3, 3, 3, 3, 3, 3, 3, 3
0, 0, 0, 0, 0, 0, 0, 3, 3, 3
0, 0, 0, 0, 0, 0, 0, 3, 3, 3
0, 0, 0, 0, 0, 0, 0, 3, 3, 3
0, 0, 0, 0, 0, 0, 0, 3, 3, 3
0, 0, 0, 0, 0, 0, 0, 3, 3, 3
0, 0, 0, 0, 0, 0, 0, 3, 3, 3
0, 0, 0, 3, 3, 3, 3, 3, 3, 3
0, 0, 0, 0, 0, 0, 0, 3, 3, 3
0, 0, 0, 0, 0, 0, 0, 3, 3, 3
0, 0, 0, 0, 0, 0, 0, 3, 3, 3
0, 0, 0, 0, 0, 3, 3, 3, 3, 3
0, 0, 0, 0, 3, 3, 1, 1, 1, 1
0, 0, 0, 0, 0, 3, 1, 1, 1, 1
0, 0, 0, 3, 1, 1, 1, 1, 1, 1
0, 0, 3, 2, 2, 2, 2, 2, 2, 2
0, 3, 3, 3, 3, 3, 3, 3, 3, 3
0, 3, 3, 3, 3, 3, 3, 3, 3, 3
0, 0, 0, 0, 0, 0, 0, 0, 0, 3
0, 0, 0, 0, 0, 0, 3, 3, 3, 3
0, 0, 3, 2, 2, 2, 2, 2, 2, 2
0, 0, 0, 0, 0, 0, 0, 3, 3, 3
0, 0, 0, 0, 0, 0, 0, 0, 3, 3
0, 0, 0, 0, 0, 0, 0, 3, 3, 3
0, 0, 0, 0, 0, 0, 0, 0, 3, 3
0, 0, 0, 0, 0, 0, 0, 0, 3, 3
0, 0, 0, 0, 0, 0, 0, 0, 3, 3
0, 0, 0, 3, 3, 3, 3, 3, 3, 3
0, 0, 0, 3, 3, 3, 3, 3, 3, 3
0, 0, 0, 3, 3, 3, 3, 3, 1, 1
0, 3, 3, 3, 3, 3, 3, 3, 3, 3
0, 0, 3, 3, 3, 3, 3, 3, 3, 3
0, 0, 3, 3, 3, 3, 3, 3, 3, 3
0, 3, 3, 3, 3, 3, 3, 3, 3, 3
0, 0, 0, 3, 3, 3, 3, 3, 3, 3
0, 0, 0, 3, 3, 3, 3, 3, 1, 1
0, 0, 0, 0, 0, 3, 3, 1, 1, 1
0, 3, 3, 3, 3, 3, 3, 3, 3, 3
0, 0, 3, 3, 3, 3, 3, 3, 3, 3
0, 0, 0, 0, 3, 3, 1, 1, 1, 1
0, 3, 3, 3, 3, 3, 3, 3, 3, 3
0, 3, 3, 3, 3, 3, 3, 3, 3, 3
0, 0, 3, 3, 3, 3, 3, 3, 3, 3
0, 3, 3, 3, 3, 3, 3, 3, 3, 3
0, 3, 3, 3, 3, 3, 3, 3, 3, 3
0, 0, 0, 0, 3, 3, 3, 3, 3, 3
0, 0, 0, 0, 0, 3, 1, 1, 1, 1
0, 0, 0, 0, 0, 3, 1, 1, 1, 1
0, 0, 0, 0, 0, 0, 0, 0, 0, 3
0, 0, 0, 0, 0, 0, 0, 0, 0, 3
0, 0, 0, 0, 0, 0, 0, 0, 0, 3
0, 0, 0, 0, 0, 0, 0, 0, 0, 3
0, 3, 3, 3, 3, 3, 3, 3, 3, 3
0, 3, 3, 3, 3, 3, 3, 3, 3, 3
0, 3, 3, 3, 3, 3, 3, 3, 3, 3
0, 3, 3, 3, 3, 3, 3, 3, 3, 3
0, 3, 3, 3, 3, 3, 3, 3, 3, 3
0, 0, 0, 3, 3, 3, 3, 3, 3, 3
0, 0, 0, 3, 3, 3, 3, 3, 3, 3
0, 3, 3, 3, 3, 3, 3, 3, 3, 3
0, 0, 0, 3, 3, 3, 3, 1, 1, 1
0, 3, 3, 3, 3, 3, 3, 3, 3, 3
0, 0, 0, 0, 0, 0, 0, 3, 1, 1
0, 0, 0, 0, 3, 3, 3, 3, 3, 2
0, 3, 3, 3, 3, 3, 3, 3, 3, 3
0, 3, 3, 3, 3, 3, 3, 3, 3, 3
0, 3, 3, 3, 3, 3, 3, 3, 3, 3
0, 3, 3, 3, 3, 3, 3, 3, 3, 3
0, 3, 3, 3, 3, 3, 3, 3, 3, 1
0, 3, 3, 3, 3, 3, 3, 3, 3, 3
0, 0, 3, 3, 3, 3, 3, 3, 3, 3
0, 0, 0, 0, 0, 0, 0, 3, 3, 3
0, 0, 0, 0, 0, 0, 0, 3, 3, 3
0, 0, 0, 0, 0, 0, 0, 3, 3, 3
0, 0, 0, 0, 0, 0, 0, 3, 3, 3
0, 0, 0, 0, 0, 0, 0, 3, 3, 3
0, 0, 0, 0, 0, 0, 0, 3, 3, 3
0, 0, 0, 0, 0, 0, 0, 3, 3, 3
0, 0, 0, 0, 0, 0, 0, 3, 3, 3
0, 0, 0, 0, 0, 0, 0, 3, 3, 3
0, 0, 0, 0, 0, 0, 0, 0, 3, 3
0, 0, 0, 3, 3, 3, 3, 3, 3, 3
0, 0, 0, 0, 0, 0, 0, 3, 3, 3
0, 0, 0, 0, 0, 0, 0, 3, 3, 3
0, 0, 0, 0, 0, 0, 0, 3, 3, 3
0, 3, 3, 3, 3, 3, 3, 3, 3, 3
0, 0, 0, 0, 0, 3, 3, 1, 1, 1
0, 0, 0, 0, 3, 3, 3, 3, 3, 3
0, 0, 0, 3, 3, 3, 3, 3, 3, 1
0, 0, 0, 0, 3, 3, 3, 1, 1, 1
0, 0, 0, 0, 3, 3, 3, 3, 3, 3
0, 0, 0, 3, 3, 3, 3, 3, 3, 1
0, 0, 0, 0, 0, 0, 0, 3, 3, 3
0, 0, 0, 0, 0, 0, 0, 0, 0, 3
0, 0, 0, 0, 0, 0, 0, 3, 3, 3
