100, 200, 300, 400, 500, 600, 700, 800, 900, 1000
520.0, 492.0, 460.0, 365.0, 300.0, 221.0, 189.0, 54.0, 6.0, 0.0
0.0, 0.0, 0.0, 0.0, 5.0, 32.0, 56.0, 79.0, 105.0, 165.0
0.0, 0.0, 1.0, 2.0, 3.0, 8.0, 8.0, 8.0, 10.0, 10.0
0.0, 28.0, 59.0, 153.0, 212.0, 259.0, 267.0, 379.0, 399.0, 345.0
0, 0, 0, 3, 1, 1, 1, 1, 1, 1
0, 3, 3, 3, 3, 3, 3, 3, 3, 3
0, 0, 0, 0, 0, 0, 3, 3, 1, 1
0, 0, 0, 0, 0, 0, 0, 3, 3, 3
0, 0, 0, 0, 0, 0, 3, 1, 1, 1
0, 0, 3, 3, 3, 3, 3, 3, 3, 3
0, 0, 0, 0, 0, 0, 0, 0, 3, 1
0, 0, 0, 0, 0, 0, 3, 1, 1, 1
0, 0, 0, 0, 0, 0, 0, 3, 3, 1
0, 0, 0, 0, 0, 0, 0, 3, 3, 3
0, 0, 0, 0, 0, 0, 0, 3, 3, 3
0, 0, 0, 0, 0, 3, 3, 3, 3, 3
0, 0, 0, 0, 0, 3, 3, 3, 3, 3
0, 3, 3, 3, 3, 3, 3, 3, 3, 3
0, 0, 0, 0, 0, 0, 0, 3, 3, 3
0, 0, 0, 0, 0, 0, 0, 3, 3, 3
0, 0, 0, 0, 0, 0, 0, 3, 3, 3
0, 0, 3, 3, 3, 3, 3, 3, 3, 3
0, 0, 0, 0, 3, 1, 1, 1, 1, 1
0, 0, 0, 3, 3, 3, 3, 3, 3, 3
0, 0, 0, 3, 3, 3, 3, 3, 3, 3
0, 0, 0, 3, 3, 3, 3, 3, 3, 3
0, 0, 0, 3, 3, 3, 3, 3, 3, 3
0, 0, 0, 3, 3, 3, 3, 3, 1, 1
0, 0, 0, 3, 3, 3, 3, 3, 3, 3
0, 0, 0, 3, 3, 3, 3, 3, 3, 3
0, 0, 0, 0, 0, 3, 1, 1, 1, 1
0, 0, 0, 3, 3, 3, 3, 3, 3, 3
0, 0, 0, 3, 3, 3, 3, 1, 1, 1
0, 0, 0, 0, 0, 3, 1, 1, 1, 1
0, 0, 0, 3, 3, 3, 3, 3, 3, 3
0, 0, 0, 3, 3, 3, 3, 3, 3, 3
0, 0, 0, 3, 3, 3, 3, 3, 3, 3
0, 0, 0, 3, 3, 3, 3, 3, 3, 3
0, 0, 0, 3, 3, 3, 3, 3, 3, 1
0, 0, 0, 3, 3, 3, 3, 3, 1, 1
0, 0, 0, 0, 0, 0, 3, 1, 1, 1
0, 0, 0, 0, 0, 0, 3, 1, 1, 1
0, 0, 0, 0, 3, 3, 3, 3, 3, 3
0, 0, 0, 3, 3, 3, 3, 3, 3, 3
0, 0, 0, 0, 3, 3, 1, 1, 1, 1
0, 0, 0, 0, 3, 3, 1, 1, 1, 1
0, 0, 0, 0, 3, 3, 1, 1, 1, 1
0, 0, 0, 0, 3, 3, 1, 1, 1, 1
0, 0, 0, 3, 3, 3, 3, 3, 3, 3
0, 3, 3, 3, 3, 3, 3, 3, 3, 3
0, 0, 0, 0, 0, 3, 1, 1, 1, 1
0, 0, 0, 0, 3, 3, 1, 1, 1, 1
0, 0, 0, 3, 3, 3, 3, 3, 3, 3
0, 0, 0, 3, 3, 3, 1, 1, 1, 1
0, 0, 0, 3, 3, 3, 3, 3, 1, 1
0, 0, 0, 3, 3, 3, 3, 3, 3, 3
0, 0, 0, 0, 0, 3, 1, 1, 1, 1
0, 3, 3, 3, 3, 3, 3, 3, 3, 3
0, 0, 0, 0, 3, 3, 3, 1, 1, 1
0, 0, 0, 0, 0, 3, 3, 1, 1, 1
0, 0, 0, 0, 3, 3, 3, 1, 1, 1
0, 0, 0, 3, 3, 3, 1, 1, 1, 1
0, 0, 0, 3, 3, 3, 3, 3, 3, 3
0, 0, 0, 3, 3, 3, 3, 3, 3, 3
0, 0, 0, 0, 3, 3, 1, 1, 1, 1
0, 0, 0, 0, 0, 0, 0, 0, 3, 3
0, 3, 3, 3, 2, 2, 2, 2, 2, 2
0, 0, 0, 0, 0, 0, 0, 3, 3, 3
0, 0, 0, 0, 0, 0, 0, 0, 3, 3
0, 0, 0, 0, 0, 0, 0, 3, 3, 3
0, 0, 0, 0, 0, 3, 3, 3, 3, 3
0, 0, 0, 0, 3, 1, 1, 1, 1, 1
0, 0, 0, 0, 0, 0, 3, 3, 3, 1
0, 0, 3, 3, 3, 3, 3, 3, 3, 3
0, 0, 0, 0, 3, 3, 3, 3, 3, 3
0, 0, 0, 0, 0, 3, 3, 3, 3, 3
0, 0, 0, 0, 0, 3, 3, 3, 3, 3
0, 0, 3, 3, 3, 3, 3, 3, 3, 3
0, 0, 0, 0, 0, 0, 0, 3, 3, 3
0, 0, 0, 0, 0, 0, 0, 3, 3, 3
0, 0, 0, 0, 0, 0, 0, 3, 3, 3
0, 0, 0, 0, 0, 0, 0, 3, 3, 3
0, 0, 0, 0, 0, 0, 0, 3, 3, 3
0, 0, 0, 0, 0, 3, 3, 3, 1, 1
0, 0, 0, 0, 0, 3, 3, 3, 3, 1
0, 0, 3, 3, 3, 3, 3, 3, 3, 3
0, 0, 0, 0, 0, 0, 0, 3, 3, 3
0, 0, 0, 0, 0, 0, 0, 3, 3, 3
0, 0, 0, 0, 3, 3, 3, 3, 3, 3
0, 0, 0, 3, 3, 3, 3, 3, 3, 3
0, 0, 0, 3, 3, 3, 3, 3, 3, 3
0, 0, 0, 0, 0, 0, 0, 3, 3, 3
0, 0, 0, 0, 0, 0, 0, 3, 3, 3
0, 0, 0, 0, 0, 0, 0, 0, 3, 3
0, 0, 0, 0, 0, 0, 0, 3, 3, 3
0, 0, 0, 3, 3, 3, 3, 3, 3, 3
0, 0, 0, 0, 0, 0, 0, 3, 3, 3
0, 0, 0, 0, 0, 0, 0, 0, 0, 3
0, 0, 0, 0, 0, 0, 0, 3, 3, 3
0, 0, 0, 0, 0, 0, 0, 3, 3, 3
0, 0, 0, 0, 0, 0, 0, 0, 3, 1
0, 0, 0, 0, 0, 0, 0, 3, 3, 3
0, 0, 0, 0, 0, 0, 0, 0, 3, 1
0, 0, 0, 0, 0, 0, 0, 3, 3, 3
0, 0, 0, 0, 0, 0, 0, 0, 3, 1
0, 0, 0, 0, 0, 0, 0, 0, 3, 1
0, 0, 0, 0, 0, 0, 0, 3, 3, 3
0, 0, 0, 0, 0, 3, 3, 3, 3, 3
0, 0, 0, 0, 0, 0, 0, 0, 3, 1
0, 0, 0, 0, 0, 0, 0, 0, 3, 3
0, 0, 0, 0, 0, 0, 0, 3, 3, 3
0, 0, 0, 0, 0, 0, 0, 0, 3, 3
0, 0, 0, 0, 0, 0, 0, 3, 3, 3
0, 0, 0, 0, 3, 3, 1, 1, 1, 1
0, 3, 3, 3, 3, 3, 3, 3, 3, 3
0, 3, 3, 3, 3, 3, 3, 3, 3, 3
0, 0, 0, 3, 1, 1, 1, 1, 1, 1
0, 0, 0, 0, 0, 3, 3, 3, 3, 1
0, 0, 0, 3, 3, 3, 3, 1, 1, 1
0, 0, 0, 0, 3, 3, 1, 1, 1, 1
0, 0, 0, 0, 3, 1, 1, 1, 1, 1
0, 0, 0, 0, 0, 3, 3, 3, 3, 3
0, 0, 0, 3, 3, 1, 1, 1, 1, 1
0, 3, 3, 3, 3, 3, 3, 3, 3, 3
0, 3, 3, 3, 3, 3, 3, 3, 3, 3
0, 0, 0, 0, 0, 0, 0, 0, 3, 1
0, 0, 0, 0, 0, 0, 0, 0, 3, 3
0, 0, 3, 3, 3, 3, 3, 3, 3, 3
0, 0, 0, 0, 0, 0, 0, 3, 3, 3
0, 0, 0, 0, 0, 3, 3, 3, 3, 3
0, 0, 0, 0, 0, 3, 3, 3, 3, 3
0, 0, 0, 0, 0, 3, 3, 3, 3, 1
0, 0, 0, 0, 0, 0, 0, 3, 3, 3
0, 0, 0, 0, 0, 0, 0, 3, 3, 3
0, 0, 0, 0, 0, 0, 3, 3, 3, 1
0, 0, 0, 0, 0, 3, 3, 3, 3, 1
0, 0, 0, 0, 3, 1, 1, 1, 1, 1
0, 0, 0, 0, 3, 1, 1, 1, 1, 1
0, 0, 0, 0, 0, 0, 0, 3, 3, 1
0, 0, 0, 0, 0, 3, 3, 3, 1, 1
0, 0, 0, 0, 0, 0, 3, 3, 3, 1
0, 0, 0, 0, 0, 0, 0, 3, 3, 3
0, 0, 0, 0, 0, 0, 0, 0, 3, 3
0, 0, 0, 0, 0, 0, 0, 0, 3, 3
0, 0, 0, 0, 0, 0, 0, 3, 3, 3
0, 0, 0, 0, 0, 0, 0, 3, 3, 3
0, 0, 0, 0, 0, 0, 3, 1, 1, 1
0, 0, 0, 0, 0, 0, 0, 3, 3, 3
0, 0, 0, 0, 0, 3, 3, 3, 3, 3
0, 0, 0, 0, 0, 3, 3, 3, 3, 3
0, 0, 3, 3, 3, 3, 3, 3, 2, 2
0, 0, 0, 0, 0, 0, 3, 3, 3, 1
0, 0, 0, 0, 0, 3, 3, 3, 3, 3
0, 0, 0, 0, 3, 1, 1, 1, 1, 1
0, 0, 0, 0, 3, 3, 3, 3, 3, 3
0, 0, 0, 0, 3, 3, 3, 1, 1, 1
0, 0, 3, 3, 3, 3, 3, 3, 3, 3
0, 0, 0, 0, 3, 1, 1, 1, 1, 1
0, 0, 0, 0, 0, 3, 3, 3, 3, 3
0, 0, 0, 0, 0, 3, 3, 3, 1, 1
0, 0, 0, 0, 0, 0, 0, 3, 3, 3
0, 0, 0, 0, 0, 3, 3, 3, 3, 3
0, 0, 0, 0, 0, 3, 3, 3, 3, 1
0, 0, 0, 0, 0, 0, 0, 3, 3, 3
0, 0, 0, 0, 0, 3, 3, 3, 3, 1
0, 0, 0, 0, 0, 0, 0, 3, 3, 3
0, 0, 0, 0, 3, 1, 1, 1, 1, 1
0, 0, 0, 0, 0, 3, 3, 3, 3, 3
0, 0, 0, 0, 0, 3, 3, 3, 3, 3
0, 0, 0, 0, 0, 3, 3, 3, 3, 3
0, 0, 0, 0, 0, 3, 3, 3, 3, 1
0, 0, 0, 0, 0, 3, 3, 3, 3, 1
0, 0, 0, 0, 0, 3, 3, 3, 3, 1
0, 0, 0, 3, 1, 1, 1, 1, 1, 1
0, 0, 0, 0, 3, 3, 1, 1, 1, 1
0, 0, 0, 0, 3, 1, 1, 1, 1, 1
0, 0, 0, 0, 0, 3, 3, 3, 3, 3
0, 0, 0, 0, 0, 0, 0, 3, 3, 3
0, 0, 0, 0, 0, 3, 3, 3, 3, 3
0, 0, 0, 0, 0, 3, 3, 3, 1, 1
0, 0, 0, 0, 0, 3, 3, 3, 1, 1
0, 0, 0, 0, 3, 3, 3, 3, 3, 3
0, 0, 0, 0, 3, 1, 1, 1, 1, 1
0, 0, 0, 0, 0, 0, 0, 3, 3, 3
0, 0, 0, 0, 3, 1, 1, 1, 1, 1
0, 0, 0, 3, 3, 3, 3, 3, 1, 1
0, 0, 0, 3, 3, 3, 3, 3, 1, 1
0, 0, 0, 0, 0, 0, 0, 3, 3, 3
0, 0, 0, 0, 0, 0, 0, 0, 3, 3
0, 0, 0, 0, 0, 3, 3, 3, 3, 3
0, 0, 3, 3, 3, 2, 2, 2, 2, 2
0, 0, 3, 3, 3, 3, 3, 3, 3, 3
0, 3, 3, 3, 3, 3, 3, 3, 3, 3
0, 0, 0, 0, 0, 3, 3, 3, 3, 3
0, 0, 0, 3, 3, 3, 1, 1, 1, 1
0, 0, 0, 3, 3, 3, 3, 3, 1, 1
0, 0, 0, 3, 3, 3, 3, 3, 1, 1
0, 0, 0, 0, 0, 0, 0, 0, 3, 3
0, 0, 0, 0, 0, 0, 0, 0, 3, 3
0, 0, 0, 0, 0, 0, 0, 0, 3, 1
0, 0, 0, 0, 0, 0, 0, 0, 3, 1
0, 0, 0, 0, 0, 0, 0, 0, 3, 1
0, 0, 3, 3, 3, 3, 3, 3, 3, 3
0, 0, 0, 0, 3, 3, 3, 3, 3, 3
0, 0, 0, 3, 3, 1, 1, 1, 1, 1
0, 0, 3, 3, 3, 3, 3, 3, 3, 3
0, 0, 3, 3, 3, 3, 3, 3, 2, 2
0, 0, 0, 0, 3, 3, 3, 3, 3, 3
0, 3, 3, 3, 3, 3, 3, 3, 3, 3
0, 0, 3, 3, 3, 3, 3, 3, 3, 3
0, 0, 0, 3, 3, 3, 3, 3, 3, 3
0, 0, 3, 3, 3, 3, 3, 3, 3, 3
0, 0, 0, 0, 0, 0, 0, 3, 3, 3
0, 0, 0, 0, 0, 3, 3, 3, 3, 3
0, 0, 0, 0, 0, 3, 3, 3, 3, 1
0, 0, 0, 0, 0, 0, 0, 0, 3, 3
0, 0, 0, 0, 0, 0, 0, 0, 3, 3
0, 0, 0, 0, 0, 0, 0, 3, 3, 3
0, 0, 0, 0, 0, 0, 3, 3, 3, 3
0, 0, 0, 0, 0, 0, 0, 0, 3, 3
0, 0, 0, 0, 0, 0, 0, 0, 3, 3
0, 0, 0, 0, 0, 0, 3, 3, 3, 3
0, 0, 0, 0, 3, 1, 1, 1, 1, 1
0, 0, 3, 3, 3, 2, 2, 2, 2, 2
0, 0, 0, 0, 0, 0, 0, 3, 3, 3
0, 0, 0, 0, 0, 0, 0, 3, 3, 3
0, 0, 0, 0, 0, 0, 0, 3, 3, 3
0, 0, 0, 0, 0, 0, 0, 3, 3, 3
0, 0, 0, 0, 0, 0, 0, 0, 3, 3
0, 0, 0, 0, 0, 0, 0, 3, 3, 3
0, 0, 0, 0, 3, 1, 1, 1, 1, 1
0, 0, 0, 0, 0, 3, 3, 3, 1, 1
0, 0, 0, 0, 0, 0, 3, 3, 1, 1
0, 0, 0, 3, 3, 3, 3, 3, 3, 3
0, 0, 0, 0, 0, 0, 3, 1, 1, 1
0, 0, 0, 3, 3, 3, 3, 3, 3, 3
0, 0, 0, 3, 3, 3, 3, 3, 3, 3
0, 0, 0, 3, 3, 3, 3, 3, 3, 3
0, 0, 0, 0, 0, 3, 3, 3, 3, 1
0, 0, 0, 3, 3, 3, 3, 3, 3, 3
0, 0, 0, 0, 0, 0, 0, 0, 3, 1
0, 0, 0, 3, 3, 3, 3, 3, 3, 3
0, 0, 0, 3, 3, 3, 3, 3, 3, 3
0, 0, 0, 3, 1, 1, 1, 1, 1, 1
0, 0, 0, 0, 0, 0, 3, 3, 3, 1
0, 0, 0, 0, 3, 3, 3, 1, 1, 1
0, 0, 0, 0, 0, 3, 3, 3, 3, 3
0, 0, 0, 0, 0, 3, 3, 3, 3, 3
0, 0, 0, 0, 3, 3, 3, 3, 3, 3
0, 0, 0, 0, 3, 1, 1, 1, 1, 1
0, 0, 0, 0, 0, 3, 3, 3, 3, 3
0, 0, 0, 0, 0, 3, 3, 3, 1, 1
0, 0, 0, 0, 0, 0, 0, 3, 3, 3
0, 0, 3, 2, 2, 2, 2, 2, 2, 2
0, 0, 0, 0, 0, 0, 0, 0, 3, 1
0, 0, 0, 0, 3, 3, 3, 3, 3, 3
0, 0, 0, 0, 0, 3, 3, 3, 3, 3
0, 0, 0, 0, 0, 0, 3, 3, 1, 1
0, 0, 0, 0, 3, 1, 1, 1, 1, 1
0, 0, 0, 0, 0, 3, 3, 3, 3, 1
0, 0, 0, 3, 1, 1, 1, 1, 1, 1
0, 0, 0, 0, 0, 3, 3, 3, 1, 1
0, 0, 0, 0, 3, 1, 1, 1, 1, 1
0, 0, 0, 3, 3, 3, 3, 3, 3, 3
0, 0, 3, 3, 3, 3, 3, 3, 3, 3
0, 0, 0, 3, 3, 3, 3, 1, 1, 1
0, 0, 0, 0, 0, 0, 0, 0, 3, 1
0, 0, 0, 0, 3, 1, 1, 1, 1, 1
0, 0, 0, 0, 0, 0, 0, 3, 3, 3
0, 0, 0, 0, 3, 3, 3, 3, 3, 3
0, 0, 0, 3, 3, 3, 3, 3, 3, 3
0, 0, 0, 3, 3, 3, 3, 3, 3, 3
0, 0, 0, 3, 3, 3, 3, 3, 3, 3
0, 3, 3, 3, 3, 3, 3, 3, 3, 3
0, 0, 0, 3, 3, 3, 3, 3, 3, 3
0, 0, 0, 3, 3, 3, 3, 3, 3, 3
0, 0, 0, 3, 3, 3, 3, 3, 3, 3
0, 3, 3, 3, 3, 3, 3, 3, 3, 3
0, 0, 0, 3, 3, 3, 3, 1, 1, 1
0, 0, 0, 3, 3, 3, 3, 3, 3, 3
0, 0, 0, 0, 3, 3, 1, 1, 1, 1
0, 0, 0, 3, 3, 3, 3, 3, 3, 3
0, 0, 0, 3, 3, 3, 3, 3, 3, 3
0, 3, 3, 3, 3, 3, 3, 3, 3, 3
0, 0, 0, 0, 0, 0, 0, 3, 3, 3
0, 0, 0, 0, 0, 0, 0, 3, 3, 3
0, 0, 0, 0, 0, 0, 0, 3, 3, 3
0, 0, 0, 0, 0, 0, 0, 3, 3, 3
0, 3, 3, 3, 3, 3, 3, 3, 3, 3
0, 0, 0, 0, 0, 0, 0, 3, 3, 3
0, 0, 0, 0, 0, 3, 3, 3, 3, 3
0, 0, 0, 3, 3, 3, 3, 3, 3, 3
0, 0, 0, 0, 0, 0, 0, 3, 3, 3
0, 0, 0, 0, 0, 0, 0, 3, 3, 3
0, 0, 3, 3, 3, 2, 2, 2, 2, 2
0, 0, 3, 3, 3, 2, 2, 2, 2, 2
0, 0, 0, 0, 0, 3, 3, 3, 3, 1
0, 0, 0, 0, 0, 3, 3, 3, 3, 3
0, 0, 0, 0, 0, 3, 1, 1, 1, 1
0, 0, 0, 0, 0, 0, 3, 3, 1, 1
0, 0, 0, 3, 3, 3, 3, 3, 3, 3
0, 0, 0, 3, 3, 3, 3, 3, 3, 3
0, 0, 0, 3, 3, 3, 3, 3, 3, 3
0, 0, 0, 3, 3, 3, 3, 3, 3, 3
0, 0, 0, 3, 3, 3, 3, 3, 3, 3
0, 0, 0, 3, 3, 3, 3, 3, 3, 3
0, 0, 0, 0, 3, 1, 1, 1, 1, 1
0, 0, 0, 0, 0, 0, 0, 3, 3, 3
0, 0, 0, 0, 0, 0, 0, 3, 3, 3
0, 0, 0, 0, 0, 0, 0, 3, 3, 3
0, 0, 0, 0, 0, 0, 0, 0, 0, 3
0, 0, 0, 0, 0, 0, 0, 0, 0, 3
0, 0, 0, 0, 0, 0, 0, 3, 3, 3
0, 0, 0, 0, 3, 3, 3, 3, 3, 3
0, 0, 0, 0, 0, 0, 0, 3, 3, 3
0, 0, 0, 0, 3, 3, 3, 3, 3, 3
0, 0, 0, 0, 0, 0, 0, 0, 3, 1
0, 0, 0, 0, 0, 3, 3, 3, 3, 1
0, 0, 0, 0, 0, 0, 0, 3, 3, 3
0, 0, 0, 0, 0, 0, 0, 3, 3, 3
0, 0, 3, 3, 3, 3, 3, 3, 3, 3
0, 0, 0, 0, 0, 0, 0, 0, 3, 3
0, 0, 0, 0, 0, 0, 0, 3, 3, 3
0, 0, 0, 0, 0, 0, 0, 3, 3, 3
0, 0, 0, 0, 0, 0, 0, 3, 3, 3
0, 0, 0, 0, 0, 0, 0, 3, 3, 3
0, 0, 0, 0, 0, 0, 0, 3, 3, 3
0, 0, 0, 3, 3, 3, 3, 3, 3, 3
0, 3, 3, 3, 3, 3, 3, 3, 3, 3
0, 0, 0, 3, 3, 3, 3, 3, 3, 3
0, 0, 0, 0, 0, 0, 3, 1, 1, 1
0, 0, 0, 3, 3, 3, 3, 1, 1, 1
0, 0, 0, 0, 3, 1, 1, 1, 1, 1
0, 3, 3, 3, 3, 3, 3, 3, 3, 3
0, 0, 0, 0, 3, 3, 1, 1, 1, 1
0, 0, 0, 0, 0, 0, 0, 3, 3, 3
0, 3, 2, 2, 2, 2, 2, 2, 2, 2
0, 0, 0, 3, 3, 3, 3, 3, 3, 3
0, 0, 3, 3, 3, 3, 3, 3, 3, 3
0, 0, 0, 0, 0, 3, 3, 3, 3, 1
0, 0, 0, 0, 0, 0, 0, 3, 3, 3
0, 3, 3, 3, 3, 3, 3, 3, 3, 3
0, 0, 0, 0, 0, 0, 0, 3, 3, 3
0, 0, 0, 0, 0, 0, 3, 3, 3, 1
0, 0, 3, 3, 3, 3, 3, 3, 3, 3
0, 0, 0, 0, 0, 3, 3, 3, 3, 1
0, 0, 0, 0, 3, 3, 3, 3, 3, 3
0, 0, 0, 0, 0, 3, 3, 3, 1, 1
0, 0, 0, 0, 0, 0, 3, 3, 3, 1
0, 0, 0, 0, 0, 3, 3, 3, 3, 3
0, 0, 0, 0, 0, 0, 3, 3, 3, 1
0, 0, 0, 0, 3, 3, 3, 3, 3, 3
0, 0, 3, 3, 3, 3, 3, 3, 3, 3
0, 0, 3, 3, 3, 3, 3, 3, 3, 3
0, 0, 0, 0, 0, 0, 0, 3, 3, 3
0, 0, 0, 0, 0, 0, 0, 3, 1, 1
0, 0, 0, 0, 0, 0, 0, 0, 3, 1
0, 0, 0, 0, 0, 0, 0, 0, 3, 1
0, 0, 3, 3, 3, 3, 3, 3, 3, 3
0, 0, 0, 0, 0, 0, 3, 3, 3, 1
0, 0, 0, 0, 0, 0, 0, 3, 3, 3
0, 3, 3, 3, 3, 3, 3, 3, 3, 3
0, 0, 0, 0, 0, 0, 0, 3, 3, 3
0, 0, 3, 3, 3, 3, 3, 3, 3, 3
0, 0, 0, 3, 3, 3, 3, 3, 1, 1
0, 0, 0, 0, 3, 1, 1, 1, 1, 1
0, 0, 0, 0, 0, 0, 0, 3, 3, 1
0, 0, 0, 0, 0, 0, 0, 3, 3, 3
0, 0, 0, 0, 0, 0, 0, 3, 3, 3
0, 0, 0, 0, 0, 0, 0, 3, 3, 3
0, 0, 0, 3, 3, 3, 3, 3, 3, 3
0, 0, 0, 0, 0, 3, 3, 3, 3, 3
0, 0, 0, 0, 0, 0, 3, 3, 3, 3
0, 0, 0, 0, 0, 0, 0, 0, 3, 1
0, 0, 0, 0, 0, 0, 0, 0, 3, 1
0, 0, 0, 0, 3, 3, 3, 3, 3, 3
0, 0, 0, 0, 3, 3, 3, 3, 3, 3
0, 0, 0, 0, 0, 3, 3, 3, 3, 3
0, 0, 0, 0, 3, 1, 1, 1, 1, 1
0, 0, 0, 0, 0, 0, 3, 1, 1, 1
0, 0, 0, 0, 3, 1, 1, 1, 1, 1
0, 0, 0, 0, 0, 0, 3, 3, 3, 1
0, 0, 0, 0, 0, 3, 3, 3, 3, 3
0, 0, 0, 0, 0, 3, 3, 3, 3, 1
0, 0, 0, 0, 0, 0, 0, 0, 3, 1
0, 0, 0, 0, 0, 0, 0, 3, 3, 1
0, 0, 0, 0, 0, 0, 0, 0, 3, 1
0, 0, 0, 0, 0, 0, 0, 0, 3, 1
0, 0, 0, 0, 0, 3, 1, 1, 1, 1
0, 0, 0, 3, 3, 3, 3, 1, 1, 1
0, 3, 3, 3, 3, 3, 3, 3, 3, 3
0, 0, 0, 3, 3, 3, 3, 1, 1, 1
0, 0, 0, 0, 0, 0, 0, 3, 3, 3
0, 0, 0, 0, 0, 0, 0, 3, 3, 3
0, 0, 0, 3, 3, 3, 3, 3, 3, 3
0, 0, 0, 0, 3, 1, 1, 1, 1, 1
0, 0, 0, 3, 3, 3, 3, 3, 3, 3
0, 0, 0, 0, 0, 0, 0, 3, 3, 3
0, 0, 0, 0, 3, 1, 1, 1, 1, 1
0, 3, 3, 3, 3, 3, 3, 3, 3, 3
0, 0, 0, 0, 0, 0, 3, 3, 3, 1
0, 0, 0, 0, 0, 0, 0, 3, 3, 3
0, 0, 0, 0, 0, 3, 3, 3, 3, 3
0, 3, 3, 3, 3, 3, 3, 3, 3, 3
0, 0, 0, 0, 0, 3, 3, 3, 1, 1
0, 3, 3, 3, 3, 3, 3, 3, 3, 3
0, 0, 3, 3, 3, 3, 3, 3, 3, 3
0, 0, 0, 0, 0, 3, 3, 3, 1, 1
0, 0, 0, 3, 3, 3, 3, 3, 3, 3
0, 0, 0, 0, 0, 3, 3, 3, 3, 3
0, 0, 0, 0, 0, 0, 0, 3, 3, 3
0, 0, 0, 0, 3, 3, 3, 3, 3, 3
0, 0, 0, 3, 3, 3, 3, 3, 3, 3
0, 0, 0, 0, 0, 0, 0, 3, 3, 3
0, 0, 0, 0, 0, 0, 3, 3, 3, 3
0, 0, 0, 0, 0, 0, 0, 3, 3, 3
0, 0, 0, 0, 3, 3, 3, 3, 3, 3
0, 0, 0, 0, 0, 3, 3, 3, 3, 3
0, 0, 0, 0, 0, 0, 3, 3, 3, 3
0, 0, 0, 0, 0, 3, 3, 3, 3, 3
0, 0, 0, 0, 0, 0, 0, 0, 0, 3
0, 0, 0, 0, 0, 0, 0, 3, 3, 3
0, 0, 0, 0, 0, 0, 0, 0, 3, 3
0, 0, 0, 0, 0, 0, 0, 0, 0, 3
0, 0, 0, 0, 0, 0, 0, 3, 3, 3
0, 0, 0, 0, 0, 0, 0, 0, 3, 3
0, 0, 0, 0, 0, 0, 0, 3, 3, 1
0, 0, 0, 3, 3, 3, 3, 3, 3, 3
0, 0, 0, 0, 3, 3, 3, 3, 3, 3
0, 0, 0, 0, 0, 0, 0, 0, 3, 3
0, 0, 0, 0, 0, 3, 3, 3, 3, 3
0, 0, 0, 0, 0, 0, 0, 3, 3, 3
0, 0, 0, 0, 0, 0, 0, 3, 3, 3
0, 0, 0, 0, 0, 0, 0, 3, 3, 3
0, 0, 0, 0, 0, 0, 0, 3, 3, 3
0, 0, 0, 0, 0, 0, 0, 3, 3, 3
0, 0, 0, 0, 0, 0, 0, 3, 3, 3
0, 0, 0, 0, 0, 0, 0, 3, 3, 3
0, 0, 0, 0, 0, 0, 0, 3, 3, 3
0, 0, 0, 0, 0, 0, 0, 3, 3, 3
0, 0, 0, 0, 0, 0, 0, 3, 3, 3
0, 0, 0, 0, 0, 0, 0, 3, 3, 3
0, 0, 0, 0, 0, 0, 0, 3, 3, 3
0, 0, 0, 0, 0, 0, 0, 3, 3, 3
0, 0, 0, 0, 0, 0, 0, 0, 3, 3
0, 0, 0, 0, 0, 0, 0, 3, 3, 3
0, 0, 3, 3, 3, 3, 3, 3, 3, 3
0, 0, 0, 3, 3, 1, 1, 1, 1, 1
0, 0, 0, 0, 0, 0, 0, 3, 3, 3
0, 0, 0, 0, 0, 0, 0, 3, 3, 3
0, 0, 0, 0, 0, 0, 0, 3, 3, 3
0, 0, 0, 0, 0, 0, 0, 3, 3, 3
0, 0, 0, 0, 0, 0, 0, 3, 3, 3
0, 0, 0, 0, 0, 0, 0, 3, 3, 3
0, 0, 0, 0, 0, 0, 0, 3, 3, 3
0, 0, 0, 0, 0, 0, 0, 3, 3, 3
0, 0, 0, 0, 0, 0, 0, 3, 3, 3
0, 0, 0, 0, 0, 0, 0, 3, 3, 3
0, 0, 0, 0, 3, 3, 3, 3, 3, 3
0, 0, 0, 0, 3, 3, 3, 3, 3, 3
0, 0, 0, 0, 0, 3, 3, 3, 3, 3
0, 0, 0, 0, 0, 3, 3, 3, 3, 3
0, 0, 0, 0, 0, 0, 0, 0, 3, 3
0, 0, 0, 0, 0, 0, 0, 0, 3, 1
0, 0, 0, 0, 0, 0, 0, 3, 3, 3
0, 0, 0, 0, 0, 0, 0, 3, 3, 3
0, 0, 0, 0, 0, 0, 0, 3, 3, 3
0, 0, 0, 0, 0, 0, 0, 3, 3, 3
0, 0, 0, 0, 0, 0, 0, 3, 3, 3
0, 0, 0, 0, 0, 0, 0, 3, 3, 3
0, 0, 0, 0, 0, 0, 0, 3, 3, 3
0, 0, 0, 0, 0, 0, 0, 3, 3, 1
0, 0, 0, 0, 0, 0, 0, 3, 3, 3
0, 0, 0, 0, 0, 0, 0, 3, 3, 3
0, 0, 0, 0, 0, 0, 0, 0, 3, 3
0, 0, 0, 0, 0, 0, 0, 0, 3, 3
0, 0, 0, 0, 0, 0, 0, 0, 3, 3
0, 0, 0, 0, 0, 0, 3, 3, 3, 3
0, 0, 0, 0, 0, 0, 3, 3, 1, 1
0, 0, 0, 3, 3, 3, 3, 3, 3, 3
0, 0, 0, 0, 3, 3, 3, 3, 3, 3
0, 0, 0, 3, 3, 3, 3, 3, 3, 3
0, 0, 0, 3, 3, 3, 3, 3, 3, 3
0, 0, 0, 0, 0, 0, 3, 1, 1, 1
0, 0, 0, 3, 3, 3, 3, 3, 3, 1
0, 3, 3, 3, 3, 3, 3, 3, 3, 3
0, 0, 0, 3, 3, 3, 3, 3, 3, 3
0, 0, 0, 3, 3, 3, 1, 1, 1, 1
0, 0, 0, 3, 3, 3, 3, 3, 3, 3
0, 0, 0, 3, 3, 3, 3, 3, 3, 3
0, 0, 3, 3, 3, 3, 3, 3, 3, 3
0, 0, 0, 3, 3, 3, 3, 3, 3, 3
0, 0, 0, 3, 3, 3, 3, 3, 3, 3
0, 0, 3, 3, 3, 3, 3, 3, 3, 3
0, 3, 3, 3, 3, 3, 3, 3, 3, 3
0, 0, 0, 0, 3, 3, 1, 1, 1, 1
0, 0, 0, 0, 0, 3, 1, 1, 1, 1
0, 0, 0, 0, 0, 3, 1, 1, 1, 1
0, 0, 3, 3, 3, 3, 3, 3, 3, 3
0, 0, 0, 3, 3, 3, 3, 3, 3, 3
0, 0, 0, 0, 0, 3, 3, 3, 3, 3
0, 0, 0, 0, 0, 0, 0, 0, 3, 1
0, 0, 0, 0, 3, 3, 3, 3, 3, 3
0, 0, 0, 0, 3, 3, 3, 3, 3, 3
0, 3, 3, 3, 3, 2, 2, 2, 2, 2
0, 0, 0, 0, 3, 3, 3, 3, 3, 3
0, 0, 0, 3, 3, 3, 3, 3, 3, 3
0, 0, 0, 0, 0, 3, 3, 3, 3, 3
0, 0, 0, 0, 0, 0, 0, 3, 3, 3
0, 0, 0, 0, 0, 0, 0, 3, 3, 3
0, 0, 0, 0, 0, 0, 0, 0, 0, 3
0, 0, 0, 0, 0, 0, 0, 3, 3, 3
0, 0, 0, 0, 0, 0, 0, 3, 3, 3
0, 0, 0, 0, 0, 0, 0, 3, 3, 3
0, 0, 0, 0, 0, 0, 0, 3, 3, 3
0, 0, 0, 0, 0, 0, 0, 3, 3, 3
0, 0, 0, 0, 0, 0, 0, 3, 3, 3
0, 0, 0, 0, 0, 0, 0, 3, 3, 3
0, 0, 0, 0, 0, 0, 0, 3, 3, 3
0, 0, 0, 0, 0, 3, 3, 3, 3, 1
0, 0, 0, 0, 0, 0, 3, 1, 1, 1
0, 3, 3, 3, 3, 3, 3, 3, 3, 3
0, 0, 0, 3, 3, 3, 3, 3, 1, 1
0, 0, 0, 3, 3, 3, 3, 1, 1, 1
