100, 200, 300, 400, 500, 600, 700, 800, 900
1032.0, 900.0, 894.0, 488.0, 345.0, 231.0, 78.0, 47.0, 0.0
0.0, 0.0, 0.0, 0.0, 8.0, 33.0, 133.0, 360.0, 360.0
0.0, 0.0, 0.0, 0.0, 0.0, 1.0, 6.0, 6.0, 6.0
0.0, 132.0, 138.0, 544.0, 679.0, 767.0, 815.0, 619.0, 666.0
0, 0, 0, 0, 0, 0, 3, 1, 1
0, 0, 0, 0, 0, 3, 3, 3, 3
0, 0, 0, 0, 0, 0, 3, 1, 1
0, 0, 0, 3, 3, 3, 3, 1, 1
0, 0, 0, 0, 0, 0, 3, 3, 3
0, 0, 0, 3, 3, 3, 3, 1, 1
0, 0, 0, 0, 0, 0, 3, 3, 3
0, 0, 0, 0, 3, 3, 3, 3, 3
0, 0, 0, 3, 3, 3, 3, 3, 3
0, 0, 0, 3, 3, 3, 3, 3, 3
0, 0, 0, 3, 3, 3, 3, 3, 3
0, 0, 0, 3, 3, 3, 3, 3, 3
0, 0, 0, 3, 3, 3, 1, 1, 1
0, 3, 3, 3, 3, 3, 3, 3, 3
0, 0, 0, 0, 0, 3, 3, 3, 3
0, 0, 0, 0, 3, 3, 3, 3, 3
0, 0, 0, 3, 3, 3, 3, 3, 3
0, 0, 0, 0, 0, 0, 0, 0, 3
0, 0, 0, 0, 0, 0, 0, 0, 3
0, 0, 0, 3, 3, 3, 2, 2, 2
0, 0, 0, 0, 3, 3, 2, 2, 2
0, 3, 3, 3, 3, 3, 3, 3, 3
0, 0, 0, 3, 3, 3, 3, 3, 3
0, 0, 0, 3, 3, 3, 3, 1, 1
0, 0, 0, 3, 3, 3, 3, 3, 3
0, 0, 0, 3, 3, 3, 3, 3, 3
0, 0, 0, 0, 3, 3, 1, 1, 1
0, 0, 0, 3, 3, 3, 3, 3, 3
0, 0, 0, 3, 3, 3, 3, 3, 3
0, 0, 0, 3, 3, 3, 3, 3, 3
0, 0, 0, 0, 0, 0, 0, 3, 3
0, 0, 0, 3, 3, 3, 3, 3, 3
0, 0, 0, 0, 0, 0, 0, 3, 3
0, 0, 0, 0, 3, 3, 3, 1, 1
0, 3, 3, 3, 3, 3, 3, 3, 3
0, 0, 0, 3, 3, 3, 3, 1, 1
0, 0, 0, 3, 3, 3, 3, 1, 1
0, 0, 0, 3, 3, 3, 3, 3, 3
0, 0, 0, 3, 3, 3, 3, 3, 3
0, 0, 0, 0, 0, 0, 3, 3, 3
0, 0, 0, 3, 3, 3, 3, 3, 3
0, 0, 0, 0, 3, 1, 1, 1, 1
0, 0, 0, 0, 0, 0, 3, 1, 1
0, 0, 0, 3, 3, 3, 3, 3, 3
0, 0, 0, 0, 0, 0, 0, 0, 3
0, 0, 0, 0, 0, 3, 3, 3, 3
0, 0, 0, 0, 0, 0, 3, 3, 3
0, 0, 0, 0, 0, 0, 0, 0, 3
0, 0, 3, 3, 3, 3, 3, 3, 3
0, 0, 0, 3, 3, 3, 3, 1, 1
0, 0, 0, 0, 0, 0, 3, 1, 1
0, 0, 0, 0, 0, 0, 3, 1, 1
0, 0, 0, 3, 3, 3, 3, 3, 3
0, 0, 0, 0, 0, 0, 3, 1, 1
0, 0, 0, 0, 0, 0, 0, 0, 3
0, 0, 0, 0, 3, 3, 3, 3, 3
0, 0, 0, 0, 3, 3, 3, 3, 3
0, 0, 0, 0, 0, 3, 3, 3, 3
0, 3, 3, 3, 3, 3, 3, 3, 3
0, 0, 0, 0, 0, 3, 1, 1, 1
0, 0, 0, 0, 0, 3, 3, 1, 1
0, 0, 0, 0, 0, 0, 3, 3, 3
0, 3, 3, 3, 3, 3, 3, 3, 3
0, 0, 0, 3, 3, 3, 1, 1, 1
0, 0, 0, 0, 0, 0, 3, 1, 1
0, 0, 0, 3, 3, 3, 3, 3, 3
0, 0, 0, 0, 0, 0, 3, 1, 1
0, 0, 0, 3, 3, 3, 3, 3, 3
0, 0, 0, 0, 0, 0, 3, 1, 1
0, 3, 3, 3, 3, 3, 3, 3, 3
0, 0, 0, 0, 0, 3, 3, 3, 3
0, 0, 0, 0, 0, 3, 3, 3, 3
0, 0, 0, 3, 3, 3, 3, 3, 3
0, 3, 3, 3, 3, 3, 3, 3, 3
0, 0, 0, 3, 3, 3, 3, 3, 3
0, 0, 0, 3, 3, 3, 3, 3, 3
0, 0, 0, 0, 0, 0, 3, 1, 1
0, 0, 0, 0, 0, 0, 3, 1, 1
0, 3, 3, 3, 3, 3, 3, 3, 3
0, 0, 0, 0, 0, 0, 3, 1, 1
0, 0, 0, 3, 3, 3, 3, 3, 3
0, 3, 3, 3, 3, 3, 3, 3, 3
0, 0, 0, 0, 0, 0, 0, 0, 3
0, 0, 0, 3, 3, 3, 3, 3, 3
0, 0, 0, 0, 0, 0, 0, 0, 3
0, 0, 0, 3, 3, 3, 3, 3, 3
0, 0, 0, 0, 0, 0, 3, 1, 1
0, 3, 3, 3, 3, 3, 3, 3, 3
0, 0, 0, 3, 3, 3, 3, 3, 3
0, 0, 0, 3, 3, 3, 3, 3, 3
0, 0, 0, 0, 0, 0, 3, 3, 3
0, 0, 0, 3, 3, 3, 3, 3, 3
0, 0, 0, 3, 3, 3, 3, 1, 1
0, 0, 0, 3, 3, 3, 3, 3, 3
0, 0, 0, 0, 0, 3, 1, 1, 1
0, 0, 0, 3, 3, 3, 3, 3, 3
0, 0, 0, 3, 3, 3, 3, 3, 3
0, 0, 0, 0, 3, 3, 3, 3, 3
0, 0, 0, 0, 0, 0, 3, 1, 1
0, 0, 0, 3, 3, 3, 3, 3, 3
0, 0, 0, 0, 0, 0, 3, 1, 1
0, 0, 0, 3, 3, 3, 3, 3, 3
0, 0, 0, 0, 0, 0, 3, 1, 1
0, 0, 0, 3, 3, 3, 3, 3, 3
0, 0, 0, 3, 3, 3, 3, 3, 3
0, 0, 0, 3, 3, 3, 3, 3, 3
0, 0, 0, 3, 3, 3, 3, 3, 3
0, 0, 0, 0, 0, 0, 3, 3, 3
0, 0, 0, 0, 0, 0, 3, 1, 1
0, 0, 0, 3, 3, 3, 3, 3, 3
0, 0, 0, 0, 0, 0, 0, 0, 3
0, 0, 0, 0, 0, 3, 3, 3, 3
0, 0, 0, 0, 3, 1, 1, 1, 1
0, 0, 0, 0, 0, 0, 3, 1, 1
0, 0, 0, 0, 0, 3, 3, 1, 1
0, 0, 0, 3, 3, 3, 3, 1, 1
0, 0, 0, 0, 0, 0, 0, 0, 3
0, 0, 0, 0, 0, 3, 3, 1, 1
0, 0, 0, 0, 3, 3, 3, 3, 3
0, 0, 0, 3, 3, 3, 3, 3, 3
0, 0, 0, 3, 3, 3, 3, 3, 3
0, 0, 0, 3, 3, 3, 3, 3, 3
0, 0, 0, 0, 3, 1, 1, 1, 1
0, 0, 0, 3, 3, 3, 1, 1, 1
0, 0, 0, 0, 0, 3, 1, 1, 1
0, 0, 0, 0, 0, 0, 3, 1, 1
0, 0, 0, 0, 0, 0, 0, 3, 3
0, 0, 0, 0, 0, 3, 3, 3, 3
0, 0, 0, 3, 3, 2, 2, 2, 2
0, 0, 0, 0, 0, 3, 3, 3, 3
0, 0, 0, 0, 0, 3, 3, 3, 3
0, 0, 0, 0, 3, 3, 3, 3, 3
0, 0, 0, 0, 0, 0, 3, 3, 3
0, 0, 0, 3, 3, 3, 3, 3, 3
0, 0, 0, 3, 3, 3, 3, 1, 1
0, 0, 0, 3, 3, 3, 3, 3, 3
0, 0, 0, 3, 3, 3, 3, 3, 3
0, 0, 0, 0, 0, 3, 3, 1, 1
0, 0, 0, 3, 3, 3, 3, 3, 3
0, 0, 0, 0, 0, 0, 3, 1, 1
0, 3, 3, 3, 3, 3, 3, 3, 3
0, 3, 3, 3, 3, 3, 3, 3, 3
0, 0, 0, 0, 3, 3, 3, 1, 1
0, 3, 3, 3, 3, 3, 3, 3, 3
0, 0, 0, 0, 0, 0, 3, 1, 1
0, 0, 0, 0, 3, 3, 3, 1, 1
0, 0, 0, 3, 3, 3, 3, 3, 3
0, 0, 0, 3, 3, 3, 3, 3, 3
0, 0, 0, 3, 3, 3, 3, 3, 3
0, 0, 0, 0, 3, 1, 1, 1, 1
0, 3, 3, 3, 3, 3, 3, 3, 3
0, 3, 3, 3, 3, 3, 3, 3, 3
0, 0, 0, 3, 3, 3, 3, 3, 3
0, 0, 0, 0, 0, 0, 3, 1, 1
0, 0, 0, 3, 3, 3, 3, 3, 3
0, 0, 0, 0, 3, 3, 3, 3, 3
0, 3, 3, 3, 3, 3, 3, 3, 3
0, 3, 3, 3, 3, 3, 3, 3, 3
0, 3, 3, 3, 3, 3, 3, 3, 3
0, 0, 0, 0, 0, 3, 3, 1, 1
0, 0, 0, 0, 0, 0, 3, 1, 1
0, 3, 3, 3, 3, 3, 3, 3, 3
0, 3, 3, 3, 3, 3, 3, 3, 3
0, 0, 0, 0, 0, 3, 3, 3, 3
0, 0, 0, 0, 3, 3, 3, 3, 3
0, 0, 0, 3, 3, 3, 3, 3, 3
0, 0, 0, 3, 3, 3, 3, 3, 3
0, 0, 0, 3, 3, 3, 3, 1, 1
0, 0, 0, 0, 0, 0, 0, 3, 3
0, 0, 0, 0, 3, 3, 3, 3, 3
0, 3, 3, 3, 3, 3, 3, 3, 3
0, 3, 3, 3, 3, 3, 3, 3, 3
0, 0, 0, 3, 3, 3, 3, 3, 3
0, 0, 0, 0, 3, 3, 1, 1, 1
0, 0, 0, 3, 3, 3, 3, 1, 1
0, 0, 0, 3, 3, 3, 3, 3, 3
0, 0, 0, 0, 0, 0, 3, 1, 1
0, 0, 0, 3, 3, 3, 3, 3, 3
0, 0, 0, 3, 3, 3, 3, 3, 3
0, 3, 3, 3, 3, 3, 3, 3, 3
0, 0, 0, 3, 3, 3, 3, 3, 3
0, 0, 0, 0, 3, 1, 1, 1, 1
0, 0, 0, 0, 3, 3, 3, 3, 3
0, 0, 0, 0, 3, 3, 3, 3, 3
0, 0, 0, 0, 3, 3, 3, 3, 3
0, 0, 0, 3, 3, 3, 3, 3, 3
0, 0, 0, 3, 3, 3, 3, 3, 3
0, 3, 3, 3, 3, 3, 3, 3, 3
0, 0, 0, 3, 3, 3, 3, 3, 3
0, 0, 0, 3, 3, 3, 3, 3, 3
0, 0, 0, 3, 3, 3, 3, 3, 3
0, 0, 0, 3, 3, 3, 3, 3, 3
0, 0, 0, 3, 3, 3, 3, 3, 3
0, 0, 0, 3, 3, 3, 3, 3, 3
0, 0, 0, 3, 3, 3, 3, 3, 3
0, 0, 0, 3, 3, 3, 3, 3, 3
0, 0, 0, 0, 0, 0, 3, 1, 1
0, 0, 0, 3, 3, 3, 3, 3, 3
0, 0, 0, 0, 3, 3, 3, 3, 3
0, 0, 0, 0, 0, 0, 3, 1, 1
0, 0, 0, 3, 3, 3, 3, 3, 3
0, 0, 0, 3, 1, 1, 1, 1, 1
0, 0, 0, 3, 3, 3, 3, 3, 3
0, 0, 0, 0, 3, 3, 1, 1, 1
0, 0, 0, 0, 3, 3, 3, 3, 3
0, 0, 0, 0, 0, 0, 0, 0, 3
0, 0, 0, 3, 3, 3, 3, 1, 1
0, 0, 0, 0, 0, 0, 3, 1, 1
0, 0, 0, 0, 0, 0, 3, 1, 1
0, 0, 0, 0, 3, 3, 3, 1, 1
0, 0, 0, 0, 0, 3, 3, 1, 1
0, 0, 0, 0, 3, 3, 3, 1, 1
0, 0, 0, 3, 3, 3, 3, 3, 3
0, 0, 0, 3, 3, 3, 3, 1, 1
0, 0, 0, 3, 3, 3, 3, 3, 3
0, 0, 0, 0, 0, 3, 3, 3, 3
0, 0, 0, 0, 0, 0, 0, 0, 3
0, 0, 0, 0, 0, 3, 1, 1, 1
0, 0, 0, 3, 3, 3, 3, 3, 3
0, 0, 0, 0, 0, 0, 0, 0, 3
0, 3, 3, 3, 3, 3, 1, 1, 1
0, 0, 0, 3, 3, 3, 3, 3, 3
0, 0, 0, 0, 0, 0, 3, 3, 3
0, 0, 3, 3, 3, 3, 3, 3, 3
0, 0, 0, 0, 3, 3, 3, 3, 3
0, 0, 0, 0, 3, 3, 3, 3, 3
0, 0, 0, 0, 0, 0, 3, 1, 1
0, 3, 3, 3, 3, 3, 3, 3, 3
0, 3, 3, 3, 3, 3, 3, 3, 3
0, 3, 3, 3, 3, 3, 3, 3, 3
0, 0, 0, 0, 0, 0, 0, 0, 3
0, 0, 0, 0, 0, 3, 3, 3, 3
0, 0, 0, 3, 3, 3, 3, 1, 1
0, 0, 0, 0, 0, 3, 1, 1, 1
0, 0, 0, 0, 3, 3, 1, 1, 1
0, 3, 3, 3, 3, 3, 3, 3, 3
0, 0, 0, 3, 3, 3, 3, 3, 3
0, 0, 0, 0, 0, 0, 0, 3, 3
0, 0, 0, 0, 0, 0, 0, 3, 3
0, 0, 0, 3, 3, 3, 3, 3, 3
0, 3, 3, 3, 3, 3, 3, 3, 3
0, 3, 3, 3, 3, 3, 3, 3, 3
0, 3, 3, 3, 3, 3, 3, 3, 3
0, 3, 3, 3, 3, 3, 3, 3, 3
0, 0, 0, 3, 3, 3, 3, 3, 3
0, 3, 3, 3, 3, 3, 3, 3, 3
0, 0, 0, 0, 0, 0, 3, 1, 1
0, 3, 3, 3, 3, 3, 3, 3, 3
0, 0, 0, 0, 0, 0, 0, 3, 3
0, 0, 0, 0, 0, 0, 3, 1, 1
0, 0, 0, 3, 3, 3, 3, 3, 3
0, 0, 0, 0, 0, 0, 3, 1, 1
0, 0, 0, 0, 0, 0, 3, 1, 1
0, 0, 0, 0, 0, 0, 3, 1, 1
0, 0, 0, 0, 3, 3, 3, 3, 3
0, 0, 0, 0, 0, 0, 3, 3, 3
0, 0, 0, 0, 0, 0, 0, 0, 3
0, 0, 0, 0, 3, 3, 1, 1, 1
0, 0, 0, 0, 3, 3, 3, 1, 1
0, 0, 0, 0, 0, 0, 3, 1, 1
0, 0, 0, 0, 3, 3, 1, 1, 1
0, 0, 0, 0, 0, 0, 0, 3, 3
0, 0, 0, 0, 0, 3, 3, 3, 3
0, 3, 3, 3, 3, 3, 3, 3, 3
0, 3, 3, 3, 3, 3, 3, 3, 3
0, 0, 0, 0, 3, 3, 3, 1, 1
0, 0, 0, 3, 3, 3, 3, 3, 3
0, 0, 0, 0, 3, 3, 1, 1, 1
0, 0, 0, 3, 3, 3, 3, 3, 3
0, 0, 0, 3, 3, 3, 3, 1, 1
0, 0, 0, 0, 0, 3, 1, 1, 1
0, 0, 0, 0, 3, 3, 3, 3, 3
0, 0, 0, 0, 3, 3, 3, 3, 3
0, 0, 0, 0, 0, 0, 0, 0, 3
0, 3, 3, 3, 3, 3, 3, 3, 3
0, 3, 3, 3, 3, 3, 3, 3, 3
0, 0, 0, 3, 3, 3, 3, 3, 3
0, 0, 0, 3, 3, 3, 3, 3, 3
0, 0, 0, 3, 3, 3, 3, 3, 3
0, 3, 3, 3, 3, 3, 3, 3, 3
0, 3, 3, 3, 3, 1, 1, 1, 1
0, 0, 0, 3, 3, 3, 3, 3, 3
0, 0, 0, 0, 0, 0, 0, 0, 3
0, 0, 0, 0, 3, 3, 3, 3, 3
0, 0, 0, 0, 0, 0, 3, 1, 1
0, 3, 3, 3, 3, 3, 3, 3, 3
0, 0, 0, 0, 0, 0, 3, 1, 1
0, 0, 0, 0, 3, 3, 3, 1, 1
0, 0, 0, 3, 3, 3, 3, 3, 3
0, 0, 0, 3, 3, 3, 3, 1, 1
0, 0, 0, 3, 3, 3, 3, 3, 3
0, 0, 0, 3, 3, 3, 3, 3, 3
0, 0, 0, 3, 3, 3, 3, 3, 3
0, 0, 0, 3, 3, 3, 3, 3, 3
0, 3, 3, 3, 3, 3, 3, 3, 3
0, 3, 3, 3, 3, 3, 3, 3, 3
0, 0, 0, 3, 3, 3, 1, 1, 1
0, 0, 0, 3, 3, 3, 3, 3, 3
0, 0, 0, 3, 3, 3, 3, 3, 3
0, 0, 0, 0, 3, 3, 3, 3, 3
0, 0, 0, 3, 3, 3, 3, 3, 3
0, 0, 0, 0, 3, 3, 3, 3, 3
0, 0, 0, 0, 3, 3, 1, 1, 1
0, 0, 0, 0, 3, 3, 3, 3, 3
0, 0, 0, 3, 3, 3, 3, 3, 3
0, 0, 0, 3, 3, 3, 3, 1, 1
0, 0, 0, 3, 3, 3, 3, 1, 1
0, 0, 0, 0, 0, 0, 0, 3, 3
0, 0, 0, 0, 0, 0, 0, 0, 3
0, 0, 0, 3, 3, 3, 3, 3, 3
0, 0, 0, 0, 0, 0, 3, 1, 1
0, 0, 0, 0, 0, 0, 3, 1, 1
0, 0, 0, 0, 0, 0, 0, 0, 3
0, 3, 3, 3, 3, 3, 3, 3, 3
0, 0, 0, 3, 3, 3, 3, 3, 3
0, 0, 0, 3, 3, 3, 3, 3, 3
0, 0, 0, 3, 3, 3, 3, 3, 3
0, 0, 0, 0, 0, 0, 0, 3, 3
0, 0, 0, 3, 3, 3, 3, 3, 3
0, 0, 0, 3, 3, 3, 3, 3, 3
0, 0, 0, 0, 0, 3, 3, 3, 3
0, 0, 0, 0, 3, 3, 1, 1, 1
0, 0, 0, 0, 0, 3, 1, 1, 1
0, 0, 0, 3, 3, 3, 3, 3, 3
0, 0, 0, 3, 3, 3, 3, 3, 3
0, 0, 0, 0, 0, 3, 3, 3, 3
0, 0, 0, 0, 0, 3, 1, 1, 1
0, 0, 0, 0, 0, 3, 3, 3, 3
0, 0, 0, 3, 3, 3, 3, 1, 1
0, 0, 0, 0, 0, 0, 0, 0, 3
0, 0, 0, 0, 0, 0, 3, 1, 1
0, 0, 0, 3, 3, 3, 1, 1, 1
0, 0, 0, 3, 3, 3, 3, 3, 3
0, 0, 0, 0, 3, 3, 3, 3, 3
0, 3, 3, 3, 3, 3, 3, 3, 3
0, 0, 0, 3, 3, 3, 3, 3, 3
0, 0, 0, 0, 0, 0, 3, 1, 1
0, 0, 0, 0, 3, 3, 3, 3, 3
0, 3, 3, 3, 3, 3, 3, 3, 3
0, 0, 0, 3, 3, 3, 3, 3, 3
0, 0, 0, 0, 3, 3, 2, 2, 2
0, 0, 0, 0, 0, 0, 3, 1, 1
0, 0, 0, 0, 3, 3, 1, 1, 1
0, 0, 0, 3, 3, 3, 3, 1, 1
0, 0, 0, 3, 3, 3, 3, 1, 1
0, 0, 0, 0, 0, 3, 1, 1, 1
0, 0, 0, 3, 3, 3, 3, 3, 3
0, 0, 0, 0, 0, 0, 3, 3, 3
0, 0, 0, 0, 0, 0, 0, 0, 3
0, 0, 0, 0, 3, 3, 3, 1, 1
0, 3, 3, 3, 3, 3, 3, 1, 1
0, 3, 3, 3, 3, 3, 3, 3, 3
0, 0, 0, 3, 3, 3, 1, 1, 1
0, 0, 0, 3, 3, 3, 1, 1, 1
0, 0, 0, 3, 3, 3, 3, 3, 3
0, 3, 3, 3, 3, 3, 3, 3, 3
0, 0, 0, 0, 0, 0, 3, 1, 1
0, 0, 0, 3, 3, 3, 3, 3, 3
0, 0, 0, 0, 0, 3, 2, 2, 2
0, 0, 0, 0, 0, 3, 2, 2, 2
0, 0, 0, 3, 3, 3, 3, 3, 3
0, 0, 0, 3, 3, 3, 3, 3, 3
0, 0, 0, 3, 3, 1, 1, 1, 1
0, 0, 0, 3, 3, 3, 3, 3, 3
0, 0, 0, 3, 3, 3, 3, 3, 3
0, 0, 0, 3, 3, 3, 3, 3, 3
0, 0, 0, 3, 3, 3, 3, 3, 3
0, 0, 0, 0, 3, 3, 3, 3, 3
0, 0, 0, 0, 3, 3, 3, 3, 3
0, 0, 0, 3, 3, 3, 3, 3, 3
0, 0, 0, 3, 3, 3, 3, 3, 3
0, 0, 0, 3, 3, 3, 3, 3, 3
0, 3, 3, 3, 3, 3, 3, 3, 3
0, 0, 3, 3, 3, 3, 3, 1, 1
0, 0, 0, 3, 3, 3, 3, 1, 1
0, 0, 0, 3, 3, 3, 1, 1, 1
0, 0, 0, 0, 0, 3, 3, 1, 1
0, 0, 0, 3, 3, 3, 3, 3, 3
0, 0, 0, 0, 3, 3, 3, 1, 1
0, 0, 0, 0, 3, 3, 3, 1, 1
0, 0, 0, 0, 0, 3, 3, 3, 3
0, 3, 3, 3, 3, 3, 3, 3, 3
0, 0, 0, 3, 3, 3, 3, 1, 1
0, 0, 0, 3, 3, 3, 3, 1, 1
0, 0, 0, 3, 3, 3, 3, 1, 1
0, 0, 0, 0, 0, 3, 3, 1, 1
0, 0, 0, 0, 0, 0, 3, 1, 1
0, 0, 0, 3, 3, 3, 3, 3, 3
0, 0, 0, 0, 0, 0, 3, 1, 1
0, 0, 0, 0, 0, 0, 3, 1, 1
0, 3, 3, 3, 3, 3, 3, 3, 3
0, 0, 0, 0, 3, 1, 1, 1, 1
0, 0, 0, 0, 0, 3, 3, 3, 3
0, 0, 0, 0, 0, 3, 1, 1, 1
0, 0, 0, 3, 3, 3, 3, 3, 3
0, 0, 0, 3, 3, 3, 3, 3, 3
0, 0, 0, 0, 0, 0, 0, 0, 3
0, 0, 0, 3, 3, 3, 3, 3, 3
0, 0, 0, 0, 0, 0, 0, 3, 3
0, 0, 0, 0, 0, 3, 3, 3, 3
0, 0, 0, 0, 0, 3, 3, 3, 3
0, 0, 0, 0, 0, 0, 0, 3, 3
0, 0, 0, 0, 0, 0, 0, 0, 3
0, 0, 0, 0, 0, 0, 0, 3, 3
0, 0, 0, 0, 0, 0, 3, 3, 3
0, 0, 0, 0, 3, 3, 3, 3, 3
0, 0, 0, 3, 3, 3, 3, 3, 3
0, 0, 0, 3, 3, 1, 1, 1, 1
0, 0, 0, 0, 3, 1, 1, 1, 1
0, 0, 0, 0, 0, 0, 0, 3, 3
0, 0, 0, 0, 3, 3, 3, 3, 3
0, 3, 3, 3, 3, 3, 3, 3, 3
0, 0, 0, 0, 0, 0, 3, 1, 1
0, 3, 3, 3, 3, 3, 3, 3, 3
0, 0, 0, 0, 0, 0, 3, 1, 1
0, 0, 0, 0, 0, 0, 3, 3, 3
0, 0, 0, 3, 3, 3, 3, 3, 3
0, 0, 0, 3, 3, 3, 3, 3, 3
0, 0, 0, 0, 0, 0, 0, 0, 3
0, 3, 3, 3, 3, 3, 3, 3, 3
0, 0, 0, 3, 3, 3, 3, 3, 3
0, 0, 0, 3, 3, 3, 3, 3, 3
0, 0, 0, 3, 3, 3, 3, 3, 3
0, 0, 0, 3, 3, 3, 3, 1, 1
0, 0, 0, 3, 3, 3, 3, 3, 3
0, 0, 0, 3, 3, 3, 3, 3, 3
0, 0, 0, 0, 0, 0, 3, 3, 3
0, 0, 0, 3, 3, 3, 3, 3, 3
0, 0, 0, 0, 0, 0, 3, 1, 1
0, 0, 0, 3, 3, 3, 3, 1, 1
0, 3, 3, 3, 3, 3, 3, 3, 3
0, 0, 0, 3, 3, 3, 3, 3, 3
0, 0, 0, 0, 0, 0, 3, 1, 1
0, 0, 0, 0, 3, 3, 1, 1, 1
0, 0, 0, 0, 0, 0, 0, 0, 3
0, 3, 3, 3, 3, 3, 3, 3, 3
0, 0, 0, 3, 3, 3, 1, 1, 1
0, 0, 0, 3, 3, 3, 3, 3, 3
0, 0, 0, 0, 3, 3, 1, 1, 1
0, 3, 3, 3, 3, 3, 3, 3, 3
0, 0, 0, 3, 3, 3, 3, 3, 3
0, 3, 3, 3, 3, 3, 3, 3, 3
0, 0, 0, 3, 3, 3, 3, 3, 3
0, 0, 0, 0, 3, 3, 3, 3, 3
0, 0, 0, 3, 3, 3, 1, 1, 1
0, 0, 0, 3, 3, 3, 1, 1, 1
0, 3, 3, 3, 3, 3, 3, 1, 1
0, 0, 0, 0, 3, 3, 1, 1, 1
0, 0, 0, 3, 3, 3, 3, 3, 3
0, 0, 0, 0, 0, 0, 0, 3, 3
0, 0, 0, 0, 0, 0, 3, 3, 3
0, 0, 0, 3, 3, 3, 1, 1, 1
0, 0, 0, 3, 3, 3, 3, 3, 3
0, 0, 0, 3, 3, 3, 3, 1, 1
0, 0, 0, 3, 3, 3, 3, 3, 3
0, 0, 0, 0, 0, 3, 3, 1, 1
0, 3, 3, 3, 3, 3, 3, 3, 3
0, 3, 3, 3, 3, 3, 3, 3, 3
0, 3, 3, 3, 3, 3, 3, 1, 1
0, 3, 3, 3, 3, 3, 3, 3, 3
0, 0, 0, 0, 0, 0, 3, 1, 1
0, 0, 0, 0, 3, 1, 1, 1, 1
0, 0, 0, 0, 0, 0, 3, 1, 1
0, 0, 0, 3, 3, 3, 3, 1, 1
0, 0, 0, 3, 3, 3, 3, 3, 3
0, 0, 0, 3, 3, 1, 1, 1, 1
0, 0, 0, 0, 0, 3, 3, 3, 3
0, 0, 0, 3, 3, 3, 3, 3, 3
0, 0, 0, 3, 3, 3, 3, 3, 3
0, 0, 0, 0, 0, 0, 0, 0, 3
0, 0, 0, 0, 0, 0, 0, 0, 3
0, 0, 0, 0, 0, 0, 3, 3, 3
0, 0, 0, 3, 3, 3, 1, 1, 1
0, 0, 0, 0, 3, 3, 1, 1, 1
0, 3, 3, 3, 3, 3, 3, 3, 3
0, 0, 0, 0, 0, 0, 3, 1, 1
0, 0, 0, 0, 0, 0, 3, 1, 1
0, 0, 0, 3, 3, 3, 3, 3, 3
0, 3, 3, 3, 3, 3, 3, 3, 3
0, 0, 0, 3, 3, 1, 1, 1, 1
0, 3, 3, 3, 3, 3, 3, 3, 3
0, 0, 0, 3, 3, 3, 3, 3, 3
0, 0, 0, 3, 3, 3, 3, 3, 3
0, 0, 0, 0, 0, 0, 3, 1, 1
0, 0, 0, 0, 3, 3, 3, 3, 3
0, 0, 0, 0, 0, 3, 1, 1, 1
0, 0, 0, 0, 0, 3, 3, 3, 3
0, 0, 0, 0, 3, 3, 3, 3, 3
0, 0, 0, 3, 3, 3, 3, 3, 3
0, 3, 3, 3, 3, 3, 3, 3, 3
0, 0, 0, 3, 3, 3, 3, 1, 1
0, 3, 3, 3, 3, 3, 3, 3, 3
0, 0, 0, 3, 3, 3, 3, 1, 1
0, 0, 0, 3, 3, 3, 3, 3, 3
0, 0, 0, 0, 0, 0, 3, 1, 1
0, 0, 0, 0, 0, 0, 0, 3, 3
0, 0, 0, 3, 3, 3, 3, 3, 3
0, 0, 0, 3, 3, 3, 1, 1, 1
0, 0, 0, 0, 0, 0, 3, 1, 1
0, 0, 0, 0, 3, 3, 3, 3, 3
0, 0, 0, 0, 3, 1, 1, 1, 1
0, 0, 0, 3, 3, 3, 1, 1, 1
0, 0, 0, 3, 3, 3, 3, 3, 3
0, 0, 0, 3, 3, 3, 1, 1, 1
0, 0, 0, 0, 0, 0, 0, 3, 3
0, 0, 0, 3, 3, 3, 3, 3, 3
0, 0, 0, 0, 0, 0, 3, 1, 1
0, 0, 0, 0, 0, 0, 3, 3, 3
0, 0, 0, 0, 0, 3, 3, 3, 3
0, 0, 0, 0, 0, 0, 3, 1, 1
0, 0, 0, 3, 3, 3, 3, 3, 3
0, 0, 0, 3, 3, 3, 3, 3, 3
0, 0, 0, 3, 3, 3, 1, 1, 1
0, 0, 0, 3, 3, 3, 3, 3, 3
0, 0, 0, 0, 0, 0, 3, 1, 1
0, 0, 0, 0, 3, 3, 3, 1, 1
0, 0, 0, 3, 3, 3, 3, 3, 3
0, 0, 0, 0, 0, 0, 3, 1, 1
0, 3, 3, 3, 3, 3, 3, 3, 3
0, 0, 0, 0, 0, 3, 3, 3, 3
0, 0, 0, 3, 3, 3, 3, 3, 3
0, 0, 0, 0, 0, 3, 3, 3, 3
0, 0, 0, 3, 3, 3, 3, 3, 3
0, 0, 0, 3, 3, 3, 3, 3, 3
0, 0, 0, 3, 1, 1, 1, 1, 1
0, 0, 0, 3, 3, 3, 3, 3, 3
0, 0, 0, 0, 0, 0, 3, 1, 1
0, 0, 0, 0, 0, 0, 3, 1, 1
0, 0, 0, 0, 0, 3, 3, 1, 1
0, 0, 0, 3, 3, 3, 3, 3, 3
0, 0, 0, 3, 3, 3, 3, 3, 3
0, 0, 0, 3, 3, 3, 3, 3, 3
0, 0, 0, 0, 0, 0, 3, 1, 1
0, 0, 0, 0, 0, 0, 3, 3, 3
0, 0, 0, 0, 3, 3, 3, 3, 3
0, 0, 0, 3, 3, 3, 3, 3, 3
0, 0, 0, 3, 3, 1, 1, 1, 1
0, 3, 3, 3, 3, 3, 3, 3, 3
0, 0, 0, 0, 0, 0, 0, 0, 3
0, 3, 3, 3, 3, 3, 3, 3, 3
0, 0, 0, 3, 3, 3, 3, 3, 3
0, 0, 0, 3, 3, 3, 3, 3, 3
0, 0, 0, 0, 3, 3, 3, 3, 3
0, 0, 0, 0, 0, 0, 3, 1, 1
0, 0, 0, 0, 0, 0, 3, 1, 1
0, 0, 0, 0, 0, 0, 3, 1, 1
0, 0, 0, 0, 3, 3, 3, 1, 1
0, 0, 0, 0, 0, 3, 3, 1, 1
0, 0, 0, 3, 3, 3, 3, 1, 1
0, 0, 0, 3, 3, 3, 3, 3, 3
0, 0, 0, 0, 3, 3, 3, 3, 3
0, 0, 0, 3, 3, 3, 1, 1, 1
0, 0, 0, 0, 0, 3, 3, 3, 3
0, 0, 0, 3, 3, 3, 1, 1, 1
0, 0, 0, 3, 3, 3, 3, 3, 3
0, 0, 0, 0, 0, 3, 3, 1, 1
0, 0, 0, 3, 3, 3, 3, 3, 3
0, 0, 0, 3, 3, 3, 3, 3, 3
0, 0, 0, 3, 3, 3, 3, 3, 3
0, 3, 3, 3, 3, 3, 3, 3, 3
0, 0, 0, 0, 3, 3, 3, 1, 1
0, 0, 0, 0, 0, 0, 3, 1, 1
0, 0, 0, 0, 0, 3, 3, 1, 1
0, 0, 0, 3, 3, 3, 3, 3, 3
0, 0, 0, 0, 0, 3, 3, 3, 3
0, 0, 0, 0, 0, 3, 3, 1, 1
0, 0, 0, 3, 3, 3, 3, 3, 3
0, 0, 0, 3, 1, 1, 1, 1, 1
0, 0, 0, 0, 0, 0, 3, 3, 3
0, 0, 0, 0, 0, 0, 3, 1, 1
0, 0, 0, 0, 0, 0, 3, 1, 1
0, 0, 0, 3, 3, 3, 3, 3, 3
0, 0, 0, 3, 3, 3, 3, 3, 3
0, 0, 0, 3, 3, 3, 3, 3, 3
0, 0, 0, 3, 3, 3, 3, 1, 1
0, 3, 3, 3, 3, 3, 3, 3, 3
0, 0, 0, 3, 3, 3, 1, 1, 1
0, 0, 0, 3, 3, 3, 3, 1, 1
0, 0, 0, 3, 3, 3, 3, 3, 3
0, 0, 0, 0, 0, 3, 3, 3, 3
0, 0, 0, 3, 3, 3, 3, 3, 3
0, 0, 0, 3, 3, 3, 3, 3, 3
0, 0, 0, 3, 3, 3, 3, 3, 3
0, 0, 0, 3, 3, 3, 3, 3, 3
0, 0, 0, 3, 3, 3, 3, 3, 3
0, 0, 0, 3, 3, 3, 3, 3, 3
0, 3, 3, 3, 3, 3, 3, 3, 3
0, 0, 0, 0, 3, 3, 1, 1, 1
0, 0, 0, 3, 3, 3, 3, 3, 3
0, 0, 0, 3, 3, 3, 3, 3, 3
0, 0, 0, 0, 3, 3, 3, 3, 3
0, 0, 0, 0, 0, 0, 3, 1, 1
0, 0, 0, 0, 0, 3, 3, 1, 1
0, 3, 3, 3, 3, 3, 3, 3, 3
0, 0, 0, 0, 0, 0, 3, 1, 1
0, 3, 3, 3, 3, 3, 3, 3, 3
0, 0, 0, 3, 3, 3, 3, 1, 1
0, 0, 0, 0, 0, 0, 3, 1, 1
0, 3, 3, 3, 3, 3, 3, 1, 1
0, 0, 0, 0, 0, 0, 3, 3, 3
0, 0, 0, 3, 3, 3, 1, 1, 1
0, 3, 3, 3, 3, 3, 3, 3, 3
0, 0, 0, 0, 0, 0, 3, 1, 1
0, 0, 0, 0, 0, 3, 1, 1, 1
0, 0, 0, 0, 3, 3, 3, 3, 3
0, 0, 0, 0, 0, 3, 3, 1, 1
0, 3, 3, 3, 3, 3, 3, 3, 3
0, 0, 0, 0, 0, 3, 1, 1, 1
0, 0, 0, 0, 3, 3, 3, 3, 3
0, 3, 3, 3, 3, 3, 3, 3, 3
0, 3, 3, 3, 3, 3, 3, 3, 3
0, 0, 0, 3, 3, 3, 3, 3, 3
0, 0, 0, 0, 0, 0, 0, 0, 3
0, 0, 0, 0, 0, 0, 3, 3, 3
0, 0, 0, 3, 3, 3, 3, 3, 3
0, 0, 0, 3, 3, 3, 1, 1, 1
0, 0, 3, 3, 3, 3, 3, 1, 1
0, 0, 0, 0, 0, 0, 3, 3, 3
0, 0, 0, 3, 3, 3, 3, 1, 1
0, 0, 0, 0, 3, 1, 1, 1, 1
0, 0, 0, 0, 0, 0, 3, 3, 3
0, 0, 0, 3, 3, 3, 3, 3, 3
0, 0, 0, 0, 0, 0, 3, 1, 1
0, 0, 0, 0, 0, 0, 3, 1, 1
0, 0, 0, 3, 3, 3, 3, 1, 1
0, 0, 0, 0, 0, 0, 0, 0, 3
0, 0, 0, 0, 0, 3, 3, 3, 3
0, 0, 0, 0, 3, 3, 3, 3, 3
0, 0, 0, 3, 3, 3, 3, 3, 3
0, 0, 0, 0, 0, 0, 3, 1, 1
0, 0, 0, 3, 3, 3, 3, 3, 3
0, 0, 0, 3, 3, 3, 3, 3, 3
0, 0, 0, 3, 3, 3, 3, 3, 3
0, 0, 0, 0, 0, 3, 3, 3, 3
0, 0, 0, 3, 3, 3, 3, 3, 3
0, 0, 0, 3, 3, 3, 3, 3, 3
0, 0, 0, 3, 3, 3, 3, 3, 3
0, 0, 0, 3, 3, 3, 3, 3, 3
0, 0, 0, 0, 3, 3, 3, 3, 3
0, 3, 3, 3, 3, 3, 3, 3, 3
0, 0, 0, 0, 0, 3, 3, 1, 1
0, 0, 0, 0, 0, 3, 1, 1, 1
0, 0, 0, 0, 0, 3, 3, 3, 3
0, 0, 0, 3, 1, 1, 1, 1, 1
0, 0, 0, 3, 3, 3, 3, 3, 3
0, 0, 0, 3, 3, 3, 1, 1, 1
0, 0, 0, 3, 3, 3, 3, 3, 3
0, 0, 0, 3, 3, 3, 1, 1, 1
0, 0, 0, 0, 3, 1, 1, 1, 1
0, 0, 0, 3, 3, 3, 3, 3, 3
0, 0, 0, 3, 3, 3, 1, 1, 1
0, 0, 0, 0, 3, 3, 1, 1, 1
0, 0, 0, 0, 3, 3, 3, 3, 3
0, 0, 0, 3, 3, 3, 3, 3, 3
0, 3, 3, 3, 3, 3, 3, 3, 3
0, 3, 3, 3, 3, 3, 3, 3, 3
0, 0, 0, 3, 3, 3, 3, 3, 3
0, 0, 0, 3, 3, 3, 3, 3, 3
0, 0, 0, 3, 3, 3, 3, 3, 3
0, 0, 0, 3, 3, 3, 3, 1, 1
0, 0, 0, 3, 3, 3, 3, 3, 3
0, 0, 0, 0, 3, 3, 3, 3, 3
0, 0, 0, 0, 3, 3, 1, 1, 1
0, 0, 0, 0, 0, 0, 0, 0, 3
0, 0, 0, 0, 3, 3, 3, 3, 3
0, 0, 0, 0, 0, 0, 3, 3, 3
0, 0, 0, 3, 3, 3, 3, 3, 3
0, 0, 0, 3, 3, 3, 1, 1, 1
0, 0, 0, 3, 3, 3, 3, 3, 3
0, 3, 3, 3, 3, 3, 3, 3, 3
0, 0, 0, 0, 3, 3, 3, 3, 3
0, 0, 0, 3, 3, 3, 3, 3, 3
0, 0, 0, 0, 3, 3, 3, 3, 3
0, 0, 0, 0, 0, 0, 3, 3, 3
0, 0, 0, 0, 0, 0, 3, 3, 3
0, 0, 0, 0, 0, 0, 3, 1, 1
0, 0, 0, 3, 3, 3, 1, 1, 1
0, 0, 0, 0, 0, 0, 3, 1, 1
0, 0, 0, 3, 3, 1, 1, 1, 1
0, 0, 0, 3, 3, 3, 3, 3, 3
0, 0, 0, 0, 3, 3, 3, 1, 1
0, 0, 0, 0, 3, 3, 3, 1, 1
0, 0, 0, 3, 3, 3, 3, 3, 3
0, 0, 0, 3, 3, 3, 3, 3, 3
0, 0, 0, 3, 3, 3, 3, 3, 3
0, 0, 0, 0, 0, 0, 3, 1, 1
0, 0, 0, 0, 0, 3, 3, 1, 1
0, 0, 0, 0, 0, 0, 3, 1, 1
0, 0, 0, 0, 0, 0, 3, 3, 3
0, 0, 0, 0, 0, 3, 1, 1, 1
0, 3, 3, 3, 3, 3, 3, 3, 3
0, 0, 0, 3, 3, 3, 3, 1, 1
0, 3, 3, 3, 3, 3, 3, 3, 3
0, 0, 0, 0, 0, 0, 3, 3, 3
0, 0, 0, 0, 3, 3, 3, 3, 3
0, 0, 0, 0, 0, 0, 0, 3, 3
0, 0, 0, 0, 0, 0, 0, 0, 3
0, 0, 0, 0, 0, 0, 0, 0, 3
0, 0, 0, 0, 3, 3, 3, 3, 3
0, 0, 0, 0, 0, 0, 0, 3, 3
0, 0, 0, 0, 0, 3, 3, 3, 3
0, 0, 0, 0, 0, 3, 3, 3, 3
0, 0, 0, 0, 0, 3, 1, 1, 1
0, 0, 0, 0, 0, 0, 0, 3, 3
0, 3, 3, 3, 3, 3, 3, 3, 3
0, 3, 3, 3, 3, 3, 3, 3, 3
0, 3, 3, 3, 3, 3, 3, 1, 1
0, 0, 0, 0, 3, 3, 3, 3, 3
0, 0, 0, 0, 3, 3, 1, 1, 1
0, 0, 0, 0, 0, 3, 1, 1, 1
0, 0, 3, 3, 3, 3, 3, 1, 1
0, 3, 3, 3, 3, 3, 3, 3, 3
0, 0, 0, 3, 3, 3, 1, 1, 1
0, 3, 3, 3, 3, 3, 3, 3, 3
0, 0, 0, 3, 3, 3, 3, 3, 3
0, 0, 0, 3, 3, 3, 3, 3, 3
0, 0, 0, 0, 3, 3, 3, 1, 1
0, 3, 3, 3, 3, 3, 3, 3, 3
0, 0, 0, 3, 3, 3, 3, 1, 1
0, 0, 0, 3, 3, 3, 3, 3, 3
0, 3, 3, 3, 3, 3, 3, 3, 3
0, 0, 0, 0, 0, 0, 3, 1, 1
0, 0, 0, 3, 3, 3, 3, 1, 1
0, 0, 0, 0, 0, 3, 3, 3, 3
0, 0, 0, 0, 0, 0, 3, 1, 1
0, 0, 0, 3, 3, 3, 3, 1, 1
0, 3, 3, 3, 3, 3, 3, 3, 3
0, 3, 3, 3, 3, 3, 3, 3, 3
0, 0, 0, 3, 3, 3, 3, 1, 1
0, 3, 3, 3, 3, 3, 3, 3, 3
0, 3, 3, 3, 3, 3, 3, 3, 3
0, 3, 3, 3, 3, 3, 3, 3, 3
0, 0, 0, 3, 3, 3, 3, 3, 3
0, 0, 0, 0, 3, 3, 3, 3, 3
0, 0, 0, 0, 0, 0, 0, 0, 3
0, 0, 0, 3, 3, 3, 3, 1, 1
0, 3, 3, 3, 3, 3, 3, 3, 3
0, 0, 0, 0, 0, 3, 3, 3, 3
0, 0, 0, 3, 3, 3, 3, 3, 3
0, 0, 0, 0, 0, 3, 3, 1, 1
0, 0, 0, 3, 3, 3, 3, 1, 1
0, 0, 0, 0, 3, 3, 1, 1, 1
0, 3, 3, 3, 3, 3, 3, 3, 3
0, 0, 0, 0, 3, 3, 3, 1, 1
0, 0, 0, 3, 3, 3, 3, 1, 1
0, 0, 0, 3, 3, 3, 3, 1, 1
0, 0, 0, 3, 3, 3, 3, 3, 3
0, 0, 0, 3, 3, 3, 3, 3, 3
0, 0, 0, 3, 3, 3, 3, 1, 1
0, 0, 0, 3, 3, 3, 3, 1, 1
0, 0, 0, 0, 0, 3, 3, 3, 3
0, 0, 0, 0, 0, 3, 3, 3, 3
0, 0, 0, 0, 0, 0, 3, 1, 1
0, 0, 0, 0, 0, 0, 3, 1, 1
0, 0, 0, 0, 0, 0, 0, 0, 3
0, 0, 0, 0, 0, 0, 3, 1, 1
0, 0, 0, 3, 3, 3, 3, 3, 3
0, 0, 0, 3, 3, 3, 3, 1, 1
0, 0, 0, 3, 3, 3, 3, 3, 3
0, 0, 0, 0, 3, 1, 1, 1, 1
0, 0, 0, 3, 3, 3, 3, 1, 1
0, 0, 0, 0, 3, 3, 1, 1, 1
0, 3, 3, 3, 3, 3, 3, 3, 3
0, 0, 0, 0, 0, 3, 3, 3, 3
0, 0, 0, 0, 0, 0, 0, 0, 3
0, 0, 0, 0, 0, 0, 0, 3, 3
0, 0, 0, 3, 3, 3, 3, 3, 3
0, 3, 3, 3, 3, 3, 3, 3, 3
0, 3, 3, 3, 3, 3, 3, 3, 3
0, 0, 0, 3, 3, 3, 3, 3, 3
0, 0, 0, 0, 0, 0, 0, 3, 3
0, 0, 0, 0, 3, 3, 1, 1, 1
0, 0, 0, 0, 0, 0, 3, 1, 1
0, 0, 0, 0, 0, 0, 3, 1, 1
0, 0, 0, 0, 0, 3, 3, 3, 3
0, 0, 0, 0, 0, 3, 3, 3, 3
0, 0, 0, 0, 3, 3, 3, 1, 1
0, 3, 3, 3, 3, 3, 3, 3, 3
0, 0, 0, 0, 0, 0, 0, 3, 3
0, 0, 0, 0, 0, 0, 3, 3, 3
0, 0, 0, 0, 0, 0, 3, 3, 3
0, 3, 3, 3, 3, 3, 3, 3, 3
0, 3, 3, 3, 3, 3, 3, 3, 3
0, 0, 0, 3, 3, 3, 3, 3, 3
0, 0, 0, 0, 0, 0, 0, 0, 3
0, 0, 0, 0, 0, 0, 3, 1, 1
0, 0, 0, 0, 3, 3, 3, 1, 1
0, 0, 0, 3, 3, 1, 1, 1, 1
0, 0, 0, 0, 3, 3, 1, 1, 1
0, 3, 3, 3, 3, 3, 3, 3, 3
0, 0, 0, 3, 3, 3, 3, 3, 3
0, 0, 0, 0, 0, 3, 3, 3, 3
0, 0, 0, 0, 3, 3, 3, 3, 3
0, 0, 0, 0, 3, 3, 3, 3, 3
0, 0, 0, 0, 0, 0, 3, 1, 1
0, 0, 0, 0, 0, 3, 3, 1, 1
0, 0, 0, 0, 0, 3, 3, 3, 3
0, 0, 0, 3, 3, 3, 3, 3, 3
0, 3, 3, 3, 3, 3, 3, 3, 3
0, 3, 3, 3, 3, 3, 3, 3, 3
0, 3, 3, 3, 3, 3, 3, 3, 3
0, 0, 0, 3, 3, 3, 1, 1, 1
0, 3, 3, 3, 3, 3, 3, 3, 3
0, 0, 0, 0, 0, 0, 0, 3, 3
0, 0, 0, 3, 3, 3, 3, 3, 3
0, 0, 0, 0, 0, 0, 0, 0, 3
0, 0, 0, 3, 3, 3, 3, 3, 3
0, 0, 0, 0, 3, 3, 3, 3, 3
0, 0, 0, 3, 3, 3, 3, 3, 3
0, 0, 0, 0, 0, 3, 3, 3, 3
0, 0, 0, 3, 3, 1, 1, 1, 1
0, 0, 0, 0, 0, 0, 3, 1, 1
0, 0, 0, 0, 0, 3, 3, 3, 3
0, 0, 0, 3, 3, 3, 3, 3, 3
0, 0, 0, 3, 3, 3, 3, 3, 3
0, 3, 3, 3, 3, 3, 3, 3, 3
0, 0, 0, 0, 3, 3, 3, 3, 3
0, 0, 0, 3, 3, 3, 3, 3, 3
0, 0, 0, 0, 3, 3, 1, 1, 1
0, 0, 0, 3, 3, 3, 3, 3, 3
0, 0, 0, 3, 3, 3, 1, 1, 1
0, 3, 3, 3, 3, 3, 3, 3, 3
0, 0, 0, 0, 0, 3, 1, 1, 1
0, 0, 0, 0, 0, 3, 3, 3, 3
0, 0, 0, 3, 3, 3, 3, 3, 3
0, 0, 0, 0, 0, 0, 3, 1, 1
0, 0, 0, 0, 0, 0, 3, 3, 3
0, 0, 0, 3, 3, 3, 3, 3, 3
0, 0, 0, 0, 0, 3, 3, 3, 3
0, 0, 0, 0, 0, 3, 3, 3, 3
0, 0, 0, 0, 0, 3, 3, 3, 3
0, 0, 0, 0, 3, 3, 3, 3, 3
0, 0, 0, 3, 3, 3, 3, 3, 3
0, 0, 0, 0, 3, 3, 3, 3, 3
0, 0, 0, 3, 3, 3, 3, 3, 3
0, 0, 0, 0, 0, 0, 3, 1, 1
0, 0, 0, 3, 3, 3, 3, 3, 3
0, 0, 0, 3, 3, 3, 3, 3, 3
0, 0, 0, 3, 3, 3, 3, 3, 3
0, 0, 0, 0, 0, 3, 1, 1, 1
0, 3, 3, 3, 3, 3, 3, 3, 3
0, 0, 0, 3, 3, 3, 3, 3, 3
0, 0, 0, 3, 3, 3, 1, 1, 1
0, 0, 0, 3, 3, 3, 1, 1, 1
0, 0, 0, 3, 3, 3, 3, 3, 3
0, 0, 0, 3, 3, 3, 3, 3, 3
0, 0, 0, 3, 3, 3, 3, 3, 3
0, 0, 0, 0, 0, 0, 3, 1, 1
0, 0, 0, 0, 0, 3, 1, 1, 1
0, 0, 0, 0, 3, 3, 1, 1, 1
0, 0, 0, 3, 3, 1, 1, 1, 1
0, 0, 0, 3, 3, 3, 3, 3, 3
0, 0, 0, 3, 1, 1, 1, 1, 1
0, 0, 0, 0, 3, 3, 1, 1, 1
0, 0, 0, 3, 3, 3, 3, 3, 3
0, 0, 0, 0, 0, 0, 0, 0, 3
0, 0, 0, 3, 3, 3, 3, 3, 3
0, 0, 0, 0, 0, 0, 0, 3, 3
0, 0, 0, 3, 3, 3, 3, 3, 3
0, 0, 0, 0, 0, 0, 3, 1, 1
0, 0, 0, 3, 3, 3, 3, 3, 3
0, 0, 0, 3, 3, 3, 3, 3, 3
0, 0, 0, 0, 0, 3, 3, 3, 3
0, 0, 0, 3, 3, 3, 3, 3, 3
0, 0, 0, 0, 0, 0, 3, 1, 1
0, 0, 0, 0, 0, 0, 3, 1, 1
0, 0, 0, 0, 0, 0, 0, 0, 3
0, 0, 0, 3, 3, 3, 3, 3, 3
0, 0, 0, 3, 3, 3, 3, 3, 3
0, 0, 0, 3, 3, 3, 3, 3, 3
0, 0, 0, 3, 3, 3, 3, 3, 3
0, 0, 0, 3, 3, 3, 3, 3, 3
0, 0, 0, 0, 0, 0, 3, 1, 1
0, 0, 0, 0, 3, 3, 3, 3, 3
0, 0, 0, 0, 3, 3, 3, 3, 3
0, 3, 3, 3, 3, 3, 3, 3, 3
0, 0, 0, 3, 3, 3, 3, 3, 3
0, 0, 0, 0, 0, 0, 3, 1, 1
0, 0, 0, 0, 0, 0, 3, 1, 1
0, 0, 0, 0, 0, 0, 3, 3, 3
0, 0, 0, 3, 3, 3, 3, 3, 3
0, 0, 0, 0, 0, 0, 3, 3, 3
0, 0, 0, 0, 3, 3, 3, 3, 3
0, 0, 0, 0, 0, 0, 0, 3, 3
0, 0, 0, 0, 3, 3, 3, 3, 3
0, 0, 0, 3, 3, 3, 3, 3, 3
0, 3, 3, 3, 3, 3, 3, 3, 3
0, 0, 0, 0, 0, 0, 3, 1, 1
0, 0, 0, 0, 0, 0, 3, 1, 1
0, 0, 0, 0, 0, 0, 3, 3, 3
0, 0, 0, 0, 0, 0, 3, 3, 3
0, 0, 0, 0, 0, 0, 3, 3, 3
0, 0, 0, 0, 0, 0, 3, 3, 3
0, 0, 0, 0, 0, 0, 3, 1, 1
0, 0, 0, 3, 3, 3, 3, 3, 3
0, 0, 0, 3, 3, 3, 3, 3, 3
0, 0, 0, 0, 3, 3, 3, 3, 3
0, 0, 0, 3, 3, 3, 3, 3, 3
0, 0, 0, 0, 0, 0, 3, 3, 3
0, 0, 0, 0, 0, 3, 3, 3, 3
0, 0, 0, 3, 3, 3, 3, 3, 3
0, 0, 0, 3, 3, 3, 3, 3, 3
0, 0, 0, 3, 3, 3, 3, 3, 3
0, 0, 0, 0, 0, 3, 3, 1, 1
0, 0, 0, 3, 3, 3, 3, 1, 1
0, 0, 0, 0, 3, 3, 3, 3, 3
0, 0, 0, 3, 3, 3, 3, 3, 3
0, 0, 0, 0, 3, 3, 3, 3, 3
0, 0, 0, 0, 0, 3, 3, 3, 3
0, 0, 0, 0, 0, 0, 3, 3, 3
0, 0, 0, 0, 0, 3, 3, 3, 3
0, 0, 0, 0, 0, 0, 0, 0, 3
0, 0, 0, 0, 3, 1, 1, 1, 1
0, 0, 0, 3, 3, 3, 3, 3, 3
0, 0, 0, 0, 0, 3, 1, 1, 1
0, 0, 0, 0, 0, 3, 3, 1, 1
0, 0, 0, 0, 0, 3, 3, 1, 1
0, 0, 0, 0, 0, 0, 3, 1, 1
0, 0, 0, 0, 0, 3, 3, 1, 1
0, 0, 0, 0, 3, 1, 1, 1, 1
0, 0, 0, 3, 3, 3, 1, 1, 1
0, 3, 3, 3, 3, 3, 3, 3, 3
0, 0, 0, 0, 3, 3, 1, 1, 1
0, 0, 0, 0, 0, 0, 0, 0, 3
0, 0, 0, 0, 3, 3, 1, 1, 1
0, 0, 0, 3, 3, 3, 3, 1, 1
0, 0, 0, 0, 0, 3, 3, 3, 3
0, 0, 0, 3, 3, 3, 3, 3, 3
0, 0, 0, 3, 3, 3, 3, 3, 3
0, 0, 0, 3, 3, 3, 3, 3, 3
0, 0, 0, 3, 3, 3, 3, 3, 3
0, 0, 0, 0, 3, 3, 3, 1, 1
0, 0, 0, 0, 3, 3, 3, 1, 1
0, 0, 0, 3, 3, 3, 3, 3, 3
0, 0, 0, 0, 0, 0, 3, 1, 1
0, 0, 0, 0, 3, 3, 3, 1, 1
0, 3, 3, 3, 3, 3, 3, 3, 3
0, 0, 0, 0, 3, 3, 3, 1, 1
0, 0, 0, 0, 0, 0, 0, 0, 3
0, 0, 0, 0, 0, 0, 3, 3, 3
0, 0, 0, 3, 3, 3, 3, 3, 3
0, 0, 0, 0, 3, 3, 3, 3, 3
0, 0, 0, 3, 3, 3, 3, 3, 3
0, 0, 0, 0, 0, 0, 3, 3, 3
0, 0, 0, 0, 0, 0, 0, 0, 3
0, 0, 0, 3, 3, 3, 3, 3, 3
0, 3, 3, 3, 3, 3, 3, 3, 3
0, 0, 0, 3, 3, 3, 3, 3, 3
0, 0, 0, 3, 3, 3, 3, 1, 1
0, 0, 0, 3, 3, 1, 1, 1, 1
0, 0, 0, 0, 0, 0, 3, 1, 1
0, 0, 0, 3, 3, 3, 1, 1, 1
0, 0, 0, 3, 3, 3, 1, 1, 1
0, 0, 0, 0, 0, 0, 0, 0, 3
0, 0, 0, 3, 3, 3, 3, 3, 3
0, 3, 3, 3, 3, 3, 3, 3, 3
0, 0, 0, 0, 0, 3, 3, 1, 1
0, 3, 3, 3, 3, 3, 3, 3, 3
0, 3, 3, 3, 3, 3, 3, 3, 3
0, 0, 0, 3, 3, 3, 3, 3, 3
0, 0, 0, 0, 0, 0, 3, 1, 1
0, 0, 0, 0, 3, 3, 3, 3, 3
0, 0, 0, 0, 3, 3, 3, 3, 3
0, 0, 0, 0, 0, 3, 1, 1, 1
0, 0, 0, 0, 0, 0, 0, 0, 3
0, 0, 0, 3, 3, 3, 3, 3, 3
0, 0, 0, 0, 0, 3, 3, 1, 1
0, 0, 0, 3, 3, 3, 3, 3, 3
0, 0, 0, 3, 3, 3, 3, 3, 3
0, 0, 0, 0, 0, 0, 3, 1, 1
0, 3, 3, 3, 3, 3, 3, 3, 3
0, 3, 3, 3, 3, 3, 3, 3, 3
0, 0, 0, 3, 3, 3, 1, 1, 1
0, 0, 0, 0, 3, 3, 1, 1, 1
0, 0, 0, 3, 1, 1, 1, 1, 1
0, 0, 0, 3, 3, 3, 1, 1, 1
0, 0, 0, 0, 3, 3, 1, 1, 1
0, 0, 0, 0, 3, 3, 3, 3, 3
0, 0, 0, 3, 3, 3, 3, 3, 3
0, 0, 0, 0, 0, 3, 3, 3, 3
0, 0, 0, 0, 0, 3, 3, 3, 3
0, 0, 0, 0, 0, 0, 0, 3, 3
0, 0, 0, 3, 3, 3, 1, 1, 1
0, 0, 0, 0, 0, 0, 0, 0, 3
0, 0, 0, 0, 0, 0, 0, 3, 3
0, 0, 0, 0, 0, 3, 1, 1, 1
0, 0, 0, 3, 3, 3, 3, 3, 3
0, 0, 0, 3, 3, 3, 3, 3, 3
0, 0, 0, 3, 1, 1, 1, 1, 1
0, 0, 0, 3, 3, 3, 3, 1, 1
0, 0, 0, 0, 0, 3, 1, 1, 1
0, 0, 0, 0, 0, 3, 3, 1, 1
0, 0, 0, 0, 0, 0, 0, 0, 3
0, 0, 0, 0, 0, 3, 1, 1, 1
0, 0, 0, 0, 0, 0, 3, 1, 1
0, 0, 0, 0, 0, 3, 1, 1, 1
0, 0, 0, 3, 3, 3, 3, 3, 3
0, 0, 0, 3, 3, 3, 3, 3, 3
0, 0, 0, 0, 3, 3, 3, 3, 3
0, 0, 0, 0, 0, 0, 0, 3, 3
0, 0, 0, 3, 3, 3, 1, 1, 1
0, 0, 0, 0, 0, 0, 0, 3, 3
0, 0, 0, 3, 3, 3, 3, 3, 3
0, 0, 0, 0, 0, 0, 3, 3, 3
0, 0, 0, 3, 3, 3, 3, 3, 3
0, 0, 0, 0, 0, 0, 0, 3, 3
0, 0, 0, 0, 0, 3, 1, 1, 1
0, 0, 0, 0, 0, 3, 1, 1, 1
0, 3, 3, 3, 3, 3, 3, 3, 3
0, 0, 0, 3, 3, 3, 3, 1, 1
0, 3, 3, 3, 3, 3, 3, 3, 3
0, 0, 0, 3, 3, 3, 3, 3, 3
0, 0, 0, 0, 0, 0, 3, 1, 1
0, 0, 0, 3, 3, 3, 3, 3, 3
0, 0, 0, 0, 3, 3, 1, 1, 1
0, 0, 0, 0, 3, 3, 1, 1, 1
0, 0, 0, 0, 0, 0, 3, 1, 1
0, 0, 0, 0, 3, 3, 3, 3, 3
0, 0, 0, 3, 3, 3, 3, 3, 3
0, 0, 0, 3, 3, 3, 3, 3, 3
0, 0, 0, 0, 0, 3, 1, 1, 1
0, 0, 0, 0, 3, 3, 3, 3, 3
0, 0, 0, 3, 3, 3, 3, 3, 3
0, 3, 3, 3, 3, 3, 3, 3, 3
0, 3, 3, 3, 3, 3, 3, 3, 3
0, 0, 0, 0, 3, 3, 3, 3, 3
0, 0, 0, 3, 3, 3, 3, 3, 3
0, 0, 0, 3, 3, 3, 3, 1, 1
0, 0, 0, 3, 1, 1, 1, 1, 1
0, 0, 0, 3, 3, 3, 3, 3, 3
0, 3, 3, 3, 3, 3, 3, 3, 3
0, 0, 3, 3, 3, 3, 3, 3, 3
