100, 200, 300, 400, 500, 600, 700, 800, 900
800.0, 784.0, 656.0, 472.0, 402.0, 309.0, 219.0, 27.0, 0.0
0.0, 0.0, 0.0, 0.0, 14.0, 41.0, 108.0, 198.0, 279.0
0.0, 0.0, 0.0, 25.0, 25.0, 25.0, 25.0, 37.0, 65.0
0.0, 16.0, 144.0, 303.0, 359.0, 425.0, 448.0, 538.0, 456.0
0, 0, 0, 3, 3, 3, 3, 3, 3
0, 0, 0, 3, 3, 3, 3, 3, 3
0, 0, 0, 3, 3, 3, 3, 3, 3
0, 0, 0, 3, 3, 3, 3, 3, 3
0, 0, 0, 3, 3, 3, 3, 3, 3
0, 0, 0, 0, 0, 3, 3, 3, 2
0, 0, 0, 0, 0, 3, 3, 3, 3
0, 0, 0, 3, 3, 3, 3, 3, 1
0, 0, 0, 3, 3, 3, 3, 3, 3
0, 0, 0, 3, 3, 3, 3, 3, 3
0, 0, 0, 3, 3, 3, 3, 3, 3
0, 0, 0, 0, 0, 3, 3, 3, 1
0, 0, 0, 3, 3, 3, 3, 1, 1
0, 0, 0, 0, 0, 0, 3, 3, 3
0, 0, 0, 0, 0, 0, 0, 0, 3
0, 0, 0, 3, 3, 3, 3, 1, 1
0, 3, 3, 3, 3, 3, 3, 3, 3
0, 0, 0, 0, 3, 3, 3, 3, 1
0, 0, 0, 0, 0, 0, 3, 3, 3
0, 0, 0, 3, 3, 3, 3, 3, 3
0, 0, 0, 0, 3, 3, 3, 3, 1
0, 0, 0, 0, 0, 0, 3, 3, 1
0, 0, 0, 0, 0, 0, 3, 3, 3
0, 0, 0, 0, 0, 3, 1, 1, 1
0, 0, 0, 3, 3, 3, 3, 3, 3
0, 0, 0, 0, 0, 3, 3, 1, 1
0, 0, 0, 0, 0, 3, 1, 1, 1
0, 0, 0, 3, 3, 3, 1, 1, 1
0, 0, 0, 3, 3, 3, 1, 1, 1
0, 0, 0, 3, 3, 3, 3, 1, 1
0, 0, 3, 3, 3, 3, 3, 3, 3
0, 0, 3, 3, 3, 3, 3, 3, 3
0, 0, 3, 3, 3, 3, 3, 3, 3
0, 0, 3, 3, 3, 3, 3, 3, 3
0, 0, 3, 3, 3, 3, 1, 1, 1
0, 0, 3, 3, 3, 3, 3, 1, 1
0, 0, 3, 3, 3, 1, 1, 1, 1
0, 0, 3, 3, 3, 3, 3, 3, 3
0, 0, 0, 0, 0, 3, 3, 3, 2
0, 0, 0, 0, 0, 3, 3, 3, 3
0, 0, 3, 3, 3, 3, 3, 3, 3
0, 0, 0, 0, 0, 0, 3, 3, 1
0, 0, 0, 3, 3, 3, 1, 1, 1
0, 0, 3, 3, 3, 3, 3, 3, 1
0, 0, 0, 3, 1, 1, 1, 1, 1
0, 0, 0, 0, 0, 3, 1, 1, 1
0, 0, 0, 0, 0, 0, 3, 3, 3
0, 0, 3, 3, 3, 3, 3, 2, 2
0, 0, 0, 0, 0, 0, 0, 3, 1
0, 0, 0, 0, 0, 0, 0, 3, 1
0, 0, 0, 3, 3, 3, 3, 3, 2
0, 0, 3, 3, 3, 3, 3, 3, 3
0, 0, 3, 3, 3, 3, 3, 3, 3
0, 0, 3, 3, 3, 3, 3, 3, 3
0, 0, 3, 3, 3, 3, 3, 3, 3
0, 0, 0, 3, 3, 3, 3, 1, 1
0, 0, 0, 3, 3, 3, 3, 1, 1
0, 0, 0, 3, 3, 3, 3, 3, 3
0, 0, 0, 3, 3, 3, 3, 3, 3
0, 0, 0, 3, 3, 3, 3, 3, 3
0, 0, 0, 3, 3, 3, 3, 3, 1
0, 0, 0, 3, 3, 3, 3, 3, 3
0, 0, 3, 3, 3, 3, 3, 3, 3
0, 0, 0, 3, 3, 3, 3, 1, 1
0, 0, 0, 3, 3, 3, 3, 3, 3
0, 0, 0, 3, 3, 3, 1, 1, 1
0, 0, 0, 3, 3, 3, 3, 3, 3
0, 0, 0, 3, 3, 3, 3, 3, 3
0, 0, 0, 3, 3, 3, 3, 3, 3
0, 0, 0, 3, 1, 1, 1, 1, 1
0, 0, 0, 3, 3, 3, 1, 1, 1
0, 0, 0, 0, 0, 0, 0, 3, 3
0, 0, 0, 0, 0, 0, 3, 1, 1
0, 0, 0, 0, 3, 3, 3, 1, 1
0, 0, 0, 0, 0, 0, 0, 3, 3
0, 0, 0, 0, 0, 0, 0, 3, 3
0, 0, 0, 0, 0, 0, 0, 3, 3
0, 0, 0, 0, 0, 0, 0, 3, 3
0, 0, 0, 0, 0, 0, 0, 0, 3
0, 0, 0, 0, 0, 0, 0, 3, 3
0, 0, 0, 0, 0, 0, 0, 0, 3
0, 0, 0, 0, 0, 0, 0, 0, 3
0, 0, 0, 0, 0, 0, 0, 3, 3
0, 0, 0, 0, 0, 0, 0, 3, 3
0, 0, 0, 0, 0, 0, 0, 3, 3
0, 0, 0, 3, 3, 3, 3, 3, 3
0, 0, 0, 0, 0, 3, 3, 1, 1
0, 0, 0, 3, 3, 3, 3, 3, 3
0, 0, 0, 3, 3, 3, 3, 1, 1
0, 0, 0, 0, 0, 3, 1, 1, 1
0, 0, 0, 3, 3, 3, 3, 3, 3
0, 0, 3, 3, 3, 3, 3, 3, 3
0, 0, 3, 3, 3, 3, 3, 3, 3
0, 0, 0, 0, 0, 3, 3, 3, 1
0, 0, 0, 0, 0, 3, 1, 1, 1
0, 0, 0, 3, 3, 3, 1, 1, 1
0, 0, 0, 3, 3, 3, 1, 1, 1
0, 0, 0, 3, 3, 1, 1, 1, 1
0, 0, 0, 0, 0, 3, 1, 1, 1
0, 0, 3, 2, 2, 2, 2, 2, 2
0, 0, 0, 0, 0, 3, 3, 2, 2
0, 0, 0, 0, 0, 3, 3, 3, 3
0, 0, 0, 3, 3, 3, 3, 3, 3
0, 0, 0, 3, 3, 3, 3, 3, 3
0, 0, 0, 3, 3, 3, 1, 1, 1
0, 0, 3, 3, 3, 3, 3, 1, 1
0, 0, 0, 0, 0, 3, 3, 3, 2
0, 0, 0, 0, 3, 3, 1, 1, 1
0, 0, 0, 3, 3, 3, 3, 3, 3
0, 0, 0, 0, 0, 0, 0, 3, 3
0, 0, 0, 0, 0, 0, 0, 3, 3
0, 0, 0, 0, 0, 0, 0, 3, 3
0, 0, 0, 0, 0, 3, 3, 3, 2
0, 0, 0, 0, 0, 0, 0, 0, 3
0, 0, 0, 0, 3, 1, 1, 1, 1
0, 0, 0, 0, 0, 3, 1, 1, 1
0, 0, 0, 3, 3, 3, 1, 1, 1
0, 0, 0, 0, 0, 0, 0, 3, 3
0, 0, 0, 0, 0, 0, 0, 3, 3
0, 0, 0, 0, 0, 0, 0, 3, 3
0, 0, 0, 0, 0, 0, 0, 3, 3
0, 0, 0, 0, 0, 0, 0, 3, 3
0, 0, 0, 3, 3, 3, 3, 3, 3
0, 0, 0, 3, 3, 3, 3, 3, 3
0, 0, 0, 3, 3, 3, 3, 3, 2
0, 0, 0, 0, 0, 0, 3, 3, 3
0, 0, 3, 3, 3, 3, 3, 3, 3
0, 0, 0, 3, 3, 3, 3, 1, 1
0, 0, 3, 3, 3, 3, 3, 1, 1
0, 0, 3, 3, 3, 3, 3, 1, 1
0, 0, 0, 3, 3, 3, 3, 3, 1
0, 0, 0, 3, 3, 1, 1, 1, 1
0, 0, 0, 0, 0, 0, 3, 3, 2
0, 0, 0, 3, 1, 1, 1, 1, 1
0, 0, 0, 0, 0, 0, 3, 1, 1
0, 0, 0, 0, 0, 3, 1, 1, 1
0, 0, 0, 0, 3, 3, 3, 1, 1
0, 0, 3, 2, 2, 2, 2, 2, 2
0, 0, 0, 3, 3, 3, 3, 3, 2
0, 0, 0, 0, 3, 3, 3, 3, 1
0, 0, 3, 2, 2, 2, 2, 2, 2
0, 0, 0, 0, 0, 0, 0, 3, 3
0, 0, 0, 0, 0, 0, 3, 3, 2
0, 0, 0, 0, 0, 0, 0, 3, 3
0, 0, 0, 0, 0, 0, 0, 3, 3
0, 0, 0, 0, 0, 0, 3, 1, 1
0, 0, 0, 0, 0, 0, 0, 3, 3
0, 0, 0, 0, 0, 0, 0, 3, 3
0, 0, 0, 0, 0, 0, 0, 0, 3
0, 0, 0, 0, 0, 0, 0, 3, 3
0, 0, 0, 0, 0, 0, 3, 3, 3
0, 0, 0, 0, 0, 0, 0, 3, 3
0, 0, 0, 0, 0, 0, 0, 3, 3
0, 0, 0, 0, 0, 0, 3, 3, 3
0, 0, 0, 0, 0, 0, 0, 3, 1
0, 0, 0, 0, 0, 0, 0, 3, 3
0, 0, 0, 0, 0, 0, 0, 3, 3
0, 0, 0, 0, 0, 0, 0, 3, 1
0, 0, 0, 0, 0, 3, 1, 1, 1
0, 0, 0, 0, 0, 0, 0, 3, 1
0, 0, 0, 0, 0, 0, 3, 3, 1
0, 0, 0, 0, 3, 3, 3, 3, 1
0, 0, 0, 0, 0, 0, 0, 3, 1
0, 0, 0, 0, 0, 0, 0, 3, 3
0, 0, 0, 0, 0, 0, 0, 3, 3
0, 0, 0, 0, 0, 0, 0, 3, 3
0, 0, 0, 0, 0, 0, 0, 3, 3
0, 0, 0, 0, 0, 0, 0, 3, 3
0, 0, 0, 0, 0, 0, 0, 3, 3
0, 0, 0, 0, 0, 0, 0, 3, 3
0, 0, 0, 0, 0, 0, 0, 3, 3
0, 0, 0, 0, 0, 0, 0, 3, 3
0, 0, 0, 0, 0, 3, 3, 3, 3
0, 0, 0, 0, 0, 0, 0, 3, 3
0, 0, 0, 3, 3, 3, 3, 3, 3
0, 0, 0, 3, 3, 1, 1, 1, 1
0, 0, 0, 0, 0, 0, 3, 3, 3
0, 0, 0, 0, 0, 0, 0, 3, 3
0, 0, 0, 0, 0, 0, 0, 3, 3
0, 0, 0, 0, 0, 0, 0, 3, 3
0, 0, 0, 0, 0, 0, 0, 3, 3
0, 0, 0, 0, 0, 0, 0, 3, 3
0, 0, 0, 0, 0, 0, 0, 3, 3
0, 0, 0, 0, 0, 0, 0, 3, 3
0, 0, 0, 0, 0, 0, 0, 3, 3
0, 0, 0, 0, 0, 0, 0, 3, 3
0, 0, 0, 0, 0, 0, 0, 3, 3
0, 0, 3, 3, 3, 3, 3, 3, 3
0, 0, 0, 0, 0, 0, 3, 3, 3
0, 0, 0, 3, 3, 3, 3, 3, 2
0, 0, 0, 3, 1, 1, 1, 1, 1
0, 0, 3, 3, 3, 3, 3, 3, 3
0, 0, 3, 3, 3, 3, 3, 3, 3
0, 0, 0, 0, 0, 0, 3, 1, 1
0, 0, 0, 0, 0, 0, 0, 0, 3
0, 0, 0, 0, 3, 3, 3, 1, 1
0, 0, 0, 3, 3, 3, 3, 2, 2
0, 0, 0, 3, 3, 3, 3, 3, 2
0, 0, 0, 3, 3, 3, 3, 3, 3
0, 0, 0, 0, 0, 3, 3, 3, 2
0, 0, 0, 0, 0, 0, 3, 3, 3
0, 0, 0, 0, 0, 3, 1, 1, 1
0, 0, 3, 3, 3, 3, 3, 3, 3
0, 0, 0, 0, 0, 3, 1, 1, 1
0, 0, 0, 3, 3, 3, 3, 3, 1
0, 0, 0, 0, 0, 3, 3, 3, 3
0, 0, 0, 0, 3, 3, 1, 1, 1
0, 0, 0, 0, 0, 0, 0, 0, 3
0, 0, 0, 0, 0, 3, 3, 3, 3
0, 0, 0, 0, 0, 3, 3, 3, 3
0, 0, 0, 0, 0, 0, 0, 0, 3
0, 0, 0, 0, 0, 0, 3, 3, 3
0, 0, 0, 0, 0, 0, 0, 3, 3
0, 0, 0, 0, 0, 3, 3, 3, 3
0, 0, 0, 0, 0, 3, 3, 3, 1
0, 0, 0, 3, 3, 3, 3, 3, 3
0, 3, 3, 3, 3, 3, 3, 3, 3
0, 0, 0, 3, 3, 3, 3, 3, 3
0, 3, 3, 3, 3, 3, 3, 1, 1
0, 0, 3, 3, 3, 3, 3, 3, 3
0, 0, 3, 3, 3, 3, 3, 3, 3
0, 3, 3, 3, 3, 3, 3, 3, 3
0, 0, 0, 3, 3, 3, 3, 3, 2
0, 0, 0, 0, 0, 3, 3, 3, 3
0, 0, 0, 0, 0, 0, 0, 3, 1
0, 0, 3, 2, 2, 2, 2, 2, 2
0, 0, 0, 0, 0, 0, 0, 3, 3
0, 0, 0, 0, 0, 0, 0, 3, 3
0, 0, 0, 0, 0, 0, 0, 3, 3
0, 0, 0, 0, 0, 0, 0, 3, 3
0, 0, 0, 0, 0, 0, 0, 0, 3
0, 0, 0, 0, 0, 0, 0, 3, 3
0, 0, 0, 0, 0, 0, 0, 3, 3
0, 0, 0, 0, 0, 0, 0, 3, 3
0, 0, 0, 0, 0, 0, 0, 0, 3
0, 0, 0, 0, 0, 0, 0, 3, 1
0, 0, 0, 0, 0, 0, 0, 3, 3
0, 0, 0, 0, 0, 0, 3, 1, 1
0, 0, 0, 0, 0, 0, 0, 3, 1
0, 0, 0, 0, 0, 0, 3, 1, 1
0, 0, 0, 0, 0, 0, 0, 0, 3
0, 0, 0, 0, 0, 0, 0, 3, 3
0, 0, 0, 0, 0, 0, 0, 3, 3
0, 0, 0, 0, 0, 0, 0, 3, 3
0, 0, 0, 0, 0, 0, 0, 3, 3
0, 0, 0, 0, 0, 0, 0, 0, 3
0, 0, 0, 0, 0, 0, 0, 3, 3
0, 0, 0, 0, 0, 0, 0, 3, 3
0, 0, 0, 0, 0, 0, 0, 3, 3
0, 0, 0, 0, 0, 0, 0, 3, 3
0, 0, 0, 0, 0, 0, 3, 3, 3
0, 0, 0, 0, 0, 0, 0, 3, 3
0, 0, 0, 0, 0, 0, 3, 1, 1
0, 0, 0, 0, 0, 0, 0, 3, 1
0, 0, 0, 0, 0, 0, 3, 3, 3
0, 0, 0, 0, 0, 0, 3, 1, 1
0, 0, 0, 0, 0, 0, 0, 3, 3
0, 0, 0, 3, 3, 3, 3, 3, 3
0, 0, 0, 0, 0, 3, 1, 1, 1
0, 3, 3, 3, 3, 1, 1, 1, 1
0, 0, 0, 0, 0, 3, 3, 3, 3
0, 0, 0, 3, 3, 3, 3, 3, 3
0, 0, 3, 2, 2, 2, 2, 2, 2
0, 0, 0, 0, 0, 3, 3, 3, 3
0, 0, 0, 0, 0, 3, 1, 1, 1
0, 0, 0, 0, 3, 3, 3, 1, 1
0, 0, 0, 0, 0, 0, 0, 3, 1
0, 0, 0, 3, 3, 3, 3, 3, 3
0, 0, 0, 0, 0, 0, 3, 3, 3
0, 0, 0, 0, 3, 3, 3, 3, 3
0, 0, 0, 0, 3, 3, 3, 3, 3
0, 0, 0, 0, 0, 0, 3, 3, 3
0, 0, 0, 0, 0, 3, 3, 1, 1
0, 0, 0, 0, 0, 3, 3, 3, 3
0, 0, 0, 3, 3, 3, 3, 3, 3
0, 0, 3, 2, 2, 2, 2, 2, 2
0, 0, 3, 2, 2, 2, 2, 2, 2
0, 0, 0, 0, 3, 3, 3, 3, 1
0, 0, 0, 0, 0, 0, 3, 3, 3
0, 0, 0, 0, 0, 0, 0, 3, 3
0, 0, 0, 3, 3, 3, 3, 3, 3
0, 0, 0, 0, 0, 3, 3, 1, 1
0, 0, 0, 3, 3, 3, 3, 3, 3
0, 0, 3, 3, 3, 3, 3, 3, 3
0, 0, 3, 3, 3, 3, 3, 3, 2
0, 0, 3, 2, 2, 2, 2, 2, 2
0, 0, 3, 2, 2, 2, 2, 2, 2
0, 0, 0, 3, 3, 3, 3, 3, 3
0, 0, 0, 0, 3, 3, 3, 3, 3
0, 0, 0, 3, 3, 3, 3, 3, 1
0, 0, 0, 0, 0, 0, 3, 3, 2
0, 0, 0, 0, 0, 0, 3, 3, 3
0, 0, 0, 3, 3, 3, 3, 3, 2
0, 0, 0, 0, 0, 0, 3, 1, 1
0, 0, 0, 0, 0, 3, 3, 3, 1
0, 0, 0, 0, 0, 0, 0, 3, 3
0, 0, 0, 0, 0, 3, 3, 3, 3
0, 0, 0, 0, 0, 0, 0, 3, 1
0, 0, 0, 0, 0, 3, 3, 3, 3
0, 0, 0, 3, 3, 3, 3, 3, 3
0, 0, 3, 3, 3, 3, 3, 3, 3
0, 0, 3, 3, 3, 3, 3, 3, 3
0, 0, 3, 3, 3, 3, 3, 3, 3
0, 0, 3, 3, 3, 3, 3, 3, 3
0, 0, 0, 3, 3, 3, 3, 3, 3
0, 0, 3, 2, 2, 2, 2, 2, 2
0, 0, 0, 3, 3, 1, 1, 1, 1
0, 0, 0, 0, 0, 3, 3, 3, 2
0, 0, 0, 0, 0, 0, 3, 1, 1
0, 0, 0, 3, 3, 3, 3, 3, 3
0, 0, 0, 0, 3, 3, 3, 1, 1
0, 0, 3, 2, 2, 2, 2, 2, 2
0, 0, 0, 3, 3, 3, 3, 2, 2
0, 0, 0, 3, 3, 3, 3, 3, 3
0, 0, 0, 0, 0, 0, 3, 3, 3
0, 0, 3, 3, 3, 3, 3, 3, 3
0, 0, 0, 0, 3, 3, 3, 3, 3
0, 0, 3, 2, 2, 2, 2, 2, 2
0, 0, 0, 0, 3, 3, 3, 3, 1
0, 0, 0, 3, 3, 1, 1, 1, 1
0, 0, 0, 3, 3, 3, 3, 3, 3
0, 0, 3, 3, 3, 3, 3, 3, 3
0, 0, 0, 3, 1, 1, 1, 1, 1
0, 0, 3, 3, 3, 3, 3, 3, 3
0, 0, 0, 3, 3, 1, 1, 1, 1
0, 0, 0, 0, 3, 1, 1, 1, 1
0, 0, 3, 3, 3, 3, 3, 1, 1
0, 0, 3, 3, 3, 3, 1, 1, 1
0, 0, 3, 3, 3, 3, 3, 3, 3
0, 0, 0, 3, 3, 3, 1, 1, 1
0, 0, 3, 3, 3, 3, 1, 1, 1
0, 0, 3, 3, 3, 3, 1, 1, 1
0, 0, 3, 3, 3, 1, 1, 1, 1
0, 0, 0, 0, 0, 0, 0, 3, 3
0, 3, 3, 3, 3, 3, 3, 3, 3
0, 0, 0, 0, 0, 0, 3, 1, 1
0, 0, 0, 0, 0, 0, 3, 1, 1
0, 0, 0, 0, 0, 3, 1, 1, 1
0, 0, 0, 3, 3, 3, 3, 3, 1
0, 0, 0, 0, 3, 3, 3, 3, 1
0, 0, 0, 0, 0, 0, 0, 3, 3
0, 0, 0, 0, 0, 0, 0, 3, 3
0, 0, 3, 3, 3, 3, 3, 3, 3
0, 0, 3, 3, 3, 3, 3, 3, 3
0, 0, 3, 3, 3, 3, 3, 1, 1
0, 0, 0, 0, 0, 3, 1, 1, 1
0, 0, 0, 3, 3, 3, 3, 3, 3
0, 0, 3, 3, 3, 3, 3, 2, 2
0, 0, 0, 0, 0, 0, 3, 3, 2
0, 0, 0, 0, 0, 0, 0, 3, 1
0, 0, 0, 0, 0, 3, 3, 3, 2
0, 0, 0, 0, 0, 0, 0, 0, 3
0, 0, 0, 0, 0, 0, 0, 3, 1
0, 0, 0, 0, 0, 0, 0, 3, 3
0, 0, 0, 0, 0, 0, 0, 0, 3
0, 0, 0, 0, 0, 0, 0, 3, 3
0, 0, 3, 2, 2, 2, 2, 2, 2
0, 0, 0, 3, 3, 3, 3, 3, 2
0, 0, 3, 3, 3, 3, 3, 3, 3
0, 0, 0, 3, 3, 3, 3, 3, 3
0, 0, 0, 0, 0, 0, 3, 3, 3
0, 0, 0, 0, 0, 0, 0, 3, 3
0, 0, 0, 0, 0, 0, 0, 3, 3
0, 0, 0, 0, 0, 0, 0, 3, 3
0, 0, 0, 0, 0, 0, 0, 3, 3
0, 0, 0, 0, 0, 0, 0, 3, 3
0, 0, 0, 0, 0, 0, 0, 3, 3
0, 0, 0, 0, 3, 3, 3, 3, 3
0, 0, 0, 3, 3, 3, 3, 3, 3
0, 0, 0, 0, 0, 0, 0, 3, 3
0, 0, 0, 0, 0, 0, 0, 3, 3
0, 0, 0, 0, 0, 0, 3, 3, 1
0, 0, 0, 0, 0, 0, 0, 3, 3
0, 0, 0, 0, 0, 0, 0, 3, 3
0, 0, 0, 0, 0, 0, 0, 0, 3
0, 0, 0, 0, 0, 0, 0, 0, 3
0, 0, 0, 0, 0, 0, 0, 3, 1
0, 3, 3, 3, 3, 3, 3, 1, 1
0, 0, 3, 3, 3, 3, 3, 3, 3
0, 0, 3, 3, 3, 3, 3, 3, 3
0, 0, 0, 3, 3, 3, 3, 3, 1
0, 3, 3, 3, 3, 3, 3, 3, 3
0, 0, 3, 3, 3, 3, 3, 3, 1
0, 0, 0, 0, 0, 0, 0, 0, 3
0, 0, 0, 0, 0, 0, 0, 3, 1
0, 3, 3, 3, 3, 3, 3, 3, 3
0, 0, 0, 0, 0, 0, 0, 3, 1
0, 0, 0, 0, 0, 0, 0, 3, 1
0, 0, 0, 0, 0, 0, 0, 3, 3
0, 0, 0, 0, 0, 0, 0, 0, 3
0, 0, 3, 3, 3, 3, 3, 3, 3
0, 0, 0, 0, 0, 0, 0, 3, 3
0, 0, 0, 3, 3, 3, 3, 3, 3
0, 0, 0, 0, 0, 0, 0, 3, 3
0, 0, 0, 0, 0, 0, 0, 0, 3
0, 0, 0, 3, 3, 3, 3, 3, 3
0, 0, 0, 0, 0, 0, 0, 0, 3
0, 0, 0, 0, 0, 0, 0, 3, 1
0, 0, 0, 0, 0, 0, 3, 3, 3
0, 0, 0, 0, 3, 3, 3, 3, 1
0, 0, 0, 0, 0, 0, 3, 3, 3
0, 0, 3, 3, 3, 3, 3, 3, 3
0, 0, 0, 0, 0, 0, 0, 3, 3
0, 0, 0, 0, 0, 0, 0, 3, 1
0, 0, 0, 0, 0, 3, 3, 1, 1
0, 0, 3, 3, 3, 3, 3, 3, 3
0, 0, 0, 0, 0, 0, 3, 3, 3
0, 0, 0, 0, 0, 0, 0, 3, 3
0, 0, 0, 0, 0, 0, 0, 3, 3
0, 0, 3, 3, 3, 3, 3, 3, 3
0, 0, 0, 3, 3, 3, 3, 3, 3
0, 0, 3, 3, 3, 3, 3, 3, 3
0, 0, 3, 3, 3, 3, 3, 3, 1
0, 0, 3, 3, 3, 3, 3, 3, 3
0, 0, 0, 0, 0, 0, 3, 1, 1
0, 0, 0, 0, 3, 3, 3, 1, 1
0, 0, 0, 0, 3, 3, 3, 3, 3
0, 0, 0, 0, 0, 3, 3, 1, 1
0, 0, 0, 0, 0, 0, 3, 3, 3
0, 0, 0, 0, 0, 0, 3, 3, 1
0, 0, 0, 0, 0, 0, 0, 3, 1
0, 0, 0, 0, 0, 0, 0, 3, 1
0, 0, 0, 0, 0, 0, 0, 3, 1
0, 0, 3, 3, 3, 3, 3, 1, 1
0, 0, 3, 3, 3, 3, 3, 3, 3
0, 0, 3, 3, 3, 3, 3, 3, 3
0, 0, 0, 3, 3, 3, 3, 3, 3
0, 0, 0, 0, 0, 0, 3, 3, 1
0, 0, 0, 0, 0, 0, 0, 3, 3
0, 0, 0, 3, 1, 1, 1, 1, 1
0, 0, 0, 0, 0, 0, 3, 3, 3
0, 0, 0, 0, 3, 3, 3, 3, 3
0, 0, 0, 0, 0, 3, 3, 1, 1
0, 0, 0, 0, 0, 3, 1, 1, 1
0, 0, 0, 0, 3, 3, 3, 3, 3
0, 0, 0, 0, 3, 3, 3, 3, 1
0, 0, 0, 0, 3, 3, 3, 3, 1
0, 0, 0, 0, 0, 0, 3, 3, 3
0, 0, 0, 0, 3, 3, 3, 3, 3
0, 0, 0, 0, 0, 0, 3, 3, 3
0, 0, 0, 0, 0, 3, 1, 1, 1
0, 0, 0, 0, 0, 3, 1, 1, 1
0, 0, 0, 0, 0, 3, 1, 1, 1
0, 0, 0, 3, 3, 3, 1, 1, 1
0, 0, 0, 3, 3, 3, 3, 3, 3
0, 0, 0, 3, 1, 1, 1, 1, 1
0, 0, 0, 0, 3, 3, 3, 1, 1
0, 0, 0, 3, 1, 1, 1, 1, 1
0, 0, 0, 0, 0, 3, 1, 1, 1
0, 0, 0, 3, 3, 3, 3, 3, 1
0, 0, 0, 3, 3, 3, 3, 1, 1
0, 0, 0, 3, 3, 3, 1, 1, 1
0, 0, 0, 0, 0, 3, 1, 1, 1
0, 0, 0, 0, 0, 3, 1, 1, 1
0, 0, 0, 3, 3, 3, 1, 1, 1
0, 0, 0, 0, 0, 0, 0, 3, 3
0, 0, 0, 0, 0, 0, 0, 3, 3
0, 0, 0, 0, 0, 0, 0, 3, 1
0, 3, 3, 3, 3, 3, 3, 3, 3
0, 0, 3, 3, 3, 3, 3, 3, 3
0, 0, 3, 3, 3, 3, 3, 3, 3
0, 0, 3, 3, 3, 3, 3, 3, 3
0, 0, 0, 0, 0, 0, 0, 0, 3
0, 3, 3, 3, 3, 3, 3, 3, 3
0, 0, 0, 0, 0, 0, 0, 0, 3
0, 0, 3, 3, 3, 3, 3, 3, 3
0, 0, 0, 0, 0, 0, 0, 3, 1
0, 0, 3, 3, 3, 1, 1, 1, 1
0, 0, 3, 3, 3, 3, 3, 1, 1
0, 0, 3, 3, 3, 3, 3, 3, 3
0, 0, 0, 3, 3, 3, 3, 2, 2
0, 0, 0, 3, 3, 3, 3, 2, 2
0, 3, 3, 3, 3, 3, 3, 2, 2
0, 0, 0, 3, 3, 3, 3, 2, 2
0, 0, 0, 0, 3, 1, 1, 1, 1
0, 0, 0, 0, 0, 3, 3, 1, 1
0, 0, 0, 3, 3, 3, 3, 3, 3
0, 0, 0, 0, 0, 3, 1, 1, 1
0, 0, 3, 3, 3, 3, 3, 2, 2
0, 0, 0, 3, 3, 3, 3, 2, 2
0, 0, 0, 0, 3, 3, 1, 1, 1
0, 0, 0, 0, 3, 3, 3, 1, 1
0, 0, 0, 0, 0, 0, 3, 1, 1
0, 0, 0, 0, 0, 0, 0, 0, 3
0, 0, 0, 0, 0, 0, 0, 3, 3
0, 0, 0, 0, 0, 0, 0, 3, 3
0, 0, 0, 0, 0, 0, 0, 3, 3
0, 0, 0, 0, 0, 0, 0, 3, 3
0, 0, 0, 0, 0, 0, 0, 3, 3
0, 0, 0, 0, 0, 0, 0, 3, 3
0, 0, 0, 0, 0, 0, 0, 3, 3
0, 0, 0, 3, 3, 3, 3, 3, 3
0, 0, 3, 2, 2, 2, 2, 2, 2
0, 0, 0, 0, 0, 0, 3, 3, 3
0, 0, 0, 3, 3, 3, 3, 3, 3
0, 0, 0, 0, 3, 1, 1, 1, 1
0, 0, 0, 0, 0, 3, 3, 3, 2
0, 0, 0, 0, 0, 3, 1, 1, 1
0, 0, 3, 3, 3, 3, 3, 3, 3
0, 0, 3, 3, 3, 3, 3, 3, 3
0, 0, 0, 3, 3, 3, 3, 3, 3
0, 0, 0, 0, 0, 3, 3, 1, 1
0, 0, 3, 2, 2, 2, 2, 2, 2
0, 0, 0, 0, 3, 3, 3, 1, 1
0, 0, 0, 0, 0, 0, 0, 3, 3
0, 0, 0, 0, 0, 0, 0, 3, 3
0, 0, 0, 3, 3, 3, 3, 3, 3
0, 0, 0, 0, 0, 0, 0, 3, 3
0, 0, 0, 0, 0, 3, 3, 3, 3
0, 0, 0, 0, 0, 0, 0, 3, 3
0, 0, 0, 0, 0, 0, 0, 3, 3
0, 0, 0, 0, 0, 0, 0, 3, 3
0, 0, 0, 0, 0, 0, 0, 3, 3
0, 0, 0, 0, 0, 0, 0, 3, 3
0, 0, 0, 0, 3, 3, 3, 1, 1
0, 0, 0, 0, 0, 3, 3, 3, 1
0, 0, 0, 0, 0, 0, 0, 3, 1
0, 0, 0, 0, 0, 0, 0, 3, 3
0, 0, 0, 0, 0, 3, 1, 1, 1
0, 0, 0, 0, 0, 3, 1, 1, 1
0, 0, 3, 3, 3, 3, 3, 3, 1
0, 0, 0, 0, 3, 3, 3, 1, 1
0, 0, 0, 3, 3, 3, 3, 1, 1
0, 0, 0, 3, 3, 3, 3, 1, 1
0, 0, 0, 0, 0, 0, 3, 1, 1
0, 0, 0, 0, 3, 3, 3, 1, 1
0, 0, 0, 0, 0, 0, 0, 3, 3
0, 0, 0, 0, 0, 3, 3, 3, 3
0, 0, 0, 0, 0, 0, 3, 3, 3
0, 0, 0, 0, 0, 0, 3, 1, 1
0, 0, 0, 0, 0, 0, 3, 3, 3
0, 0, 0, 3, 3, 3, 3, 3, 3
0, 0, 0, 3, 3, 3, 3, 3, 3
0, 0, 0, 3, 3, 3, 3, 3, 3
0, 0, 0, 3, 3, 3, 3, 3, 3
0, 0, 0, 3, 3, 3, 3, 3, 3
0, 0, 0, 0, 3, 3, 3, 3, 3
0, 0, 0, 0, 0, 0, 0, 3, 3
0, 0, 0, 3, 3, 1, 1, 1, 1
0, 0, 0, 0, 0, 0, 0, 3, 3
0, 0, 0, 0, 0, 3, 3, 1, 1
0, 0, 0, 0, 0, 3, 3, 3, 1
0, 0, 3, 2, 2, 2, 2, 2, 2
0, 0, 0, 3, 3, 3, 3, 3, 3
0, 0, 0, 0, 0, 0, 3, 3, 1
0, 0, 0, 3, 3, 3, 3, 3, 1
0, 0, 0, 0, 0, 0, 3, 3, 3
0, 0, 0, 0, 0, 0, 3, 3, 1
0, 0, 0, 3, 3, 3, 3, 3, 1
0, 0, 0, 3, 3, 3, 3, 3, 2
0, 0, 0, 3, 3, 3, 3, 3, 3
0, 0, 0, 0, 3, 3, 3, 3, 3
0, 0, 0, 0, 3, 3, 3, 1, 1
0, 0, 3, 3, 3, 3, 3, 3, 3
0, 0, 0, 3, 3, 3, 3, 3, 3
0, 0, 0, 3, 1, 1, 1, 1, 1
0, 0, 0, 0, 0, 0, 3, 3, 1
0, 0, 0, 3, 3, 3, 3, 3, 1
0, 0, 0, 3, 1, 1, 1, 1, 1
0, 0, 0, 3, 3, 3, 3, 3, 3
0, 0, 0, 3, 3, 1, 1, 1, 1
0, 0, 0, 3, 3, 3, 1, 1, 1
0, 0, 0, 3, 3, 3, 3, 1, 1
0, 0, 0, 3, 3, 3, 3, 3, 3
0, 0, 3, 3, 3, 3, 3, 3, 3
0, 0, 0, 0, 0, 3, 3, 3, 3
0, 0, 0, 3, 3, 3, 3, 3, 3
0, 0, 0, 0, 0, 3, 1, 1, 1
0, 0, 0, 0, 0, 0, 3, 1, 1
0, 0, 0, 0, 0, 0, 0, 3, 3
0, 0, 0, 0, 0, 0, 0, 3, 3
0, 0, 0, 0, 0, 0, 0, 3, 3
0, 0, 0, 0, 0, 0, 0, 3, 3
0, 0, 0, 0, 0, 0, 0, 3, 3
0, 0, 0, 0, 0, 0, 0, 3, 3
0, 0, 0, 0, 0, 0, 0, 3, 3
0, 0, 0, 0, 3, 3, 3, 1, 1
0, 0, 3, 3, 3, 3, 3, 3, 3
0, 0, 0, 3, 3, 3, 3, 1, 1
0, 0, 0, 3, 3, 3, 3, 3, 3
0, 0, 0, 0, 3, 3, 3, 3, 3
0, 0, 3, 3, 3, 3, 3, 3, 1
0, 0, 0, 3, 1, 1, 1, 1, 1
0, 0, 0, 0, 0, 3, 1, 1, 1
0, 0, 3, 2, 2, 2, 2, 2, 2
0, 0, 0, 0, 0, 0, 0, 3, 3
0, 0, 0, 3, 3, 1, 1, 1, 1
0, 0, 0, 0, 3, 3, 3, 3, 3
0, 0, 0, 3, 3, 3, 3, 3, 3
0, 0, 0, 0, 0, 0, 0, 3, 1
0, 0, 0, 0, 0, 3, 3, 3, 3
0, 0, 0, 0, 0, 0, 3, 1, 1
0, 0, 0, 0, 3, 3, 3, 3, 3
0, 0, 0, 3, 3, 3, 1, 1, 1
0, 0, 0, 0, 0, 3, 1, 1, 1
0, 0, 3, 3, 3, 3, 3, 3, 3
0, 0, 0, 0, 3, 3, 3, 3, 3
0, 0, 0, 0, 0, 0, 3, 3, 3
0, 0, 0, 3, 3, 3, 3, 3, 3
0, 0, 0, 0, 0, 0, 0, 3, 3
0, 0, 0, 0, 0, 0, 0, 3, 3
0, 0, 0, 0, 0, 0, 0, 3, 3
0, 0, 0, 0, 0, 0, 0, 0, 3
0, 0, 0, 0, 0, 0, 0, 3, 3
0, 0, 0, 0, 0, 0, 0, 3, 3
0, 0, 0, 0, 0, 0, 0, 3, 3
0, 0, 0, 0, 0, 0, 0, 3, 3
0, 0, 0, 0, 0, 0, 0, 3, 3
0, 0, 0, 0, 0, 0, 0, 3, 3
0, 0, 0, 0, 0, 3, 1, 1, 1
0, 0, 0, 0, 3, 3, 3, 1, 1
0, 0, 0, 0, 0, 0, 3, 3, 1
0, 0, 3, 2, 2, 2, 2, 2, 2
0, 3, 3, 3, 3, 3, 3, 3, 3
0, 0, 3, 3, 3, 3, 3, 3, 3
0, 0, 0, 0, 0, 0, 3, 1, 1
0, 0, 0, 0, 0, 0, 3, 1, 1
0, 0, 0, 0, 0, 0, 3, 3, 3
0, 0, 3, 3, 3, 1, 1, 1, 1
0, 0, 0, 3, 3, 3, 3, 1, 1
0, 0, 0, 3, 3, 3, 3, 3, 3
0, 0, 0, 0, 0, 3, 3, 3, 3
0, 0, 0, 0, 3, 1, 1, 1, 1
0, 0, 0, 0, 0, 0, 0, 0, 3
0, 0, 0, 3, 3, 3, 3, 3, 2
0, 0, 0, 3, 3, 3, 3, 3, 3
0, 0, 3, 3, 3, 1, 1, 1, 1
0, 0, 0, 0, 3, 3, 3, 3, 1
0, 0, 0, 0, 3, 1, 1, 1, 1
0, 0, 3, 3, 3, 1, 1, 1, 1
0, 0, 3, 3, 3, 3, 3, 1, 1
0, 0, 3, 3, 3, 3, 3, 3, 3
0, 0, 0, 0, 0, 3, 3, 1, 1
0, 0, 3, 3, 3, 3, 3, 3, 3
0, 0, 0, 0, 3, 3, 3, 3, 1
0, 0, 0, 0, 0, 0, 0, 3, 3
0, 0, 0, 0, 0, 0, 0, 3, 3
0, 0, 0, 0, 0, 0, 0, 3, 3
0, 0, 0, 0, 0, 0, 0, 3, 3
0, 0, 0, 0, 0, 0, 3, 3, 3
0, 0, 3, 2, 2, 2, 2, 2, 2
0, 0, 0, 3, 3, 1, 1, 1, 1
0, 0, 3, 3, 3, 3, 3, 3, 3
0, 0, 3, 3, 3, 3, 3, 3, 3
0, 0, 3, 3, 3, 3, 3, 3, 1
0, 0, 0, 0, 0, 3, 3, 3, 3
0, 0, 0, 0, 0, 3, 3, 1, 1
0, 0, 0, 0, 0, 0, 3, 1, 1
0, 0, 0, 0, 0, 0, 3, 1, 1
0, 0, 3, 2, 2, 2, 2, 2, 2
0, 0, 3, 2, 2, 2, 2, 2, 2
0, 0, 0, 0, 0, 3, 3, 3, 3
0, 0, 0, 0, 0, 0, 3, 1, 1
0, 0, 0, 0, 0, 0, 3, 3, 2
0, 0, 3, 3, 3, 3, 3, 3, 3
0, 0, 0, 3, 3, 3, 3, 3, 3
0, 0, 0, 0, 0, 3, 3, 3, 1
0, 0, 0, 0, 3, 1, 1, 1, 1
0, 0, 0, 0, 0, 0, 3, 1, 1
0, 0, 0, 0, 0, 0, 0, 0, 3
0, 0, 3, 3, 3, 3, 3, 1, 1
0, 0, 3, 3, 3, 3, 3, 1, 1
0, 0, 0, 0, 0, 0, 3, 3, 3
0, 0, 3, 3, 3, 3, 3, 1, 1
0, 0, 3, 3, 3, 3, 3, 3, 3
0, 0, 3, 3, 3, 3, 3, 3, 3
0, 0, 0, 3, 3, 3, 3, 3, 3
0, 0, 3, 2, 2, 2, 2, 2, 2
0, 0, 0, 3, 3, 3, 3, 3, 3
0, 0, 0, 0, 3, 3, 3, 3, 3
0, 0, 0, 3, 3, 3, 3, 3, 1
0, 0, 3, 2, 2, 2, 2, 2, 2
0, 0, 3, 3, 3, 3, 3, 3, 3
0, 0, 0, 0, 0, 3, 1, 1, 1
0, 0, 0, 0, 0, 3, 1, 1, 1
0, 0, 0, 0, 3, 3, 3, 3, 3
0, 0, 0, 3, 3, 3, 3, 3, 3
0, 0, 3, 3, 3, 3, 3, 3, 3
0, 0, 0, 0, 3, 3, 3, 3, 3
0, 0, 0, 3, 3, 3, 3, 3, 3
0, 0, 0, 3, 3, 3, 3, 3, 3
0, 0, 0, 0, 3, 1, 1, 1, 1
0, 0, 0, 0, 0, 0, 3, 1, 1
0, 0, 0, 3, 3, 3, 3, 3, 3
0, 0, 0, 0, 0, 3, 1, 1, 1
0, 0, 3, 3, 3, 3, 3, 3, 3
0, 0, 0, 3, 3, 3, 3, 3, 3
0, 0, 0, 3, 3, 3, 3, 3, 3
0, 0, 0, 0, 3, 3, 3, 3, 1
0, 0, 0, 0, 0, 0, 0, 3, 3
0, 0, 0, 0, 0, 0, 0, 3, 3
0, 0, 0, 0, 0, 0, 0, 3, 3
0, 0, 0, 0, 0, 0, 3, 3, 3
0, 0, 0, 0, 0, 3, 1, 1, 1
0, 0, 0, 0, 0, 3, 1, 1, 1
0, 3, 3, 3, 3, 3, 3, 3, 3
0, 0, 3, 2, 2, 2, 2, 2, 2
0, 0, 0, 0, 0, 0, 3, 3, 3
0, 0, 0, 0, 3, 3, 3, 1, 1
0, 0, 0, 0, 3, 3, 3, 3, 3
0, 0, 0, 3, 3, 3, 3, 3, 3
0, 0, 0, 3, 3, 3, 3, 3, 1
0, 0, 0, 0, 3, 3, 3, 3, 3
0, 0, 0, 0, 0, 3, 1, 1, 1
0, 0, 0, 0, 3, 1, 1, 1, 1
0, 0, 0, 3, 3, 3, 3, 3, 3
0, 0, 0, 0, 3, 3, 1, 1, 1
0, 0, 0, 3, 3, 3, 1, 1, 1
0, 0, 0, 3, 3, 3, 3, 1, 1
0, 0, 0, 0, 0, 0, 0, 3, 3
0, 0, 0, 0, 3, 3, 1, 1, 1
0, 0, 3, 3, 3, 3, 3, 1, 1
0, 3, 3, 3, 3, 3, 3, 3, 3
0, 0, 0, 3, 3, 3, 3, 3, 2
0, 0, 0, 3, 1, 1, 1, 1, 1
0, 0, 0, 0, 0, 0, 3, 3, 3
0, 0, 0, 0, 0, 3, 3, 3, 3
0, 0, 0, 0, 0, 0, 0, 3, 3
0, 0, 0, 0, 0, 0, 0, 3, 3
0, 0, 0, 0, 3, 3, 3, 3, 3
0, 0, 0, 3, 3, 3, 3, 3, 3
0, 0, 0, 3, 3, 3, 3, 2, 2
0, 0, 0, 0, 0, 0, 3, 1, 1
0, 0, 0, 0, 0, 0, 3, 3, 1
0, 0, 3, 3, 3, 3, 3, 3, 3
0, 0, 3, 3, 3, 3, 3, 3, 3
0, 0, 0, 3, 3, 3, 3, 3, 3
0, 0, 3, 3, 3, 1, 1, 1, 1
0, 0, 0, 3, 3, 3, 3, 3, 3
0, 0, 0, 0, 0, 3, 3, 3, 2
0, 0, 3, 2, 2, 2, 2, 2, 2
0, 0, 0, 0, 0, 0, 0, 3, 3
0, 0, 0, 0, 0, 0, 3, 3, 3
0, 0, 0, 0, 0, 0, 0, 3, 3
0, 0, 0, 0, 0, 3, 3, 3, 3
0, 0, 0, 3, 3, 3, 3, 3, 3
0, 0, 0, 3, 3, 3, 3, 3, 3
0, 0, 0, 3, 3, 3, 3, 3, 3
0, 0, 0, 0, 0, 3, 1, 1, 1
0, 0, 0, 3, 3, 3, 3, 3, 3
0, 0, 0, 0, 0, 0, 0, 3, 3
0, 0, 0, 0, 0, 0, 0, 3, 3
0, 0, 0, 0, 0, 0, 0, 3, 3
0, 0, 0, 0, 0, 0, 0, 3, 3
0, 0, 0, 0, 0, 0, 0, 3, 3
0, 0, 0, 0, 0, 0, 0, 3, 3
0, 0, 0, 0, 0, 0, 0, 3, 3
0, 0, 0, 0, 0, 0, 0, 3, 3
0, 0, 0, 0, 0, 0, 0, 3, 3
0, 0, 0, 0, 0, 0, 3, 1, 1
0, 0, 0, 0, 0, 0, 3, 1, 1
0, 0, 0, 0, 3, 3, 3, 1, 1
0, 0, 0, 0, 0, 0, 3, 1, 1
0, 0, 0, 0, 0, 0, 3, 1, 1
0, 0, 0, 0, 3, 3, 3, 1, 1
0, 0, 0, 0, 3, 3, 3, 3, 1
0, 0, 0, 3, 3, 3, 3, 3, 3
0, 0, 0, 0, 3, 3, 3, 3, 1
0, 0, 0, 0, 0, 0, 3, 3, 3
0, 0, 0, 0, 0, 0, 3, 3, 3
0, 0, 0, 0, 0, 0, 0, 3, 3
0, 0, 0, 0, 0, 0, 3, 3, 3
0, 0, 0, 0, 0, 0, 3, 3, 3
0, 0, 0, 0, 0, 0, 0, 3, 3
0, 0, 0, 0, 0, 0, 0, 3, 3
0, 0, 0, 0, 0, 0, 0, 3, 3
0, 0, 0, 0, 0, 0, 0, 3, 3
0, 0, 0, 0, 0, 3, 3, 3, 1
0, 3, 3, 3, 3, 3, 3, 3, 3
0, 0, 3, 3, 3, 3, 3, 3, 3
0, 0, 0, 3, 1, 1, 1, 1, 1
0, 0, 0, 3, 3, 3, 3, 3, 3
0, 0, 0, 0, 3, 3, 3, 3, 1
0, 0, 0, 0, 0, 0, 0, 3, 3
0, 0, 0, 0, 0, 0, 0, 3, 3
0, 0, 0, 0, 0, 0, 0, 3, 3
0, 0, 0, 0, 0, 0, 0, 3, 3
0, 0, 0, 0, 0, 0, 0, 3, 3
0, 0, 0, 0, 0, 0, 0, 3, 3
0, 0, 0, 0, 0, 0, 0, 3, 3
0, 0, 0, 0, 0, 0, 0, 3, 3
0, 0, 0, 3, 3, 3, 3, 3, 3
0, 0, 0, 3, 3, 3, 3, 3, 3
0, 0, 0, 3, 3, 3, 3, 3, 3
0, 0, 3, 3, 3, 3, 3, 3, 3
0, 0, 0, 3, 3, 3, 3, 3, 3
0, 0, 0, 3, 3, 3, 3, 3, 2
0, 0, 0, 0, 0, 0, 3, 3, 3
0, 0, 0, 0, 0, 0, 0, 3, 3
0, 0, 0, 3, 3, 3, 1, 1, 1
0, 0, 0, 0, 0, 3, 1, 1, 1
0, 0, 0, 0, 3, 3, 3, 3, 2
0, 0, 0, 0, 0, 3, 1, 1, 1
0, 0, 0, 0, 0, 0, 0, 3, 3
0, 0, 0, 0, 0, 3, 1, 1, 1
0, 0, 0, 3, 1, 1, 1, 1, 1
0, 0, 0, 3, 3, 3, 3, 3, 3
0, 0, 0, 0, 0, 0, 0, 3, 3
0, 0, 3, 3, 3, 3, 1, 1, 1
0, 0, 0, 0, 0, 0, 3, 3, 3
