Position, Gene, Allele, Annotation, Test statistic, P-value, Deletion index, Fold reduction, Deletion P-value, Duplication index, Fold increase, Duplication pvalue, Passed?, AC:100, DP:100, AC:200, DP:200, AC:300, DP:300, AC:400, DP:400, AC:500, DP:500, AC:600, DP:600, AC:700, DP:700, AC:800, DP:800, AC:900, DP:900
257, FFI39_RS00005, A->C, missense, -0.671417003356, 0.392, 9, 1, 1, 1, 1, 1, FAIL, 0.0, 94.0, 2.0, 43.0, 6.0, 99.0, 10.0, 88.0, 2.0, 41.0, 1.0, 29.0, 6.0, 30.0, 0.0, 19.0, 14.0, 149.0
271, FFI39_RS00005, A->C, missense, -0.189041763866, 0.3887, 9, 1, 1, 1, 1, 1, FAIL, 2.0, 90.0, 4.0, 39.0, 4.0, 98.0, 9.0, 82.0, 2.0, 39.0, 0.0, 27.0, 5.0, 28.0, 0.0, 14.0, 18.0, 148.0
272, FFI39_RS00005, G->C, synonymous, 0.177915164059, 0.3778, 9, 1, 1, 1, 1, 1, FAIL, 0.0, 90.0, 1.0, 39.0, 4.0, 98.0, 14.0, 82.0, 2.0, 39.0, 3.0, 27.0, 5.0, 28.0, 0.0, 14.0, 8.0, 149.0
291, FFI39_RS00005, G->T, missense, -0.178018953795, 0.3772, 9, 1, 1, 1, 1, 1, FAIL, 1.0, 84.0, 4.0, 37.0, 3.0, 96.0, 15.0, 75.0, 2.0, 35.0, 3.0, 21.0, 3.0, 22.0, 0.0, 3.0, 7.0, 134.0
1360, FFI39_RS00005, G->A, synonymous, 0.609353451326, 0.0284, 9, 1, 1, 1, 1, 1, PASS, 0.0, 283.0, 0.0, 135.0, 0.0, 176.0, 48.0, 179.0, 25.0, 75.0, 8.0, 73.0, 20.0, 104.0, 13.0, 179.0, 24.0, 170.0
2730, FFI39_RS00015, T->G, noncoding, 0.615239474845, 0.187, 9, 1, 1, 1, 1, 1, FAIL, 1.0, 110.0, 2.0, 37.0, 0.0, 79.0, 3.0, 72.0, 2.0, 49.0, 1.0, 46.0, 0.0, 42.0, 14.0, 84.0, 9.0, 79.0
9196, FFI39_RS00040, A->C, noncoding, -0.943559792533, 0.3937, 9, 1, 1, 1, 1, 1, FAIL, 2.0, 206.0, 2.0, 38.0, 1.0, 89.0, 3.0, 138.0, 3.0, 24.0, 1.0, 28.0, 0.0, 108.0, 4.0, 130.0, 4.0, 116.0
28381, FFI39_RS00110, G->T, synonymous, -0.0227557899083, 0.3952, 9, 1, 1, 1, 1, 1, FAIL, 1.0, 100.0, 13.0, 135.0, 19.0, 147.0, 29.0, 199.0, 2.0, 47.0, 12.0, 57.0, 14.0, 104.0, 2.0, 56.0, 18.0, 184.0
31896, FFI39_RS00130, A->C, noncoding, -0.171315813317, 0.3989, 9, 1, 1, 1, 1, 1, FAIL, 4.0, 152.0, 8.0, 68.0, 5.0, 125.0, 10.0, 76.0, 7.0, 62.0, 11.0, 49.0, 4.0, 55.0, 6.0, 111.0, 12.0, 84.0
31902, intergenic, C->G, noncoding, -0.0632107204626, 0.3898, 9, 1, 1, 1, 1, 1, FAIL, 3.0, 153.0, 4.0, 72.0, 6.0, 127.0, 7.0, 86.0, 7.0, 66.0, 8.0, 50.0, 3.0, 61.0, 1.0, 114.0, 8.0, 93.0
35853, FFI39_RS00160, G->A, missense, 0.483653814402, 0.0358, 9, 1, 1, 1, 1, 1, PASS, 0.0, 158.0, 0.0, 111.0, 1.0, 95.0, 82.0, 101.0, 66.0, 88.0, 69.0, 80.0, 62.0, 74.0, 49.0, 61.0, 99.0, 117.0
37144, FFI39_RS00160, T->G, synonymous, 1.58560271746, 0.0092, 9, 1, 1, 1, 1, 1, PASS, 0.0, 210.0, 0.0, 162.0, 0.0, 165.0, 1.0, 219.0, 6.0, 161.0, 5.0, 167.0, 78.0, 135.0, 160.0, 199.0, 126.0, 151.0
41101, FFI39_RS00175, C->A, noncoding, 0.118391491251, 0.2271, 9, 1, 1, 1, 1, 1, FAIL, 4.0, 163.0, 3.0, 52.0, 6.0, 104.0, 19.0, 116.0, 7.0, 40.0, 8.0, 54.0, 19.0, 73.0, 19.0, 140.0, 26.0, 150.0
51440, FFI39_RS00205, G->T, missense, -0.444497774178, 0.3847, 9, 1, 1, 1, 1, 1, FAIL, 11.0, 235.0, 4.0, 129.0, 4.0, 140.0, 6.0, 162.0, 6.0, 127.0, 5.0, 107.0, 14.0, 92.0, 3.0, 178.0, 5.0, 174.0
54658, FFI39_RS00230, C->G, synonymous, 0.0511496095311, 0.3851, 9, 1, 1, 1, 1, 1, FAIL, 6.0, 200.0, 10.0, 125.0, 10.0, 157.0, 16.0, 130.0, 9.0, 125.0, 19.0, 95.0, 2.0, 78.0, 5.0, 145.0, 12.0, 120.0
57406, intergenic, A->C, noncoding, -0.0724435273674, 0.3998, 9, 1, 1, 1, 1, 1, FAIL, 0.0, 56.0, 0.0, 6.0, 0.0, 43.0, 6.0, 29.0, 1.0, 8.0, 1.0, 12.0, 0.0, 22.0, 8.0, 54.0, 11.0, 62.0
57414, intergenic, G->T, noncoding, 0.0505992723166, 0.3831, 9, 1, 1, 1, 1, 1, FAIL, 0.0, 43.0, 0.0, 5.0, 1.0, 45.0, 2.0, 25.0, 2.0, 6.0, 2.0, 7.0, 0.0, 18.0, 8.0, 50.0, 8.0, 66.0
57415, intergenic, A->T, noncoding, 0.331965702173, 0.3638, 9, 1, 1, 1, 1, 1, FAIL, 0.0, 41.0, 0.0, 5.0, 0.0, 45.0, 4.0, 23.0, 0.0, 7.0, 0.0, 7.0, 0.0, 17.0, 5.0, 49.0, 6.0, 69.0
57421, intergenic, C->A, noncoding, 0.776666741329, 0.2268, 9, 1, 1, 1, 1, 1, FAIL, 1.0, 39.0, 0.0, 6.0, 0.0, 51.0, 4.0, 29.0, 2.0, 9.0, 0.0, 9.0, 0.0, 16.0, 5.0, 53.0, 3.0, 67.0
57424, intergenic, G->C, noncoding, -0.127438057708, 0.384, 9, 1, 1, 1, 1, 1, FAIL, 1.0, 40.0, 0.0, 5.0, 0.0, 51.0, 5.0, 29.0, 3.0, 9.0, 1.0, 8.0, 0.0, 14.0, 6.0, 53.0, 13.0, 67.0
57425, intergenic, C->A, noncoding, -0.162617871495, 0.3651, 9, 1, 1, 1, 1, 1, FAIL, 1.0, 40.0, 0.0, 5.0, 0.0, 49.0, 4.0, 29.0, 2.0, 9.0, 1.0, 8.0, 0.0, 14.0, 5.0, 53.0, 15.0, 67.0
57428, intergenic, T->G, noncoding, 0.841968447611, 0.2242, 9, 1, 1, 1, 1, 1, FAIL, 0.0, 38.0, 0.0, 4.0, 0.0, 48.0, 5.0, 27.0, 2.0, 8.0, 0.0, 7.0, 0.0, 10.0, 4.0, 47.0, 4.0, 65.0
57437, intergenic, T->G, noncoding, 0.750703506897, 0.2066, 9, 1, 1, 1, 1, 1, FAIL, 1.0, 38.0, 0.0, 6.0, 1.0, 49.0, 4.0, 35.0, 0.0, 9.0, 0.0, 11.0, 4.0, 10.0, 6.0, 48.0, 6.0, 73.0
57440, intergenic, C->G, noncoding, 0.754940133644, 0.2333, 9, 1, 1, 1, 1, 1, FAIL, 1.0, 35.0, 0.0, 6.0, 0.0, 50.0, 3.0, 37.0, 2.0, 11.0, 0.0, 11.0, 4.0, 12.0, 1.0, 47.0, 4.0, 73.0
57442, intergenic, C->G, noncoding, 0.986239531652, 0.1638, 9, 1, 1, 1, 1, 1, FAIL, 0.0, 43.0, 0.0, 7.0, 0.0, 50.0, 3.0, 40.0, 1.0, 13.0, 0.0, 12.0, 3.0, 17.0, 3.0, 50.0, 2.0, 75.0
57449, intergenic, A->T, noncoding, 0.441285409753, 0.3408, 9, 1, 1, 1, 1, 1, FAIL, 0.0, 46.0, 0.0, 9.0, 0.0, 50.0, 1.0, 43.0, 1.0, 13.0, 0.0, 13.0, 3.0, 19.0, 3.0, 46.0, 2.0, 74.0
57461, intergenic, T->G, noncoding, 1.64860419279, 0.0907, 9, 1, 1, 1, 1, 1, PASS, 0.0, 58.0, 1.0, 13.0, 0.0, 51.0, 1.0, 46.0, 2.0, 14.0, 0.0, 12.0, 3.0, 21.0, 2.0, 48.0, 2.0, 76.0
57535, intergenic, T->A, noncoding, -0.0522362265152, 0.3958, 9, 1, 1, 1, 1, 1, FAIL, 2.0, 102.0, 2.0, 34.0, 3.0, 76.0, 6.0, 74.0, 6.0, 30.0, 2.0, 23.0, 3.0, 41.0, 3.0, 65.0, 2.0, 89.0
66230, intergenic, C->A, noncoding, -0.0646419678905, 0.3859, 9, 1, 1, 1, 1, 1, FAIL, 4.0, 133.0, 1.0, 43.0, 1.0, 80.0, 9.0, 137.0, 1.0, 44.0, 4.0, 28.0, 1.0, 57.0, 6.0, 110.0, 0.0, 86.0
69478, FFI39_RS00275, G->T, nonsense, -0.0893139520252, 0.3937, 9, 1, 1, 1, 1, 1, FAIL, 2.0, 113.0, 2.0, 100.0, 0.0, 111.0, 0.0, 105.0, 1.0, 121.0, 0.0, 88.0, 0.0, 66.0, 2.0, 81.0, 15.0, 119.0
69487, FFI39_RS00275, T->A, missense, -0.124196778376, 0.3754, 9, 1, 1, 1, 1, 1, FAIL, 1.0, 119.0, 0.0, 96.0, 0.0, 101.0, 0.0, 98.0, 4.0, 111.0, 0.0, 85.0, 0.0, 69.0, 3.0, 81.0, 15.0, 113.0
76581, FFI39_RS00325, T->G, synonymous, -0.0151483167212, 0.3514, 9, 1, 1, 1, 1, 1, FAIL, 1.0, 142.0, 0.0, 80.0, 2.0, 171.0, 2.0, 120.0, 0.0, 30.0, 0.0, 31.0, 1.0, 78.0, 3.0, 17.0, 3.0, 115.0
81474, FFI39_RS00345, A->C, missense, -0.192926359683, 0.3936, 9, 1, 1, 1, 1, 1, FAIL, 1.0, 68.0, 15.0, 100.0, 5.0, 106.0, 13.0, 111.0, 4.0, 39.0, 11.0, 63.0, 6.0, 71.0, 1.0, 4.0, 30.0, 144.0
85806, FFI39_RS00360, T->A, noncoding, 0.845935722747, 0.0924, 9, 1, 1, 1, 1, 1, PASS, 3.0, 224.0, 4.0, 139.0, 1.0, 139.0, 6.0, 262.0, 3.0, 135.0, 4.0, 128.0, 2.0, 161.0, 24.0, 153.0, 34.0, 140.0
85815, FFI39_RS00360, G->C, noncoding, 0.724164949732, 0.0917, 9, 1, 1, 1, 1, 1, PASS, 3.0, 235.0, 1.0, 155.0, 1.0, 139.0, 5.0, 271.0, 3.0, 140.0, 3.0, 140.0, 2.0, 174.0, 14.0, 168.0, 28.0, 155.0
85819, FFI39_RS00360, T->A, noncoding, 1.05074725123, 0.1405, 9, 1, 1, 1, 1, 1, FAIL, 1.0, 230.0, 0.0, 154.0, 0.0, 141.0, 4.0, 266.0, 2.0, 140.0, 3.0, 136.0, 0.0, 173.0, 18.0, 171.0, 22.0, 158.0
85821, FFI39_RS00360, T->A, noncoding, 0.996182277993, 0.1054, 9, 1, 1, 1, 1, 1, FAIL, 2.0, 231.0, 1.0, 155.0, 1.0, 142.0, 3.0, 266.0, 3.0, 141.0, 4.0, 136.0, 0.0, 175.0, 22.0, 173.0, 33.0, 160.0
85824, FFI39_RS00360, C->A, noncoding, 0.6530903165, 0.0877, 9, 1, 1, 1, 1, 1, PASS, 1.0, 229.0, 4.0, 155.0, 3.0, 140.0, 8.0, 264.0, 3.0, 140.0, 5.0, 135.0, 6.0, 171.0, 24.0, 173.0, 33.0, 159.0
85825, FFI39_RS00360, G->A, noncoding, 1.25826461799, 0.0967, 9, 1, 1, 1, 1, 1, PASS, 0.0, 229.0, 0.0, 155.0, 0.0, 141.0, 3.0, 264.0, 2.0, 140.0, 2.0, 135.0, 0.0, 171.0, 17.0, 173.0, 24.0, 159.0
85826, FFI39_RS00360, G->A, noncoding, 1.21645778054, 0.0876, 9, 1, 1, 1, 1, 1, PASS, 2.0, 229.0, 1.0, 155.0, 1.0, 141.0, 2.0, 264.0, 1.0, 140.0, 2.0, 135.0, 0.0, 171.0, 20.0, 173.0, 29.0, 159.0
85828, FFI39_RS00360, G->A, noncoding, 1.12088276319, 0.0785, 9, 1, 1, 1, 1, 1, PASS, 0.0, 231.0, 2.0, 155.0, 0.0, 142.0, 2.0, 264.0, 3.0, 141.0, 2.0, 137.0, 1.0, 169.0, 18.0, 172.0, 29.0, 162.0
85830, FFI39_RS00360, G->A, noncoding, 0.915652180587, 0.1155, 9, 1, 1, 1, 1, 1, FAIL, 2.0, 231.0, 2.0, 156.0, 0.0, 143.0, 5.0, 264.0, 3.0, 141.0, 2.0, 137.0, 0.0, 169.0, 19.0, 173.0, 29.0, 162.0
85831, FFI39_RS00360, C->A, noncoding, 0.489020451848, 0.11, 9, 1, 1, 1, 1, 1, FAIL, 6.0, 231.0, 8.0, 155.0, 2.0, 143.0, 5.0, 260.0, 6.0, 141.0, 6.0, 136.0, 3.0, 170.0, 23.0, 172.0, 30.0, 163.0
109044, intergenic, G->T, noncoding, 0.203763574831, 0.3505, 9, 1, 1, 1, 1, 1, FAIL, 12.0, 250.0, 0.0, 35.0, 1.0, 81.0, 13.0, 121.0, 0.0, 2.0, 4.0, 27.0, 17.0, 84.0, 9.0, 150.0, 8.0, 132.0
109053, intergenic, G->T, noncoding, 0.184213185836, 0.3344, 9, 1, 1, 1, 1, 1, FAIL, 3.0, 247.0, 0.0, 34.0, 1.0, 77.0, 4.0, 112.0, 0.0, 2.0, 4.0, 27.0, 3.0, 72.0, 4.0, 149.0, 5.0, 122.0
109078, intergenic, G->T, noncoding, 0.0786532583134, 0.3623, 9, 1, 1, 1, 1, 1, FAIL, 28.0, 247.0, 5.0, 38.0, 2.0, 73.0, 28.0, 131.0, 0.0, 1.0, 8.0, 29.0, 26.0, 93.0, 22.0, 159.0, 15.0, 130.0
117141, FFI39_RS00475, T->C, missense, 0.41867372397, 0.0504, 9, 1, 1, 1, 1, 1, PASS, 0.0, 163.0, 0.0, 124.0, 0.0, 151.0, 104.0, 133.0, 102.0, 126.0, 88.0, 107.0, 84.0, 102.0, 85.0, 111.0, 124.0, 143.0
117846, FFI39_RS00480, A->C, missense, -0.586591537727, 0.3842, 9, 1, 1, 1, 1, 1, FAIL, 4.0, 157.0, 2.0, 64.0, 1.0, 112.0, 16.0, 104.0, 1.0, 42.0, 2.0, 44.0, 6.0, 49.0, 3.0, 109.0, 5.0, 94.0
117878, FFI39_RS00480, G->T, nonsense, -0.317978760742, 0.3946, 9, 1, 1, 1, 1, 1, FAIL, 4.0, 154.0, 5.0, 75.0, 3.0, 117.0, 16.0, 126.0, 1.0, 48.0, 4.0, 52.0, 11.0, 67.0, 5.0, 127.0, 3.0, 127.0
117883, FFI39_RS00480, A->C, synonymous, -0.110493318593, 0.3889, 9, 1, 1, 1, 1, 1, FAIL, 9.0, 154.0, 3.0, 75.0, 4.0, 115.0, 21.0, 132.0, 2.0, 49.0, 4.0, 54.0, 13.0, 68.0, 12.0, 126.0, 13.0, 128.0
137218, FFI39_RS00605, A->C, missense, 0.0442369632094, 0.3315, 9, 1, 1, 1, 1, 1, FAIL, 5.0, 192.0, 14.0, 129.0, 14.0, 201.0, 42.0, 183.0, 22.0, 153.0, 17.0, 151.0, 18.0, 157.0, 22.0, 201.0, 13.0, 183.0
137267, FFI39_RS00605, T->G, missense, 0.0229461312334, 0.3994, 9, 1, 1, 1, 1, 1, FAIL, 9.0, 190.0, 19.0, 132.0, 25.0, 201.0, 53.0, 185.0, 37.0, 159.0, 29.0, 133.0, 41.0, 163.0, 27.0, 193.0, 36.0, 184.0
139485, FFI39_RS00610, A->G, noncoding, -0.0235353303163, 0.3921, 9, 1, 1, 1, 1, 1, FAIL, 2.0, 106.0, 6.0, 55.0, 3.0, 81.0, 13.0, 63.0, 8.0, 44.0, 6.0, 38.0, 10.0, 49.0, 9.0, 86.0, 22.0, 93.0
139499, FFI39_RS00610, T->G, noncoding, 0.188878247285, 0.2264, 9, 1, 1, 1, 1, 1, FAIL, 3.0, 110.0, 5.0, 55.0, 4.0, 77.0, 7.0, 67.0, 5.0, 42.0, 1.0, 35.0, 2.0, 47.0, 12.0, 83.0, 17.0, 77.0
139503, FFI39_RS00610, T->G, noncoding, 0.231077118601, 0.2301, 9, 1, 1, 1, 1, 1, FAIL, 1.0, 110.0, 3.0, 56.0, 3.0, 80.0, 3.0, 68.0, 5.0, 45.0, 2.0, 36.0, 2.0, 46.0, 11.0, 82.0, 15.0, 75.0
143288, FFI39_RS00615, C->A, missense, 0.146025060911, 0.1461, 9, 1, 1, 1, 1, 1, FAIL, 2.0, 175.0, 8.0, 91.0, 12.0, 150.0, 19.0, 133.0, 18.0, 113.0, 9.0, 92.0, 18.0, 88.0, 7.0, 94.0, 9.0, 120.0
143473, FFI39_RS00615, T->A, missense, 0.850471338918, 0.1543, 9, 1, 1, 1, 1, 1, FAIL, 0.0, 241.0, 4.0, 122.0, 0.0, 204.0, 1.0, 157.0, 1.0, 131.0, 1.0, 121.0, 0.0, 118.0, 16.0, 93.0, 7.0, 86.0
143482, FFI39_RS00615, C->A, missense, 0.922415833366, 0.0399, 9, 1, 1, 1, 1, 1, PASS, 1.0, 242.0, 5.0, 119.0, 1.0, 201.0, 7.0, 158.0, 5.0, 131.0, 1.0, 115.0, 5.0, 118.0, 17.0, 92.0, 9.0, 82.0
143486, FFI39_RS00615, G->C, missense, 1.81083017834, 0.0505, 9, 1, 1, 1, 1, 1, PASS, 1.0, 250.0, 3.0, 120.0, 0.0, 203.0, 3.0, 161.0, 0.0, 133.0, 0.0, 116.0, 2.0, 121.0, 14.0, 94.0, 10.0, 85.0
143491, FFI39_RS00615, C->A, missense, 0.919937717458, 0.0596, 9, 1, 1, 1, 1, 1, PASS, 1.0, 242.0, 4.0, 117.0, 2.0, 197.0, 4.0, 158.0, 5.0, 134.0, 1.0, 118.0, 2.0, 118.0, 14.0, 101.0, 10.0, 84.0
143495, FFI39_RS00615, C->A, missense, 0.283667062366, 0.1743, 9, 1, 1, 1, 1, 1, FAIL, 4.0, 235.0, 4.0, 116.0, 4.0, 201.0, 4.0, 147.0, 6.0, 129.0, 1.0, 115.0, 2.0, 116.0, 7.0, 104.0, 11.0, 78.0
145261, intergenic, G->C, noncoding, -0.411442933927, 0.3818, 9, 1, 1, 1, 1, 1, FAIL, 2.0, 153.0, 6.0, 36.0, 1.0, 86.0, 6.0, 74.0, 0.0, 40.0, 1.0, 40.0, 5.0, 42.0, 6.0, 79.0, 10.0, 95.0
145264, intergenic, G->C, noncoding, -0.00229036609162, 0.4038, 9, 1, 1, 1, 1, 1, FAIL, 1.0, 144.0, 4.0, 34.0, 2.0, 84.0, 5.0, 63.0, 2.0, 38.0, 2.0, 32.0, 9.0, 42.0, 7.0, 67.0, 15.0, 80.0
145271, intergenic, T->G, noncoding, 0.252963708121, 0.2737, 9, 1, 1, 1, 1, 1, FAIL, 1.0, 147.0, 3.0, 35.0, 1.0, 86.0, 8.0, 67.0, 0.0, 39.0, 1.0, 32.0, 10.0, 46.0, 9.0, 72.0, 11.0, 90.0
145281, intergenic, G->C, noncoding, -0.597260611482, 0.3884, 9, 1, 1, 1, 1, 1, FAIL, 1.0, 144.0, 4.0, 35.0, 2.0, 86.0, 13.0, 67.0, 1.0, 39.0, 3.0, 29.0, 7.0, 48.0, 5.0, 68.0, 8.0, 93.0
145523, FFI39_RS00625, G->A, missense, 0.656221044088, 0.1073, 9, 1, 1, 1, 1, 1, FAIL, 54.0, 137.0, 0.0, 94.0, 139.0, 140.0, 137.0, 138.0, 141.0, 141.0, 89.0, 89.0, 79.0, 79.0, 147.0, 147.0, 154.0, 158.0
151450, FFI39_RS00645, C->G, missense, 0.724175501386, 0.229, 9, 1, 1, 1, 1, 1, FAIL, 0.0, 41.0, 0.0, 39.0, 1.0, 78.0, 0.0, 74.0, 0.0, 17.0, 2.0, 45.0, 4.0, 49.0, 0.0, 5.0, 12.0, 75.0
154150, FFI39_RS00655, T->G, missense, 0.493412261631, 0.2091, 9, 1, 1, 1, 1, 1, FAIL, 1.0, 47.0, 1.0, 21.0, 1.0, 67.0, 3.0, 50.0, 1.0, 12.0, 0.0, 9.0, 4.0, 21.0, 1.0, 5.0, 18.0, 90.0
154174, FFI39_RS00655, G->C, missense, -0.352298300207, 0.3696, 9, 1, 1, 1, 1, 1, FAIL, 0.0, 40.0, 1.0, 24.0, 1.0, 62.0, 3.0, 58.0, 1.0, 14.0, 0.0, 6.0, 3.0, 21.0, 0.0, 1.0, 3.0, 99.0
154222, FFI39_RS00655, A->C, missense, 0.5964474064, 0.2344, 9, 1, 1, 1, 1, 1, FAIL, 1.0, 48.0, 0.0, 36.0, 1.0, 79.0, 4.0, 66.0, 0.0, 24.0, 0.0, 12.0, 4.0, 25.0, 0.0, 2.0, 5.0, 126.0
154438, FFI39_RS00660, T->G, missense, 0.0140439320583, 0.3913, 9, 1, 1, 1, 1, 1, FAIL, 26.0, 169.0, 27.0, 133.0, 16.0, 147.0, 50.0, 156.0, 36.0, 131.0, 32.0, 103.0, 32.0, 94.0, 29.0, 190.0, 34.0, 190.0
162571, FFI39_RS00675, G->C, missense, -0.821432151055, 0.3901, 9, 1, 1, 1, 1, 1, FAIL, 0.0, 62.0, 2.0, 63.0, 2.0, 93.0, 10.0, 119.0, 0.0, 41.0, 1.0, 28.0, 9.0, 57.0, 0.0, 4.0, 3.0, 144.0
162577, FFI39_RS00675, A->C, missense, -0.0579426954175, 0.388, 9, 1, 1, 1, 1, 1, FAIL, 0.0, 59.0, 5.0, 59.0, 2.0, 92.0, 16.0, 120.0, 2.0, 43.0, 3.0, 28.0, 11.0, 56.0, 0.0, 5.0, 13.0, 136.0
162581, FFI39_RS00675, T->A, missense, -1.41753282947, 0.3948, 9, 1, 1, 1, 1, 1, FAIL, 0.0, 58.0, 10.0, 59.0, 1.0, 93.0, 5.0, 123.0, 2.0, 44.0, 2.0, 29.0, 0.0, 54.0, 0.0, 5.0, 0.0, 136.0
162892, FFI39_RS00675, A->C, missense, 0.0727497920129, 0.2465, 9, 1, 1, 1, 1, 1, FAIL, 8.0, 75.0, 21.0, 104.0, 25.0, 138.0, 49.0, 157.0, 11.0, 56.0, 30.0, 91.0, 29.0, 104.0, 1.0, 26.0, 21.0, 169.0
162924, FFI39_RS00675, C->A, missense, 0.018219715645, 0.3909, 9, 1, 1, 1, 1, 1, FAIL, 12.0, 99.0, 24.0, 105.0, 21.0, 145.0, 39.0, 160.0, 16.0, 70.0, 25.0, 96.0, 37.0, 126.0, 5.0, 36.0, 11.0, 166.0
163559, FFI39_RS00675, T->G, missense, -0.022210795618, 0.388, 9, 1, 1, 1, 1, 1, FAIL, 14.0, 128.0, 11.0, 136.0, 7.0, 128.0, 20.0, 161.0, 5.0, 63.0, 11.0, 83.0, 9.0, 95.0, 7.0, 34.0, 10.0, 132.0
163570, FFI39_RS00675, A->T, missense, -0.107041270283, 0.3709, 9, 1, 1, 1, 1, 1, FAIL, 9.0, 132.0, 6.0, 132.0, 1.0, 127.0, 10.0, 159.0, 10.0, 57.0, 5.0, 79.0, 8.0, 90.0, 4.0, 28.0, 6.0, 127.0
165135, FFI39_RS00675, C->A, synonymous, 0.0867222392741, 0.1859, 9, 1, 1, 1, 1, 1, FAIL, 9.0, 91.0, 15.0, 109.0, 14.0, 124.0, 29.0, 206.0, 15.0, 59.0, 27.0, 145.0, 19.0, 94.0, 2.0, 36.0, 10.0, 153.0
165937, FFI39_RS00675, A->C, missense, -0.0523310419573, 0.3884, 9, 1, 1, 1, 1, 1, FAIL, 10.0, 128.0, 26.0, 147.0, 32.0, 177.0, 60.0, 195.0, 18.0, 111.0, 40.0, 167.0, 25.0, 127.0, 5.0, 86.0, 44.0, 192.0
168065, FFI39_RS00675, C->G, missense, 0.187235007124, 0.2641, 9, 1, 1, 1, 1, 1, FAIL, 2.0, 101.0, 1.0, 85.0, 1.0, 110.0, 7.0, 133.0, 3.0, 46.0, 4.0, 71.0, 3.0, 92.0, 4.0, 24.0, 3.0, 144.0
168331, FFI39_RS00675, G->C, missense, -0.0183412428616, 0.3911, 9, 1, 1, 1, 1, 1, FAIL, 2.0, 74.0, 21.0, 99.0, 15.0, 104.0, 27.0, 141.0, 10.0, 36.0, 11.0, 72.0, 14.0, 68.0, 7.0, 33.0, 15.0, 146.0
168338, FFI39_RS00675, T->G, missense, 0.0213592131731, 0.3958, 9, 1, 1, 1, 1, 1, FAIL, 3.0, 80.0, 14.0, 98.0, 15.0, 105.0, 29.0, 136.0, 10.0, 37.0, 9.0, 71.0, 14.0, 72.0, 8.0, 39.0, 27.0, 152.0
168347, FFI39_RS00675, T->G, missense, 0.0520948049062, 0.2583, 9, 1, 1, 1, 1, 1, FAIL, 4.0, 83.0, 18.0, 96.0, 13.0, 103.0, 33.0, 143.0, 11.0, 38.0, 18.0, 70.0, 12.0, 70.0, 14.0, 46.0, 32.0, 156.0
172465, FFI39_RS00680, T->G, missense, 0.124444255493, 0.3732, 9, 1, 1, 1, 1, 1, FAIL, 1.0, 91.0, 3.0, 56.0, 5.0, 98.0, 9.0, 111.0, 1.0, 38.0, 7.0, 37.0, 11.0, 63.0, 1.0, 35.0, 6.0, 90.0
172490, FFI39_RS00680, C->G, missense, 0.285599643262, 0.2066, 9, 1, 1, 1, 1, 1, FAIL, 1.0, 80.0, 5.0, 54.0, 5.0, 99.0, 7.0, 114.0, 5.0, 37.0, 8.0, 41.0, 10.0, 60.0, 0.0, 19.0, 1.0, 82.0
172496, FFI39_RS00680, C->A, missense, -0.492971897555, 0.3958, 9, 1, 1, 1, 1, 1, FAIL, 3.0, 78.0, 4.0, 52.0, 1.0, 103.0, 6.0, 113.0, 1.0, 37.0, 6.0, 41.0, 4.0, 60.0, 0.0, 18.0, 1.0, 85.0
172504, FFI39_RS00680, G->C, missense, -0.266301219956, 0.3848, 9, 1, 1, 1, 1, 1, FAIL, 1.0, 70.0, 4.0, 48.0, 2.0, 99.0, 7.0, 102.0, 3.0, 32.0, 2.0, 35.0, 11.0, 58.0, 0.0, 14.0, 1.0, 80.0
172531, FFI39_RS00680, A->T, missense, -0.0429587488478, 0.3721, 9, 1, 1, 1, 1, 1, FAIL, 1.0, 50.0, 8.0, 49.0, 7.0, 96.0, 12.0, 90.0, 4.0, 28.0, 7.0, 29.0, 12.0, 59.0, 0.0, 1.0, 5.0, 86.0
172733, FFI39_RS00680, T->G, missense, -0.624092571665, 0.3703, 9, 1, 1, 1, 1, 1, FAIL, 2.0, 29.0, 3.0, 28.0, 8.0, 107.0, 2.0, 62.0, 2.0, 19.0, 5.0, 25.0, 3.0, 42.0, 0.0, 2.0, 5.0, 84.0
172734, FFI39_RS00680, C->G, missense, -1.21823372045, 0.387, 9, 1, 1, 1, 1, 1, FAIL, 1.0, 29.0, 1.0, 28.0, 6.0, 107.0, 1.0, 62.0, 3.0, 19.0, 0.0, 25.0, 0.0, 42.0, 0.0, 2.0, 3.0, 84.0
172737, FFI39_RS00680, C->G, synonymous, -0.886229902883, 0.3762, 9, 1, 1, 1, 1, 1, FAIL, 1.0, 29.0, 3.0, 28.0, 5.0, 108.0, 0.0, 62.0, 0.0, 21.0, 5.0, 25.0, 3.0, 42.0, 0.0, 2.0, 1.0, 82.0
172739, FFI39_RS00680, T->G, missense, -0.19838564858, 0.3817, 9, 1, 1, 1, 1, 1, FAIL, 0.0, 29.0, 3.0, 28.0, 9.0, 107.0, 2.0, 57.0, 1.0, 21.0, 3.0, 26.0, 3.0, 42.0, 1.0, 2.0, 3.0, 82.0
172743, FFI39_RS00680, C->A, missense, -0.109709622049, 0.3767, 9, 1, 1, 1, 1, 1, FAIL, 2.0, 30.0, 3.0, 29.0, 9.0, 108.0, 3.0, 56.0, 5.0, 20.0, 3.0, 26.0, 4.0, 42.0, 0.0, 2.0, 0.0, 79.0
172748, FFI39_RS00680, G->T, missense, 0.334043078405, 0.2156, 9, 1, 1, 1, 1, 1, FAIL, 1.0, 28.0, 2.0, 27.0, 3.0, 99.0, 1.0, 56.0, 2.0, 19.0, 4.0, 26.0, 2.0, 36.0, 0.0, 2.0, 4.0, 73.0
172758, FFI39_RS00680, G->C, synonymous, -1.05347844336, 0.3828, 9, 1, 1, 1, 1, 1, FAIL, 1.0, 28.0, 2.0, 25.0, 2.0, 104.0, 2.0, 54.0, 1.0, 19.0, 4.0, 24.0, 0.0, 33.0, 0.0, 2.0, 1.0, 67.0
172761, FFI39_RS00680, G->C, synonymous, -0.0921066473606, 0.3748, 9, 1, 1, 1, 1, 1, FAIL, 1.0, 28.0, 4.0, 26.0, 3.0, 103.0, 0.0, 54.0, 5.0, 19.0, 4.0, 25.0, 2.0, 31.0, 0.0, 2.0, 2.0, 65.0
172764, FFI39_RS00680, T->G, missense, -0.0620115989773, 0.3778, 9, 1, 1, 1, 1, 1, FAIL, 2.0, 27.0, 1.0, 25.0, 7.0, 100.0, 2.0, 52.0, 1.0, 19.0, 5.0, 26.0, 4.0, 31.0, 0.0, 2.0, 2.0, 64.0
172771, FFI39_RS00680, G->C, missense, -1.37553677438, 0.3879, 9, 1, 1, 1, 1, 1, FAIL, 0.0, 27.0, 1.0, 21.0, 2.0, 95.0, 2.0, 53.0, 5.0, 19.0, 1.0, 25.0, 0.0, 31.0, 0.0, 2.0, 4.0, 60.0
172778, FFI39_RS00680, C->A, nonsense, 0.753496009029, 0.1255, 9, 1, 1, 1, 1, 1, FAIL, 1.0, 29.0, 4.0, 22.0, 4.0, 96.0, 2.0, 47.0, 2.0, 20.0, 1.0, 24.0, 0.0, 32.0, 0.0, 2.0, 2.0, 59.0
172799, FFI39_RS00680, T->G, missense, 0.86479781827, 0.17, 9, 1, 1, 1, 1, 1, FAIL, 0.0, 30.0, 1.0, 21.0, 1.0, 86.0, 4.0, 38.0, 0.0, 19.0, 4.0, 19.0, 1.0, 26.0, 0.0, 2.0, 2.0, 51.0
172821, FFI39_RS00680, G->C, synonymous, 0.398335137186, 0.2579, 9, 1, 1, 1, 1, 1, FAIL, 0.0, 32.0, 1.0, 21.0, 2.0, 78.0, 1.0, 33.0, 3.0, 20.0, 5.0, 16.0, 2.0, 19.0, 0.0, 2.0, 1.0, 44.0
172825, FFI39_RS00680, A->C, missense, 0.253613870954, 0.2686, 9, 1, 1, 1, 1, 1, FAIL, 0.0, 31.0, 2.0, 21.0, 5.0, 79.0, 2.0, 33.0, 3.0, 22.0, 3.0, 16.0, 1.0, 19.0, 0.0, 2.0, 5.0, 52.0
172827, FFI39_RS00680, G->C, synonymous, 0.279916391209, 0.3465, 9, 1, 1, 1, 1, 1, FAIL, 1.0, 33.0, 1.0, 22.0, 0.0, 79.0, 1.0, 33.0, 3.0, 22.0, 2.0, 16.0, 0.0, 19.0, 0.0, 2.0, 2.0, 57.0
172835, FFI39_RS00680, A->C, missense, -1.20311322572, 0.3703, 9, 1, 1, 1, 1, 1, FAIL, 0.0, 34.0, 0.0, 24.0, 2.0, 75.0, 0.0, 33.0, 1.0, 21.0, 3.0, 15.0, 1.0, 16.0, 0.0, 2.0, 3.0, 56.0
173187, FFI39_RS00685, C->A, missense, 0.0132716816784, 0.3954, 9, 1, 1, 1, 1, 1, FAIL, 7.0, 125.0, 6.0, 94.0, 12.0, 143.0, 11.0, 124.0, 10.0, 103.0, 8.0, 95.0, 12.0, 66.0, 2.0, 87.0, 4.0, 120.0
183498, FFI39_RS00740, A->C, synonymous, -0.12112273435, 0.397, 9, 1, 1, 1, 1, 1, FAIL, 7.0, 157.0, 11.0, 61.0, 5.0, 122.0, 23.0, 119.0, 11.0, 74.0, 12.0, 55.0, 4.0, 42.0, 11.0, 69.0, 6.0, 84.0
186922, FFI39_RS00755, T->G, missense, 0.0104456917101, 0.3923, 9, 1, 1, 1, 1, 1, FAIL, 6.0, 118.0, 16.0, 102.0, 7.0, 127.0, 21.0, 110.0, 25.0, 105.0, 18.0, 101.0, 9.0, 80.0, 15.0, 138.0, 17.0, 120.0
186999, FFI39_RS00755, C->A, missense, -0.615270772292, 0.3917, 9, 1, 1, 1, 1, 1, FAIL, 3.0, 115.0, 4.0, 86.0, 3.0, 117.0, 6.0, 114.0, 19.0, 105.0, 5.0, 87.0, 1.0, 71.0, 7.0, 119.0, 8.0, 142.0
189769, FFI39_RS00765, G->T, noncoding, 0.0926486064312, 0.3026, 9, 1, 1, 1, 1, 1, FAIL, 9.0, 140.0, 13.0, 113.0, 8.0, 122.0, 17.0, 177.0, 12.0, 109.0, 16.0, 85.0, 10.0, 96.0, 0.0, 62.0, 4.0, 138.0
197699, intergenic, C->G, noncoding, 0.55943159643, 0.2073, 9, 1, 1, 1, 1, 1, FAIL, 0.0, 127.0, 0.0, 28.0, 0.0, 124.0, 2.0, 103.0, 1.0, 60.0, 4.0, 29.0, 3.0, 60.0, 3.0, 102.0, 1.0, 118.0
197705, intergenic, A->C, noncoding, 0.282684559106, 0.2503, 9, 1, 1, 1, 1, 1, FAIL, 1.0, 130.0, 0.0, 31.0, 0.0, 127.0, 7.0, 115.0, 2.0, 64.0, 1.0, 28.0, 11.0, 68.0, 3.0, 119.0, 6.0, 141.0
197717, intergenic, G->T, noncoding, -0.253972555925, 0.3774, 9, 1, 1, 1, 1, 1, FAIL, 2.0, 121.0, 3.0, 22.0, 3.0, 114.0, 14.0, 108.0, 2.0, 47.0, 6.0, 21.0, 9.0, 55.0, 3.0, 110.0, 8.0, 128.0
207305, FFI39_RS00840, G->T, unknown, 0.454141581185, 0.2384, 9, 1, 1, 1, 1, 1, FAIL, 2.0, 163.0, 1.0, 24.0, 0.0, 154.0, 1.0, 105.0, 1.0, 7.0, 0.0, 20.0, 5.0, 43.0, 3.0, 111.0, 4.0, 96.0
222835, FFI39_RS00905, A->C, missense, -0.104245702377, 0.4089, 9, 1, 1, 1, 1, 1, FAIL, 1.0, 207.0, 2.0, 77.0, 0.0, 146.0, 1.0, 135.0, 1.0, 97.0, 0.0, 61.0, 2.0, 95.0, 2.0, 75.0, 13.0, 104.0
227585, FFI39_RS00925, T->G, synonymous, 0.0345921689701, 0.3938, 9, 1, 1, 1, 1, 1, FAIL, 6.0, 117.0, 14.0, 109.0, 12.0, 149.0, 22.0, 131.0, 13.0, 90.0, 16.0, 67.0, 14.0, 83.0, 4.0, 79.0, 14.0, 155.0
227628, FFI39_RS00925, C->G, missense, -0.194326993658, 0.3949, 9, 1, 1, 1, 1, 1, FAIL, 0.0, 88.0, 6.0, 89.0, 2.0, 134.0, 1.0, 129.0, 4.0, 74.0, 7.0, 52.0, 3.0, 85.0, 0.0, 48.0, 1.0, 156.0
239430, intergenic, C->A, noncoding, -0.011502872364, 0.3965, 9, 1, 1, 1, 1, 1, FAIL, 17.0, 107.0, 6.0, 47.0, 5.0, 91.0, 13.0, 109.0, 9.0, 57.0, 7.0, 35.0, 17.0, 71.0, 10.0, 173.0, 8.0, 129.0
242706, FFI39_RS00995, C->G, missense, 0.023774721834, 0.3887, 9, 1, 1, 1, 1, 1, FAIL, 4.0, 157.0, 15.0, 117.0, 7.0, 129.0, 14.0, 161.0, 21.0, 106.0, 20.0, 119.0, 6.0, 84.0, 6.0, 55.0, 12.0, 169.0
242729, FFI39_RS00995, G->C, missense, 0.171725642845, 0.1479, 9, 1, 1, 1, 1, 1, FAIL, 2.0, 160.0, 9.0, 109.0, 3.0, 122.0, 19.0, 172.0, 12.0, 100.0, 12.0, 119.0, 10.0, 90.0, 11.0, 53.0, 15.0, 187.0
242749, FFI39_RS01000, T->A, missense, -0.0498271967511, 0.3916, 9, 1, 1, 1, 1, 1, FAIL, 7.0, 162.0, 22.0, 113.0, 14.0, 126.0, 27.0, 165.0, 29.0, 108.0, 23.0, 110.0, 12.0, 94.0, 14.0, 65.0, 34.0, 191.0
242758, FFI39_RS01000, T->A, synonymous, -0.0535510883325, 0.3873, 9, 1, 1, 1, 1, 1, FAIL, 4.0, 169.0, 18.0, 109.0, 11.0, 129.0, 19.0, 167.0, 17.0, 100.0, 17.0, 106.0, 10.0, 104.0, 15.0, 63.0, 26.0, 193.0
252244, FFI39_RS01055, G->T, nonsense, 0.0215576627188, 0.3976, 9, 1, 1, 1, 1, 1, FAIL, 13.0, 161.0, 19.0, 94.0, 26.0, 190.0, 25.0, 127.0, 28.0, 122.0, 18.0, 116.0, 25.0, 94.0, 16.0, 157.0, 16.0, 162.0
256083, FFI39_RS01075, T->G, missense, 0.189510386309, 0.2859, 9, 1, 1, 1, 1, 1, FAIL, 0.0, 53.0, 2.0, 83.0, 1.0, 93.0, 6.0, 126.0, 1.0, 33.0, 5.0, 41.0, 5.0, 63.0, 1.0, 4.0, 7.0, 116.0
258432, intergenic, T->G, noncoding, -1.20295393606, 0.3831, 9, 1, 1, 1, 1, 1, FAIL, 5.0, 103.0, 2.0, 44.0, 0.0, 81.0, 9.0, 62.0, 1.0, 58.0, 1.0, 37.0, 1.0, 40.0, 3.0, 56.0, 2.0, 77.0
258445, intergenic, G->T, noncoding, 0.0191612148582, 0.3922, 9, 1, 1, 1, 1, 1, FAIL, 5.0, 110.0, 5.0, 47.0, 6.0, 81.0, 17.0, 67.0, 18.0, 65.0, 5.0, 42.0, 13.0, 42.0, 7.0, 63.0, 12.0, 88.0
258454, intergenic, A->T, noncoding, -0.00860784417571, 0.3922, 9, 1, 1, 1, 1, 1, FAIL, 5.0, 113.0, 3.0, 47.0, 4.0, 90.0, 9.0, 73.0, 8.0, 78.0, 2.0, 45.0, 8.0, 43.0, 8.0, 74.0, 5.0, 100.0
258466, intergenic, G->T, noncoding, -0.0110713423974, 0.3897, 9, 1, 1, 1, 1, 1, FAIL, 13.0, 117.0, 10.0, 43.0, 16.0, 90.0, 31.0, 79.0, 18.0, 78.0, 12.0, 43.0, 14.0, 42.0, 9.0, 80.0, 17.0, 100.0
258473, intergenic, G->T, noncoding, 0.114722298922, 0.2109, 9, 1, 1, 1, 1, 1, FAIL, 8.0, 111.0, 3.0, 41.0, 10.0, 87.0, 19.0, 77.0, 10.0, 73.0, 5.0, 41.0, 11.0, 42.0, 8.0, 76.0, 11.0, 94.0
258476, intergenic, A->C, noncoding, 0.0251094071064, 0.3883, 9, 1, 1, 1, 1, 1, FAIL, 13.0, 110.0, 2.0, 39.0, 12.0, 86.0, 31.0, 79.0, 16.0, 73.0, 5.0, 40.0, 11.0, 42.0, 15.0, 72.0, 20.0, 94.0
258489, intergenic, C->G, noncoding, 0.0364327088369, 0.3789, 9, 1, 1, 1, 1, 1, FAIL, 6.0, 111.0, 1.0, 41.0, 3.0, 93.0, 15.0, 75.0, 10.0, 70.0, 2.0, 38.0, 5.0, 43.0, 8.0, 70.0, 10.0, 95.0
258493, intergenic, A->C, noncoding, -0.0154296712839, 0.3903, 9, 1, 1, 1, 1, 1, FAIL, 12.0, 109.0, 4.0, 41.0, 9.0, 93.0, 28.0, 75.0, 11.0, 68.0, 6.0, 36.0, 10.0, 44.0, 12.0, 69.0, 9.0, 93.0
261052, FFI39_RS01095, T->A, noncoding, 0.348349206668, 0.1023, 9, 1, 1, 1, 1, 1, FAIL, 2.0, 176.0, 5.0, 94.0, 2.0, 99.0, 6.0, 117.0, 6.0, 70.0, 8.0, 78.0, 10.0, 63.0, 5.0, 95.0, 5.0, 127.0
266042, FFI39_RS01115, G->T, synonymous, 0.787108196056, 0.0881, 9, 1, 1, 1, 1, 1, PASS, 1.0, 169.0, 2.0, 133.0, 1.0, 136.0, 5.0, 138.0, 3.0, 116.0, 1.0, 114.0, 1.0, 121.0, 10.0, 71.0, 9.0, 111.0
266053, FFI39_RS01115, C->G, missense, 1.13468126363, 0.0803, 9, 1, 1, 1, 1, 1, PASS, 0.0, 160.0, 2.0, 126.0, 1.0, 140.0, 2.0, 146.0, 1.0, 116.0, 2.0, 116.0, 1.0, 122.0, 9.0, 67.0, 10.0, 104.0
266057, FFI39_RS01115, G->T, missense, 0.501158076122, 0.1569, 9, 1, 1, 1, 1, 1, FAIL, 1.0, 154.0, 1.0, 112.0, 0.0, 134.0, 8.0, 141.0, 5.0, 107.0, 3.0, 106.0, 2.0, 122.0, 10.0, 65.0, 11.0, 98.0
281138, intergenic, C->G, noncoding, -0.274603671278, 0.3894, 9, 1, 1, 1, 1, 1, FAIL, 6.0, 91.0, 1.0, 61.0, 1.0, 82.0, 10.0, 156.0, 5.0, 69.0, 1.0, 73.0, 11.0, 73.0, 2.0, 91.0, 6.0, 188.0
286406, FFI39_RS01205, G->C, missense, 0.135796734292, 0.1864, 9, 1, 1, 1, 1, 1, FAIL, 0.0, 33.0, 7.0, 96.0, 10.0, 99.0, 24.0, 148.0, 15.0, 67.0, 14.0, 60.0, 14.0, 86.0, 8.0, 52.0, 17.0, 194.0
286415, FFI39_RS01205, C->G, missense, -0.00528730063156, 0.3937, 9, 1, 1, 1, 1, 1, FAIL, 1.0, 48.0, 21.0, 105.0, 12.0, 91.0, 14.0, 155.0, 15.0, 71.0, 21.0, 70.0, 15.0, 94.0, 6.0, 55.0, 17.0, 189.0
286435, FFI39_RS01205, T->A, missense, -0.0068838799823, 0.3893, 9, 1, 1, 1, 1, 1, FAIL, 3.0, 70.0, 23.0, 121.0, 7.0, 92.0, 30.0, 163.0, 25.0, 97.0, 15.0, 81.0, 20.0, 111.0, 12.0, 88.0, 20.0, 184.0
286471, FFI39_RS01205, T->G, synonymous, 0.185059088946, 0.1195, 9, 1, 1, 1, 1, 1, FAIL, 1.0, 104.0, 6.0, 149.0, 7.0, 130.0, 23.0, 202.0, 18.0, 143.0, 22.0, 108.0, 12.0, 140.0, 13.0, 125.0, 14.0, 229.0
293810, FFI39_RS01235, T->C, noncoding, 0.385505521912, 0.0715, 9, 1, 1, 1, 1, 1, PASS, 0.0, 165.0, 0.0, 93.0, 0.0, 104.0, 100.0, 134.0, 56.0, 80.0, 63.0, 69.0, 55.0, 79.0, 81.0, 107.0, 118.0, 141.0
300433, FFI39_RS01265, A->C, missense, -0.518539356353, 0.3882, 9, 1, 1, 1, 1, 1, FAIL, 2.0, 111.0, 1.0, 92.0, 3.0, 132.0, 4.0, 139.0, 2.0, 106.0, 4.0, 84.0, 1.0, 77.0, 5.0, 33.0, 3.0, 122.0
300442, FFI39_RS01265, T->G, missense, -0.094977507327, 0.377, 9, 1, 1, 1, 1, 1, FAIL, 7.0, 111.0, 4.0, 86.0, 2.0, 127.0, 12.0, 141.0, 7.0, 101.0, 7.0, 81.0, 3.0, 74.0, 6.0, 32.0, 7.0, 115.0
301144, FFI39_RS01265, T->C, missense, 0.123453858448, 0.3065, 9, 1, 1, 1, 1, 1, FAIL, 3.0, 95.0, 2.0, 70.0, 3.0, 81.0, 12.0, 106.0, 9.0, 107.0, 9.0, 55.0, 4.0, 73.0, 4.0, 88.0, 3.0, 127.0
301147, FFI39_RS01265, A->C, missense, 0.144344549115, 0.2723, 9, 1, 1, 1, 1, 1, FAIL, 3.0, 94.0, 1.0, 70.0, 3.0, 80.0, 17.0, 103.0, 12.0, 103.0, 14.0, 54.0, 6.0, 72.0, 8.0, 89.0, 13.0, 125.0
306796, FFI39_RS01285, A->C, missense, 0.17200967817, 0.1212, 9, 1, 1, 1, 1, 1, FAIL, 2.0, 152.0, 9.0, 84.0, 6.0, 117.0, 19.0, 125.0, 11.0, 78.0, 14.0, 58.0, 9.0, 75.0, 9.0, 79.0, 8.0, 89.0
317117, FFI39_RS01330, G->T, missense, 0.0505714238699, 0.2876, 9, 1, 1, 1, 1, 1, FAIL, 6.0, 130.0, 13.0, 113.0, 18.0, 116.0, 29.0, 117.0, 27.0, 107.0, 12.0, 99.0, 13.0, 68.0, 14.0, 124.0, 16.0, 134.0
318519, FFI39_RS01335, T->G, synonymous, 0.534254708677, 0.2211, 9, 1, 1, 1, 1, 1, FAIL, 0.0, 26.0, 1.0, 34.0, 1.0, 72.0, 4.0, 80.0, 0.0, 12.0, 3.0, 12.0, 0.0, 16.0, 0.0, 0.0, 9.0, 95.0
318562, FFI39_RS01335, G->C, synonymous, -0.0961637900414, 0.3753, 9, 1, 1, 1, 1, 1, FAIL, 0.0, 25.0, 2.0, 32.0, 1.0, 59.0, 5.0, 68.0, 1.0, 11.0, 3.0, 11.0, 0.0, 22.0, 0.0, 0.0, 6.0, 94.0
318564, FFI39_RS01335, A->C, missense, -0.111715922738, 0.3743, 9, 1, 1, 1, 1, 1, FAIL, 0.0, 25.0, 3.0, 31.0, 1.0, 59.0, 8.0, 66.0, 2.0, 11.0, 3.0, 13.0, 0.0, 22.0, 0.0, 0.0, 15.0, 92.0
318611, FFI39_RS01335, G->T, missense, -0.20814115461, 0.3824, 9, 1, 1, 1, 1, 1, FAIL, 0.0, 28.0, 3.0, 37.0, 2.0, 52.0, 7.0, 58.0, 1.0, 14.0, 1.0, 16.0, 0.0, 29.0, 2.0, 4.0, 9.0, 80.0
318615, FFI39_RS01335, A->C, synonymous, 0.241536929941, 0.3041, 9, 1, 1, 1, 1, 1, FAIL, 0.0, 28.0, 4.0, 39.0, 1.0, 57.0, 6.0, 56.0, 0.0, 15.0, 2.0, 15.0, 2.0, 33.0, 1.0, 5.0, 13.0, 76.0
318616, FFI39_RS01335, C->G, synonymous, -0.0820700903291, 0.3889, 9, 1, 1, 1, 1, 1, FAIL, 0.0, 28.0, 3.0, 40.0, 1.0, 57.0, 6.0, 56.0, 1.0, 15.0, 1.0, 15.0, 0.0, 33.0, 2.0, 5.0, 9.0, 77.0
320988, FFI39_RS01350, T->G, missense, -0.134200406129, 0.3977, 9, 1, 1, 1, 1, 1, FAIL, 1.0, 102.0, 9.0, 74.0, 6.0, 111.0, 12.0, 146.0, 7.0, 76.0, 9.0, 80.0, 4.0, 72.0, 16.0, 83.0, 14.0, 134.0
322155, FFI39_RS01360, G->C, missense, -1.82734015989, 0.378, 9, 1, 1, 1, 1, 1, FAIL, 1.0, 78.0, 2.0, 101.0, 1.0, 157.0, 5.0, 175.0, 4.0, 29.0, 0.0, 55.0, 5.0, 92.0, 0.0, 2.0, 3.0, 181.0
322168, FFI39_RS01360, C->G, synonymous, 0.0958465956435, 0.3955, 9, 1, 1, 1, 1, 1, FAIL, 0.0, 89.0, 4.0, 109.0, 1.0, 157.0, 11.0, 176.0, 4.0, 30.0, 2.0, 51.0, 2.0, 91.0, 0.0, 3.0, 1.0, 189.0
322220, FFI39_RS01360, G->C, missense, -0.123818005886, 0.3765, 9, 1, 1, 1, 1, 1, FAIL, 1.0, 84.0, 21.0, 107.0, 13.0, 143.0, 20.0, 189.0, 4.0, 37.0, 9.0, 50.0, 9.0, 83.0, 0.0, 2.0, 7.0, 183.0
322227, FFI39_RS01360, T->G, missense, -0.151594272635, 0.3819, 9, 1, 1, 1, 1, 1, FAIL, 2.0, 87.0, 28.0, 109.0, 15.0, 144.0, 30.0, 191.0, 2.0, 37.0, 13.0, 51.0, 15.0, 80.0, 0.0, 3.0, 25.0, 186.0
322235, FFI39_RS01360, A->C, missense, -0.198450058456, 0.3946, 9, 1, 1, 1, 1, 1, FAIL, 1.0, 87.0, 15.0, 106.0, 6.0, 145.0, 11.0, 197.0, 1.0, 34.0, 3.0, 50.0, 4.0, 78.0, 1.0, 3.0, 17.0, 180.0
322237, FFI39_RS01360, G->C, synonymous, -0.227381072958, 0.3815, 9, 1, 1, 1, 1, 1, FAIL, 4.0, 87.0, 23.0, 104.0, 18.0, 143.0, 25.0, 193.0, 2.0, 35.0, 10.0, 50.0, 13.0, 80.0, 1.0, 3.0, 14.0, 179.0
322247, FFI39_RS01360, T->G, missense, -0.110610004581, 0.3816, 9, 1, 1, 1, 1, 1, FAIL, 3.0, 88.0, 18.0, 108.0, 12.0, 141.0, 21.0, 187.0, 5.0, 38.0, 7.0, 53.0, 11.0, 82.0, 1.0, 4.0, 17.0, 180.0
323592, FFI39_RS01365, C->G, synonymous, -0.446041348348, 0.4068, 9, 1, 1, 1, 1, 1, FAIL, 1.0, 60.0, 5.0, 86.0, 1.0, 112.0, 11.0, 195.0, 1.0, 55.0, 11.0, 65.0, 2.0, 101.0, 0.0, 24.0, 7.0, 246.0
325874, FFI39_RS01380, T->G, missense, -0.0396319038832, 0.3854, 9, 1, 1, 1, 1, 1, FAIL, 3.0, 62.0, 19.0, 90.0, 16.0, 139.0, 43.0, 144.0, 6.0, 35.0, 15.0, 63.0, 22.0, 85.0, 0.0, 6.0, 17.0, 133.0
325879, FFI39_RS01380, T->G, missense, -0.0398643656924, 0.3942, 9, 1, 1, 1, 1, 1, FAIL, 3.0, 67.0, 12.0, 91.0, 11.0, 140.0, 39.0, 142.0, 7.0, 34.0, 10.0, 65.0, 18.0, 82.0, 0.0, 8.0, 19.0, 128.0
325884, FFI39_RS01380, A->G, synonymous, 0.521649456741, 0.1729, 9, 1, 1, 1, 1, 1, FAIL, 1.0, 77.0, 3.0, 96.0, 2.0, 140.0, 6.0, 142.0, 5.0, 37.0, 6.0, 68.0, 1.0, 87.0, 0.0, 8.0, 2.0, 131.0
325897, FFI39_RS01380, G->C, missense, 0.0458209592212, 0.381, 9, 1, 1, 1, 1, 1, FAIL, 3.0, 79.0, 15.0, 92.0, 16.0, 132.0, 25.0, 127.0, 6.0, 36.0, 16.0, 64.0, 15.0, 88.0, 0.0, 12.0, 12.0, 129.0
328128, FFI39_RS01390, C->A, synonymous, -1.08001022375, 0.3972, 9, 1, 1, 1, 1, 1, FAIL, 2.0, 97.0, 4.0, 113.0, 0.0, 143.0, 1.0, 161.0, 9.0, 73.0, 1.0, 86.0, 2.0, 87.0, 0.0, 18.0, 2.0, 161.0
328167, FFI39_RS01390, A->C, synonymous, 0.154570748329, 0.2026, 9, 1, 1, 1, 1, 1, FAIL, 6.0, 102.0, 7.0, 105.0, 8.0, 135.0, 17.0, 151.0, 15.0, 77.0, 13.0, 73.0, 4.0, 81.0, 1.0, 26.0, 10.0, 153.0
334314, FFI39_RS01420, T->A, missense, -0.0193505016362, 0.3838, 9, 1, 1, 1, 1, 1, FAIL, 7.0, 163.0, 15.0, 144.0, 10.0, 163.0, 7.0, 163.0, 8.0, 102.0, 12.0, 138.0, 8.0, 109.0, 9.0, 47.0, 12.0, 174.0
334321, FFI39_RS01420, A->C, missense, -4.4522470986e-05, 0.3876, 9, 1, 1, 1, 1, 1, FAIL, 7.0, 164.0, 18.0, 146.0, 9.0, 158.0, 13.0, 159.0, 18.0, 101.0, 20.0, 142.0, 9.0, 108.0, 10.0, 48.0, 24.0, 173.0
334329, FFI39_RS01420, T->G, missense, -0.0111289805755, 0.3894, 9, 1, 1, 1, 1, 1, FAIL, 10.0, 161.0, 17.0, 136.0, 12.0, 157.0, 20.0, 151.0, 18.0, 99.0, 19.0, 142.0, 8.0, 106.0, 14.0, 47.0, 21.0, 171.0
338416, FFI39_RS01430, T->G, missense, -0.487722387475, 0.3842, 9, 1, 1, 1, 1, 1, FAIL, 2.0, 172.0, 6.0, 60.0, 0.0, 112.0, 11.0, 71.0, 6.0, 48.0, 2.0, 37.0, 1.0, 49.0, 3.0, 69.0, 6.0, 85.0
338421, FFI39_RS01430, T->A, missense, -0.344950541013, 0.3871, 9, 1, 1, 1, 1, 1, FAIL, 3.0, 176.0, 6.0, 61.0, 1.0, 111.0, 10.0, 70.0, 4.0, 48.0, 6.0, 37.0, 3.0, 48.0, 2.0, 72.0, 3.0, 87.0
338431, FFI39_RS01430, G->C, missense, -0.166586275823, 0.394, 9, 1, 1, 1, 1, 1, FAIL, 3.0, 176.0, 6.0, 63.0, 1.0, 110.0, 12.0, 75.0, 4.0, 50.0, 7.0, 37.0, 2.0, 48.0, 3.0, 74.0, 6.0, 92.0
338441, FFI39_RS01430, C->A, missense, 0.235557507761, 0.1413, 9, 1, 1, 1, 1, 1, FAIL, 6.0, 165.0, 6.0, 67.0, 4.0, 105.0, 10.0, 78.0, 6.0, 48.0, 8.0, 36.0, 7.0, 48.0, 2.0, 76.0, 8.0, 93.0
338446, FFI39_RS01430, A->C, missense, -0.0175690802581, 0.2845, 9, 1, 1, 1, 1, 1, FAIL, 8.0, 164.0, 11.0, 68.0, 6.0, 106.0, 16.0, 78.0, 10.0, 48.0, 7.0, 36.0, 11.0, 49.0, 9.0, 75.0, 10.0, 93.0
342153, FFI39_RS01450, G->T, missense, 0.286281593849, 0.017, 9, 1, 1, 1, 1, 1, PASS, 3.0, 223.0, 10.0, 113.0, 8.0, 182.0, 7.0, 103.0, 9.0, 77.0, 15.0, 75.0, 11.0, 77.0, 23.0, 176.0, 15.0, 162.0
342169, FFI39_RS01450, T->G, synonymous, 0.245692938502, 0.0297, 9, 1, 1, 1, 1, 1, PASS, 4.0, 210.0, 10.0, 107.0, 9.0, 174.0, 9.0, 101.0, 17.0, 73.0, 12.0, 74.0, 7.0, 70.0, 16.0, 183.0, 14.0, 165.0
342185, FFI39_RS01450, T->G, missense, 0.0820608380543, 0.1495, 9, 1, 1, 1, 1, 1, FAIL, 10.0, 190.0, 12.0, 104.0, 15.0, 178.0, 14.0, 101.0, 16.0, 76.0, 12.0, 82.0, 8.0, 79.0, 24.0, 183.0, 14.0, 154.0
359874, FFI39_RS01530, C->A, nonsense, 0.362191928948, 0.1548, 9, 1, 1, 1, 1, 1, FAIL, 4.0, 112.0, 1.0, 109.0, 6.0, 138.0, 3.0, 125.0, 1.0, 64.0, 2.0, 77.0, 10.0, 70.0, 1.0, 40.0, 8.0, 111.0
363575, FFI39_RS01540, G->C, synonymous, -0.06148704185, 0.3966, 9, 1, 1, 1, 1, 1, FAIL, 0.0, 64.0, 4.0, 49.0, 0.0, 76.0, 4.0, 68.0, 8.0, 79.0, 9.0, 55.0, 1.0, 43.0, 6.0, 105.0, 1.0, 130.0
363577, FFI39_RS01540, T->G, synonymous, 0.000179406751328, 0.3951, 9, 1, 1, 1, 1, 1, FAIL, 4.0, 64.0, 4.0, 48.0, 3.0, 77.0, 15.0, 67.0, 13.0, 76.0, 5.0, 52.0, 6.0, 43.0, 11.0, 103.0, 17.0, 130.0
363582, FFI39_RS01540, A->C, missense, -0.0682002009445, 0.3948, 9, 1, 1, 1, 1, 1, FAIL, 2.0, 57.0, 15.0, 44.0, 7.0, 71.0, 17.0, 58.0, 22.0, 65.0, 11.0, 41.0, 8.0, 40.0, 23.0, 92.0, 33.0, 119.0
363588, FFI39_RS01540, A->C, missense, -0.0995470968152, 0.3824, 9, 1, 1, 1, 1, 1, FAIL, 2.0, 48.0, 12.0, 39.0, 8.0, 69.0, 17.0, 50.0, 16.0, 57.0, 8.0, 38.0, 9.0, 31.0, 15.0, 87.0, 24.0, 114.0
363589, FFI39_RS01540, G->C, synonymous, 0.336532839371, 0.1776, 9, 1, 1, 1, 1, 1, FAIL, 1.0, 47.0, 0.0, 39.0, 1.0, 69.0, 9.0, 50.0, 11.0, 56.0, 6.0, 38.0, 7.0, 31.0, 5.0, 87.0, 8.0, 114.0
363591, FFI39_RS01540, G->C, synonymous, 0.239636609101, 0.195, 9, 1, 1, 1, 1, 1, FAIL, 2.0, 47.0, 1.0, 39.0, 1.0, 71.0, 5.0, 51.0, 4.0, 58.0, 4.0, 39.0, 6.0, 32.0, 6.0, 92.0, 8.0, 115.0
363594, FFI39_RS01540, T->A, synonymous, -0.00863103927896, 0.3932, 9, 1, 1, 1, 1, 1, FAIL, 1.0, 45.0, 1.0, 39.0, 2.0, 73.0, 3.0, 52.0, 7.0, 59.0, 2.0, 38.0, 7.0, 33.0, 4.0, 92.0, 14.0, 118.0
363601, FFI39_RS01540, T->A, missense, 0.374743062603, 0.0964, 9, 1, 1, 1, 1, 1, PASS, 1.0, 45.0, 4.0, 39.0, 4.0, 73.0, 9.0, 50.0, 13.0, 55.0, 7.0, 32.0, 4.0, 30.0, 7.0, 93.0, 4.0, 115.0
363607, FFI39_RS01540, G->T, missense, 0.0485618469219, 0.383, 9, 1, 1, 1, 1, 1, FAIL, 2.0, 43.0, 5.0, 31.0, 3.0, 73.0, 9.0, 47.0, 11.0, 53.0, 3.0, 30.0, 5.0, 33.0, 5.0, 90.0, 7.0, 111.0
363609, FFI39_RS01540, C->G, missense, 0.101139172881, 0.3369, 9, 1, 1, 1, 1, 1, FAIL, 2.0, 43.0, 3.0, 30.0, 1.0, 72.0, 6.0, 47.0, 7.0, 53.0, 7.0, 32.0, 5.0, 32.0, 4.0, 90.0, 12.0, 111.0
363617, FFI39_RS01540, G->C, missense, -0.0830911541765, 0.3809, 9, 1, 1, 1, 1, 1, FAIL, 2.0, 47.0, 4.0, 33.0, 2.0, 76.0, 10.0, 50.0, 8.0, 56.0, 4.0, 33.0, 3.0, 31.0, 10.0, 93.0, 3.0, 113.0
363623, FFI39_RS01540, G->C, missense, 0.0710018559001, 0.385, 9, 1, 1, 1, 1, 1, FAIL, 0.0, 48.0, 2.0, 31.0, 2.0, 73.0, 14.0, 54.0, 8.0, 46.0, 6.0, 32.0, 3.0, 29.0, 9.0, 88.0, 10.0, 105.0
363628, FFI39_RS01540, T->G, missense, 0.917388463637, 0.0934, 9, 1, 1, 1, 1, 1, PASS, 0.0, 45.0, 2.0, 31.0, 0.0, 69.0, 0.0, 48.0, 1.0, 43.0, 2.0, 28.0, 4.0, 23.0, 4.0, 81.0, 9.0, 95.0
363629, FFI39_RS01540, C->A, missense, -0.041476400986, 0.3936, 9, 1, 1, 1, 1, 1, FAIL, 4.0, 45.0, 5.0, 32.0, 2.0, 65.0, 12.0, 49.0, 8.0, 44.0, 6.0, 28.0, 4.0, 23.0, 12.0, 86.0, 9.0, 98.0
363631, FFI39_RS01540, G->C, synonymous, -0.135120080175, 0.3803, 9, 1, 1, 1, 1, 1, FAIL, 3.0, 45.0, 9.0, 32.0, 5.0, 64.0, 14.0, 48.0, 8.0, 45.0, 7.0, 26.0, 4.0, 22.0, 13.0, 86.0, 20.0, 99.0
363637, FFI39_RS01540, A->C, missense, -0.0167702702688, 0.383, 9, 1, 1, 1, 1, 1, FAIL, 2.0, 44.0, 5.0, 31.0, 5.0, 65.0, 9.0, 49.0, 3.0, 44.0, 4.0, 24.0, 6.0, 21.0, 13.0, 80.0, 16.0, 93.0
363645, FFI39_RS01540, C->G, missense, -0.328023853543, 0.3945, 9, 1, 1, 1, 1, 1, FAIL, 3.0, 51.0, 5.0, 33.0, 2.0, 64.0, 11.0, 50.0, 5.0, 46.0, 1.0, 21.0, 4.0, 22.0, 6.0, 83.0, 12.0, 103.0
363646, FFI39_RS01540, T->G, synonymous, 0.166663871969, 0.1728, 9, 1, 1, 1, 1, 1, FAIL, 3.0, 51.0, 3.0, 33.0, 1.0, 65.0, 10.0, 49.0, 8.0, 46.0, 6.0, 21.0, 6.0, 22.0, 18.0, 81.0, 26.0, 102.0
363654, FFI39_RS01540, G->C, synonymous, 0.133466117919, 0.2683, 9, 1, 1, 1, 1, 1, FAIL, 1.0, 51.0, 6.0, 40.0, 2.0, 66.0, 10.0, 64.0, 15.0, 54.0, 3.0, 31.0, 5.0, 26.0, 7.0, 79.0, 18.0, 109.0
388621, FFI39_RS01660, A->C, noncoding, 0.0765286493699, 0.2081, 9, 1, 1, 1, 1, 1, FAIL, 13.0, 144.0, 11.0, 74.0, 4.0, 127.0, 22.0, 118.0, 10.0, 60.0, 15.0, 56.0, 19.0, 69.0, 21.0, 109.0, 29.0, 129.0
388624, FFI39_RS01660, T->A, noncoding, 0.154252412832, 0.1801, 9, 1, 1, 1, 1, 1, FAIL, 2.0, 139.0, 7.0, 74.0, 5.0, 125.0, 16.0, 111.0, 5.0, 60.0, 7.0, 55.0, 12.0, 64.0, 11.0, 108.0, 9.0, 129.0
391699, FFI39_RS01675, T->G, missense, 1.8600991739, 0.0913, 9, 1, 1, 1, 1, 1, PASS, 0.0, 120.0, 1.0, 86.0, 0.0, 122.0, 3.0, 118.0, 0.0, 54.0, 0.0, 66.0, 0.0, 73.0, 4.0, 31.0, 2.0, 120.0
409507, FFI39_RS01755, T->G, noncoding, -0.318637033636, 0.3852, 9, 1, 1, 1, 1, 1, FAIL, 0.0, 61.0, 3.0, 17.0, 1.0, 54.0, 4.0, 65.0, 2.0, 30.0, 0.0, 13.0, 4.0, 27.0, 8.0, 84.0, 12.0, 110.0
409525, FFI39_RS01755, C->G, noncoding, -0.0191106520822, 0.3871, 9, 1, 1, 1, 1, 1, FAIL, 0.0, 49.0, 1.0, 13.0, 1.0, 45.0, 3.0, 45.0, 3.0, 17.0, 1.0, 7.0, 1.0, 18.0, 11.0, 68.0, 1.0, 85.0
409531, FFI39_RS01755, T->G, noncoding, 0.258727764825, 0.3299, 9, 1, 1, 1, 1, 1, FAIL, 2.0, 45.0, 1.0, 13.0, 1.0, 45.0, 2.0, 42.0, 0.0, 17.0, 0.0, 6.0, 2.0, 20.0, 8.0, 69.0, 18.0, 89.0
409534, FFI39_RS01755, G->T, noncoding, 0.24489856442, 0.2767, 9, 1, 1, 1, 1, 1, FAIL, 1.0, 42.0, 1.0, 11.0, 2.0, 42.0, 8.0, 43.0, 6.0, 15.0, 0.0, 5.0, 5.0, 20.0, 15.0, 68.0, 7.0, 80.0
409540, FFI39_RS01755, C->G, noncoding, 0.028329673661, 0.3843, 9, 1, 1, 1, 1, 1, FAIL, 1.0, 43.0, 1.0, 10.0, 1.0, 40.0, 9.0, 42.0, 2.0, 15.0, 0.0, 5.0, 3.0, 20.0, 9.0, 72.0, 6.0, 79.0
409543, FFI39_RS01755, C->G, noncoding, 0.231121906342, 0.353, 9, 1, 1, 1, 1, 1, FAIL, 0.0, 40.0, 1.0, 9.0, 0.0, 40.0, 4.0, 35.0, 1.0, 11.0, 0.0, 4.0, 4.0, 18.0, 10.0, 66.0, 14.0, 77.0
409546, FFI39_RS01755, C->A, noncoding, 0.057032548951, 0.3741, 9, 1, 1, 1, 1, 1, FAIL, 1.0, 44.0, 1.0, 9.0, 1.0, 39.0, 4.0, 35.0, 3.0, 12.0, 0.0, 5.0, 2.0, 19.0, 5.0, 65.0, 3.0, 78.0
409547, FFI39_RS01755, A->T, noncoding, -0.237255231597, 0.3871, 9, 1, 1, 1, 1, 1, FAIL, 4.0, 44.0, 2.0, 9.0, 0.0, 39.0, 3.0, 35.0, 3.0, 12.0, 0.0, 4.0, 3.0, 18.0, 9.0, 65.0, 6.0, 79.0
409552, FFI39_RS01755, C->G, noncoding, 0.415253029109, 0.2913, 9, 1, 1, 1, 1, 1, FAIL, 2.0, 44.0, 0.0, 11.0, 0.0, 40.0, 4.0, 36.0, 3.0, 13.0, 0.0, 5.0, 1.0, 15.0, 8.0, 67.0, 17.0, 79.0
409557, FFI39_RS01755, C->A, noncoding, 0.192465213481, 0.3835, 9, 1, 1, 1, 1, 1, FAIL, 3.0, 46.0, 1.0, 11.0, 0.0, 42.0, 5.0, 32.0, 2.0, 15.0, 0.0, 6.0, 2.0, 19.0, 2.0, 70.0, 1.0, 77.0
409558, FFI39_RS01755, T->G, noncoding, 0.370661297848, 0.2621, 9, 1, 1, 1, 1, 1, FAIL, 0.0, 47.0, 0.0, 11.0, 0.0, 42.0, 5.0, 34.0, 1.0, 15.0, 1.0, 6.0, 3.0, 20.0, 8.0, 70.0, 19.0, 80.0
418328, FFI39_RS01790, C->A, synonymous, 0.0404401451665, 0.3352, 9, 1, 1, 1, 1, 1, FAIL, 15.0, 140.0, 17.0, 146.0, 12.0, 182.0, 14.0, 233.0, 20.0, 102.0, 27.0, 193.0, 14.0, 130.0, 6.0, 84.0, 13.0, 245.0
420395, FFI39_RS01805, A->C, synonymous, 0.801105847042, 0.0665, 9, 1, 1, 1, 1, 1, PASS, 1.0, 113.0, 0.0, 123.0, 1.0, 128.0, 2.0, 164.0, 1.0, 91.0, 4.0, 115.0, 3.0, 95.0, 6.0, 43.0, 5.0, 144.0
420412, FFI39_RS01805, A->C, synonymous, -0.207418025882, 0.4073, 9, 1, 1, 1, 1, 1, FAIL, 0.0, 99.0, 4.0, 113.0, 0.0, 117.0, 1.0, 142.0, 1.0, 77.0, 3.0, 114.0, 2.0, 92.0, 5.0, 40.0, 4.0, 115.0
432806, FFI39_RS01860, C->G, missense, 0.52025811762, 0.2292, 9, 1, 1, 1, 1, 1, FAIL, 0.0, 73.0, 3.0, 50.0, 1.0, 88.0, 10.0, 122.0, 3.0, 21.0, 3.0, 30.0, 0.0, 29.0, 0.0, 0.0, 4.0, 172.0
432809, FFI39_RS01860, T->A, missense, 0.151397456364, 0.3519, 9, 1, 1, 1, 1, 1, FAIL, 0.0, 73.0, 3.0, 51.0, 7.0, 89.0, 13.0, 121.0, 5.0, 22.0, 4.0, 30.0, 4.0, 29.0, 0.0, 0.0, 9.0, 176.0
432814, FFI39_RS01860, C->G, synonymous, 0.332966423671, 0.2361, 9, 1, 1, 1, 1, 1, FAIL, 0.0, 77.0, 2.0, 52.0, 1.0, 92.0, 9.0, 127.0, 4.0, 23.0, 1.0, 30.0, 1.0, 31.0, 0.0, 0.0, 5.0, 187.0
432817, FFI39_RS01860, A->C, missense, -0.193691179408, 0.3709, 9, 1, 1, 1, 1, 1, FAIL, 0.0, 77.0, 9.0, 52.0, 2.0, 92.0, 25.0, 124.0, 4.0, 22.0, 7.0, 29.0, 5.0, 30.0, 0.0, 0.0, 24.0, 188.0
432838, FFI39_RS01860, C->G, synonymous, 0.36739813662, 0.2957, 9, 1, 1, 1, 1, 1, FAIL, 0.0, 81.0, 2.0, 66.0, 1.0, 95.0, 12.0, 125.0, 4.0, 23.0, 2.0, 36.0, 0.0, 34.0, 0.0, 0.0, 5.0, 183.0
432853, FFI39_RS01860, T->G, synonymous, -0.000986239145115, 0.3727, 9, 1, 1, 1, 1, 1, FAIL, 0.0, 89.0, 7.0, 73.0, 3.0, 103.0, 26.0, 116.0, 3.0, 29.0, 5.0, 39.0, 5.0, 38.0, 0.0, 2.0, 19.0, 173.0
432865, FFI39_RS01860, A->C, synonymous, 0.0200160229857, 0.3873, 9, 1, 1, 1, 1, 1, FAIL, 0.0, 87.0, 3.0, 74.0, 0.0, 104.0, 18.0, 100.0, 4.0, 33.0, 2.0, 32.0, 5.0, 37.0, 0.0, 5.0, 12.0, 151.0
449580, FFI39_RS01945, A->C, synonymous, 0.284059379409, 0.1412, 9, 1, 1, 1, 1, 1, FAIL, 2.0, 103.0, 5.0, 156.0, 3.0, 188.0, 7.0, 192.0, 2.0, 87.0, 6.0, 83.0, 7.0, 121.0, 3.0, 17.0, 14.0, 174.0
455819, FFI39_RS01980, G->T, synonymous, 0.272777282644, 0.1996, 9, 1, 1, 1, 1, 1, FAIL, 2.0, 140.0, 1.0, 64.0, 5.0, 139.0, 8.0, 97.0, 4.0, 38.0, 4.0, 33.0, 10.0, 56.0, 1.0, 21.0, 2.0, 98.0
455830, FFI39_RS01980, A->T, missense, 0.707308146325, 0.084, 9, 1, 1, 1, 1, 1, PASS, 0.0, 133.0, 2.0, 52.0, 3.0, 123.0, 6.0, 72.0, 3.0, 24.0, 4.0, 24.0, 2.0, 47.0, 1.0, 14.0, 5.0, 82.0
455834, FFI39_RS01980, C->G, synonymous, 0.245015829346, 0.3432, 9, 1, 1, 1, 1, 1, FAIL, 0.0, 128.0, 3.0, 47.0, 2.0, 120.0, 2.0, 67.0, 2.0, 20.0, 2.0, 22.0, 6.0, 43.0, 0.0, 11.0, 2.0, 81.0
455844, FFI39_RS01980, A->C, missense, 0.15668987312, 0.2444, 9, 1, 1, 1, 1, 1, FAIL, 1.0, 122.0, 3.0, 47.0, 3.0, 118.0, 18.0, 87.0, 4.0, 20.0, 3.0, 20.0, 9.0, 45.0, 1.0, 9.0, 14.0, 100.0
455848, FFI39_RS01980, C->G, missense, 0.53858691627, 0.1225, 9, 1, 1, 1, 1, 1, FAIL, 1.0, 121.0, 2.0, 48.0, 5.0, 119.0, 15.0, 90.0, 2.0, 19.0, 5.0, 20.0, 10.0, 44.0, 0.0, 9.0, 9.0, 102.0
467681, FFI39_RS02040, T->G, synonymous, -0.161416324775, 0.3797, 9, 1, 1, 1, 1, 1, FAIL, 0.0, 59.0, 3.0, 53.0, 6.0, 109.0, 8.0, 114.0, 3.0, 11.0, 2.0, 31.0, 3.0, 56.0, 0.0, 1.0, 15.0, 124.0
475231, FFI39_RS02075, G->C, synonymous, -0.0922818001377, 0.4091, 9, 1, 1, 1, 1, 1, FAIL, 2.0, 147.0, 16.0, 86.0, 16.0, 156.0, 17.0, 115.0, 17.0, 89.0, 9.0, 63.0, 17.0, 76.0, 10.0, 125.0, 15.0, 121.0
478030, FFI39_RS02095, T->G, missense, 0.0185956324819, 0.3864, 9, 1, 1, 1, 1, 1, FAIL, 3.0, 122.0, 5.0, 81.0, 2.0, 98.0, 19.0, 95.0, 14.0, 88.0, 8.0, 76.0, 7.0, 52.0, 3.0, 87.0, 14.0, 119.0
478040, FFI39_RS02095, C->A, missense, -0.610764884894, 0.3967, 9, 1, 1, 1, 1, 1, FAIL, 2.0, 126.0, 6.0, 87.0, 3.0, 100.0, 16.0, 96.0, 0.0, 88.0, 4.0, 75.0, 3.0, 54.0, 2.0, 91.0, 6.0, 113.0
478115, FFI39_RS02095, T->G, missense, 0.0442637171844, 0.384, 9, 1, 1, 1, 1, 1, FAIL, 10.0, 125.0, 11.0, 73.0, 12.0, 115.0, 29.0, 99.0, 16.0, 76.0, 17.0, 69.0, 14.0, 55.0, 4.0, 83.0, 20.0, 143.0
478429, intergenic, G->C, noncoding, -0.346061641367, 0.3967, 9, 1, 1, 1, 1, 1, FAIL, 13.0, 70.0, 0.0, 32.0, 0.0, 66.0, 9.0, 110.0, 1.0, 40.0, 5.0, 41.0, 4.0, 57.0, 1.0, 110.0, 5.0, 138.0
478455, intergenic, A->C, noncoding, -0.0742444258714, 0.3839, 9, 1, 1, 1, 1, 1, FAIL, 13.0, 71.0, 3.0, 31.0, 2.0, 72.0, 29.0, 109.0, 7.0, 41.0, 7.0, 38.0, 13.0, 51.0, 11.0, 118.0, 17.0, 143.0
478469, intergenic, G->C, noncoding, -0.159091396177, 0.3844, 9, 1, 1, 1, 1, 1, FAIL, 0.0, 70.0, 3.0, 34.0, 3.0, 71.0, 4.0, 107.0, 6.0, 40.0, 2.0, 35.0, 3.0, 49.0, 7.0, 116.0, 4.0, 148.0
478470, intergenic, G->T, noncoding, 0.0194351556536, 0.378, 9, 1, 1, 1, 1, 1, FAIL, 16.0, 75.0, 4.0, 35.0, 2.0, 72.0, 21.0, 107.0, 8.0, 40.0, 8.0, 35.0, 8.0, 49.0, 4.0, 117.0, 8.0, 148.0
478477, intergenic, G->C, noncoding, -0.208726186765, 0.3943, 9, 1, 1, 1, 1, 1, FAIL, 2.0, 77.0, 3.0, 35.0, 1.0, 68.0, 6.0, 107.0, 7.0, 42.0, 3.0, 36.0, 2.0, 47.0, 8.0, 117.0, 4.0, 149.0
478500, intergenic, G->C, noncoding, -0.919839440422, 0.3966, 9, 1, 1, 1, 1, 1, FAIL, 0.0, 80.0, 1.0, 43.0, 1.0, 68.0, 1.0, 102.0, 6.0, 43.0, 0.0, 38.0, 1.0, 46.0, 2.0, 108.0, 3.0, 142.0
478506, intergenic, G->T, noncoding, 0.0142143923705, 0.3984, 9, 1, 1, 1, 1, 1, FAIL, 2.0, 80.0, 1.0, 45.0, 1.0, 75.0, 5.0, 108.0, 7.0, 44.0, 3.0, 39.0, 2.0, 46.0, 6.0, 109.0, 4.0, 140.0
478511, intergenic, T->A, noncoding, -0.0748026657224, 0.4028, 9, 1, 1, 1, 1, 1, FAIL, 1.0, 73.0, 3.0, 39.0, 1.0, 70.0, 4.0, 89.0, 8.0, 41.0, 3.0, 33.0, 2.0, 34.0, 2.0, 86.0, 1.0, 120.0
478513, intergenic, G->T, noncoding, 0.437038225799, 0.2203, 9, 1, 1, 1, 1, 1, FAIL, 1.0, 74.0, 1.0, 40.0, 0.0, 68.0, 2.0, 89.0, 7.0, 44.0, 3.0, 34.0, 2.0, 35.0, 3.0, 84.0, 3.0, 120.0
478531, FFI39_RS02100, C->A, missense, 0.0933555710137, 0.3311, 9, 1, 1, 1, 1, 1, FAIL, 1.0, 82.0, 1.0, 73.0, 4.0, 85.0, 7.0, 95.0, 11.0, 53.0, 2.0, 51.0, 2.0, 46.0, 7.0, 87.0, 6.0, 99.0
478541, FFI39_RS02100, G->C, missense, -0.0755267832844, 0.3817, 9, 1, 1, 1, 1, 1, FAIL, 0.0, 86.0, 2.0, 76.0, 1.0, 88.0, 5.0, 98.0, 9.0, 62.0, 3.0, 55.0, 2.0, 49.0, 5.0, 90.0, 3.0, 102.0
486824, FFI39_RS02130, A->C, missense, -0.39846081984, 0.388, 9, 1, 1, 1, 1, 1, FAIL, 0.0, 61.0, 4.0, 18.0, 2.0, 66.0, 3.0, 25.0, 2.0, 10.0, 7.0, 29.0, 1.0, 9.0, 0.0, 9.0, 2.0, 39.0
486836, FFI39_RS02130, A->C, missense, 0.442812143145, 0.1947, 9, 1, 1, 1, 1, 1, FAIL, 1.0, 68.0, 1.0, 20.0, 5.0, 66.0, 4.0, 26.0, 0.0, 6.0, 3.0, 28.0, 1.0, 11.0, 3.0, 12.0, 7.0, 37.0
486860, FFI39_RS02130, A->C, missense, 0.0186104026223, 0.378, 9, 1, 1, 1, 1, 1, FAIL, 1.0, 78.0, 0.0, 25.0, 2.0, 72.0, 5.0, 33.0, 0.0, 11.0, 2.0, 35.0, 1.0, 22.0, 1.0, 21.0, 3.0, 51.0
486863, FFI39_RS02130, A->C, missense, 0.283957818033, 0.3204, 9, 1, 1, 1, 1, 1, FAIL, 2.0, 80.0, 0.0, 25.0, 2.0, 71.0, 5.0, 33.0, 0.0, 11.0, 3.0, 34.0, 2.0, 23.0, 1.0, 26.0, 3.0, 52.0
486880, FFI39_RS02130, A->C, synonymous, -2.75528166395, 0.3777, 9, 1, 1, 1, 1, 1, FAIL, 3.0, 85.0, 0.0, 24.0, 1.0, 64.0, 2.0, 43.0, 0.0, 11.0, 1.0, 35.0, 4.0, 24.0, 0.0, 29.0, 2.0, 56.0
491373, FFI39_RS02160, C->T, synonymous, 1.71346212972, 0.1233, 9, 1, 1, 1, 1, 1, FAIL, 0.0, 101.0, 0.0, 81.0, 0.0, 90.0, 0.0, 92.0, 2.0, 85.0, 0.0, 49.0, 0.0, 64.0, 5.0, 38.0, 4.0, 86.0
491374, FFI39_RS02160, C->T, nonsense, 1.39328789889, 0.0891, 9, 1, 1, 1, 1, 1, PASS, 0.0, 103.0, 2.0, 81.0, 1.0, 91.0, 0.0, 94.0, 2.0, 86.0, 0.0, 49.0, 0.0, 64.0, 7.0, 39.0, 7.0, 87.0
491375, FFI39_RS02160, A->T, missense, 0.82097077729, 0.13, 9, 1, 1, 1, 1, 1, FAIL, 0.0, 103.0, 0.0, 81.0, 1.0, 92.0, 1.0, 94.0, 3.0, 86.0, 0.0, 49.0, 0.0, 64.0, 8.0, 40.0, 5.0, 87.0
491376, FFI39_RS02160, A->T, missense, 1.11016561331, 0.136, 9, 1, 1, 1, 1, 1, FAIL, 0.0, 103.0, 2.0, 81.0, 1.0, 92.0, 1.0, 94.0, 1.0, 87.0, 0.0, 49.0, 0.0, 64.0, 7.0, 40.0, 7.0, 87.0
491377, FFI39_RS02160, G->T, missense, 0.473962185956, 0.1967, 9, 1, 1, 1, 1, 1, FAIL, 0.0, 102.0, 1.0, 81.0, 2.0, 92.0, 1.0, 94.0, 3.0, 87.0, 0.0, 49.0, 0.0, 64.0, 6.0, 40.0, 4.0, 87.0
491378, FFI39_RS02160, G->T, missense, -0.232282403024, 0.3905, 9, 1, 1, 1, 1, 1, FAIL, 0.0, 104.0, 2.0, 81.0, 4.0, 92.0, 2.0, 94.0, 3.0, 86.0, 2.0, 49.0, 1.0, 64.0, 7.0, 40.0, 4.0, 87.0
491379, FFI39_RS02160, C->T, synonymous, 0.969393592516, 0.1233, 9, 1, 1, 1, 1, 1, FAIL, 0.0, 104.0, 2.0, 81.0, 1.0, 92.0, 0.0, 94.0, 2.0, 86.0, 0.0, 49.0, 0.0, 64.0, 7.0, 40.0, 5.0, 87.0
491380, FFI39_RS02160, G->T, missense, 0.531668514494, 0.1557, 9, 1, 1, 1, 1, 1, FAIL, 0.0, 103.0, 2.0, 81.0, 4.0, 91.0, 1.0, 93.0, 3.0, 83.0, 1.0, 49.0, 0.0, 64.0, 7.0, 40.0, 6.0, 87.0
491381, FFI39_RS02160, G->T, missense, 0.678905904229, 0.0867, 9, 1, 1, 1, 1, 1, PASS, 0.0, 105.0, 4.0, 84.0, 1.0, 93.0, 2.0, 94.0, 3.0, 80.0, 3.0, 49.0, 1.0, 64.0, 7.0, 40.0, 8.0, 87.0
491382, FFI39_RS02160, C->A, synonymous, 0.768316524561, 0.1532, 9, 1, 1, 1, 1, 1, FAIL, 0.0, 105.0, 3.0, 84.0, 2.0, 93.0, 2.0, 94.0, 2.0, 80.0, 0.0, 49.0, 0.0, 64.0, 7.0, 40.0, 8.0, 87.0
491383, FFI39_RS02160, C->T, synonymous, 1.62621293688, 0.0737, 9, 1, 1, 1, 1, 1, PASS, 0.0, 104.0, 1.0, 84.0, 0.0, 92.0, 0.0, 94.0, 2.0, 80.0, 1.0, 49.0, 0.0, 64.0, 7.0, 40.0, 8.0, 87.0
491385, FFI39_RS02160, C->A, synonymous, 1.17490436301, 0.111, 9, 1, 1, 1, 1, 1, FAIL, 0.0, 103.0, 1.0, 83.0, 0.0, 93.0, 1.0, 94.0, 2.0, 83.0, 1.0, 49.0, 0.0, 64.0, 7.0, 42.0, 7.0, 87.0
491386, FFI39_RS02160, G->T, nonsense, 1.16841749457, 0.1161, 9, 1, 1, 1, 1, 1, FAIL, 0.0, 104.0, 1.0, 83.0, 0.0, 93.0, 2.0, 94.0, 1.0, 83.0, 0.0, 49.0, 0.0, 65.0, 6.0, 42.0, 4.0, 87.0
491387, FFI39_RS02160, G->T, missense, 0.15942010997, 0.3236, 9, 1, 1, 1, 1, 1, FAIL, 1.0, 104.0, 5.0, 84.0, 1.0, 93.0, 2.0, 94.0, 4.0, 83.0, 1.0, 49.0, 1.0, 65.0, 7.0, 42.0, 7.0, 87.0
491389, FFI39_RS02160, A->T, missense, 0.494080007038, 0.1608, 9, 1, 1, 1, 1, 1, FAIL, 0.0, 99.0, 1.0, 83.0, 3.0, 91.0, 2.0, 93.0, 1.0, 84.0, 0.0, 46.0, 2.0, 65.0, 7.0, 40.0, 5.0, 87.0
491390, FFI39_RS02160, C->G, synonymous, 1.26495483897, 0.0555, 9, 1, 1, 1, 1, 1, PASS, 0.0, 93.0, 3.0, 80.0, 1.0, 86.0, 0.0, 90.0, 2.0, 76.0, 1.0, 46.0, 1.0, 60.0, 7.0, 37.0, 7.0, 78.0
491392, FFI39_RS02160, C->G, synonymous, 1.28059044409, 0.1021, 9, 1, 1, 1, 1, 1, FAIL, 0.0, 91.0, 2.0, 78.0, 0.0, 84.0, 1.0, 89.0, 3.0, 72.0, 0.0, 45.0, 0.0, 56.0, 7.0, 36.0, 7.0, 79.0
491393, FFI39_RS02160, G->T, missense, 0.545328888237, 0.1494, 9, 1, 1, 1, 1, 1, FAIL, 1.0, 90.0, 3.0, 78.0, 2.0, 85.0, 2.0, 87.0, 2.0, 72.0, 0.0, 45.0, 1.0, 56.0, 7.0, 36.0, 6.0, 78.0
491396, FFI39_RS02160, G->T, missense, 1.62941469844, 0.068, 9, 1, 1, 1, 1, 1, PASS, 0.0, 88.0, 2.0, 74.0, 0.0, 83.0, 0.0, 87.0, 1.0, 70.0, 0.0, 46.0, 1.0, 55.0, 6.0, 35.0, 5.0, 74.0
491405, FFI39_RS02160, A->T, missense, 1.24488692173, 0.0902, 9, 1, 1, 1, 1, 1, PASS, 0.0, 80.0, 1.0, 73.0, 0.0, 84.0, 0.0, 83.0, 2.0, 72.0, 2.0, 47.0, 0.0, 56.0, 7.0, 34.0, 6.0, 72.0
491601, FFI39_RS02160, A->C, synonymous, -0.53625928907, 0.3825, 9, 1, 1, 1, 1, 1, FAIL, 1.0, 45.0, 4.0, 35.0, 3.0, 50.0, 3.0, 65.0, 0.0, 16.0, 2.0, 18.0, 0.0, 23.0, 2.0, 6.0, 5.0, 67.0
494911, FFI39_RS02170, T->G, missense, -0.0130317601349, 0.3993, 9, 1, 1, 1, 1, 1, FAIL, 14.0, 136.0, 5.0, 88.0, 3.0, 115.0, 11.0, 107.0, 11.0, 103.0, 4.0, 67.0, 18.0, 77.0, 10.0, 92.0, 8.0, 120.0
503028, FFI39_RS02200, C->A, noncoding, -0.0932017932746, 0.3899, 9, 1, 1, 1, 1, 1, FAIL, 7.0, 230.0, 8.0, 94.0, 3.0, 167.0, 27.0, 135.0, 7.0, 64.0, 16.0, 77.0, 8.0, 95.0, 3.0, 131.0, 6.0, 121.0
513703, FFI39_RS02240, C->A, missense, -0.113573689685, 0.389, 9, 1, 1, 1, 1, 1, FAIL, 3.0, 125.0, 11.0, 88.0, 6.0, 118.0, 8.0, 114.0, 7.0, 88.0, 16.0, 71.0, 8.0, 74.0, 3.0, 69.0, 3.0, 101.0
513710, FFI39_RS02240, G->C, synonymous, 0.114218732985, 0.263, 9, 1, 1, 1, 1, 1, FAIL, 3.0, 124.0, 6.0, 86.0, 7.0, 114.0, 13.0, 109.0, 9.0, 88.0, 15.0, 69.0, 10.0, 71.0, 2.0, 68.0, 7.0, 98.0
513720, FFI39_RS02240, T->A, missense, -0.196853920875, 0.3909, 9, 1, 1, 1, 1, 1, FAIL, 5.0, 133.0, 10.0, 87.0, 5.0, 121.0, 13.0, 111.0, 7.0, 99.0, 13.0, 69.0, 6.0, 82.0, 1.0, 80.0, 10.0, 111.0
513738, FFI39_RS02240, T->A, synonymous, -0.166389522881, 0.4066, 9, 1, 1, 1, 1, 1, FAIL, 6.0, 136.0, 6.0, 91.0, 6.0, 136.0, 7.0, 122.0, 5.0, 110.0, 12.0, 76.0, 2.0, 83.0, 0.0, 89.0, 7.0, 128.0
513739, FFI39_RS02240, C->A, missense, -0.0853621755993, 0.4, 9, 1, 1, 1, 1, 1, FAIL, 9.0, 136.0, 15.0, 89.0, 13.0, 134.0, 22.0, 121.0, 9.0, 109.0, 19.0, 75.0, 11.0, 83.0, 5.0, 89.0, 11.0, 128.0
517710, FFI39_RS02255, A->C, noncoding, 0.0147914030263, 0.3907, 9, 1, 1, 1, 1, 1, FAIL, 15.0, 131.0, 25.0, 129.0, 17.0, 143.0, 60.0, 200.0, 37.0, 169.0, 27.0, 110.0, 34.0, 126.0, 30.0, 174.0, 25.0, 202.0
525574, intergenic, C->A, noncoding, 0.0584970729721, 0.3549, 9, 1, 1, 1, 1, 1, FAIL, 9.0, 112.0, 7.0, 75.0, 5.0, 116.0, 25.0, 134.0, 15.0, 86.0, 11.0, 67.0, 17.0, 77.0, 9.0, 120.0, 5.0, 120.0
528732, FFI39_RS02305, T->G, missense, 0.112974267413, 0.2255, 9, 1, 1, 1, 1, 1, FAIL, 10.0, 154.0, 5.0, 53.0, 2.0, 64.0, 13.0, 126.0, 9.0, 45.0, 7.0, 44.0, 7.0, 71.0, 10.0, 128.0, 11.0, 135.0
528743, FFI39_RS02305, A->C, missense, 0.0683230574281, 0.3982, 9, 1, 1, 1, 1, 1, FAIL, 2.0, 140.0, 2.0, 47.0, 0.0, 64.0, 8.0, 103.0, 4.0, 40.0, 6.0, 40.0, 4.0, 62.0, 2.0, 109.0, 8.0, 120.0
528746, FFI39_RS02305, T->G, missense, 0.114940221827, 0.3724, 9, 1, 1, 1, 1, 1, FAIL, 1.0, 138.0, 3.0, 47.0, 1.0, 63.0, 8.0, 103.0, 8.0, 39.0, 4.0, 40.0, 5.0, 62.0, 3.0, 101.0, 14.0, 117.0
528747, FFI39_RS02305, C->G, missense, 0.533807152991, 0.0862, 9, 1, 1, 1, 1, 1, PASS, 1.0, 137.0, 2.0, 46.0, 2.0, 61.0, 8.0, 103.0, 9.0, 39.0, 3.0, 40.0, 1.0, 62.0, 5.0, 102.0, 4.0, 117.0
528757, FFI39_RS02305, C->A, synonymous, 0.217250678989, 0.2099, 9, 1, 1, 1, 1, 1, FAIL, 2.0, 148.0, 5.0, 49.0, 2.0, 61.0, 13.0, 107.0, 10.0, 41.0, 7.0, 42.0, 5.0, 62.0, 8.0, 105.0, 6.0, 120.0
528761, FFI39_RS02305, T->A, missense, 0.0672504417407, 0.3995, 9, 1, 1, 1, 1, 1, FAIL, 1.0, 143.0, 3.0, 47.0, 2.0, 57.0, 8.0, 101.0, 7.0, 44.0, 3.0, 42.0, 3.0, 57.0, 4.0, 95.0, 9.0, 119.0
528762, FFI39_RS02305, G->T, missense, 0.0939087286917, 0.3907, 9, 1, 1, 1, 1, 1, FAIL, 2.0, 144.0, 1.0, 48.0, 1.0, 58.0, 0.0, 102.0, 8.0, 45.0, 4.0, 43.0, 0.0, 59.0, 3.0, 97.0, 5.0, 121.0
528775, FFI39_RS02305, G->T, synonymous, -2.65304233319, 0.3996, 9, 1, 1, 1, 1, 1, FAIL, 2.0, 157.0, 0.0, 58.0, 0.0, 64.0, 1.0, 113.0, 6.0, 51.0, 0.0, 49.0, 0.0, 64.0, 3.0, 99.0, 1.0, 132.0
528778, FFI39_RS02305, G->C, synonymous, 0.521349423194, 0.0872, 9, 1, 1, 1, 1, 1, PASS, 2.0, 155.0, 0.0, 59.0, 2.0, 69.0, 8.0, 109.0, 8.0, 49.0, 3.0, 50.0, 6.0, 60.0, 5.0, 97.0, 9.0, 130.0
532605, FFI39_RS02320, T->A, synonymous, -1.90661719641, 0.3865, 9, 1, 1, 1, 1, 1, FAIL, 0.0, 46.0, 1.0, 51.0, 3.0, 79.0, 5.0, 57.0, 0.0, 29.0, 3.0, 19.0, 0.0, 36.0, 0.0, 3.0, 4.0, 94.0
535587, FFI39_RS02335, C->G, missense, 0.148039948231, 0.3743, 9, 1, 1, 1, 1, 1, FAIL, 1.0, 68.0, 4.0, 81.0, 1.0, 79.0, 3.0, 80.0, 3.0, 34.0, 11.0, 75.0, 1.0, 47.0, 0.0, 14.0, 3.0, 103.0
535589, FFI39_RS02335, A->C, missense, 0.119162060863, 0.2239, 9, 1, 1, 1, 1, 1, FAIL, 2.0, 67.0, 9.0, 75.0, 10.0, 80.0, 9.0, 76.0, 9.0, 32.0, 18.0, 72.0, 9.0, 46.0, 1.0, 12.0, 12.0, 102.0
535595, FFI39_RS02335, G->C, synonymous, 0.299791479991, 0.1254, 9, 1, 1, 1, 1, 1, FAIL, 0.0, 68.0, 3.0, 76.0, 11.0, 81.0, 8.0, 80.0, 8.0, 33.0, 13.0, 73.0, 8.0, 48.0, 1.0, 9.0, 5.0, 100.0
535601, FFI39_RS02335, A->C, synonymous, 0.0457215530514, 0.2863, 9, 1, 1, 1, 1, 1, FAIL, 3.0, 72.0, 16.0, 84.0, 15.0, 86.0, 27.0, 89.0, 11.0, 40.0, 26.0, 79.0, 14.0, 52.0, 2.0, 12.0, 20.0, 105.0
535604, FFI39_RS02335, G->C, synonymous, 0.0459238000652, 0.3083, 9, 1, 1, 1, 1, 1, FAIL, 3.0, 72.0, 16.0, 85.0, 20.0, 87.0, 22.0, 92.0, 11.0, 40.0, 25.0, 79.0, 15.0, 53.0, 2.0, 12.0, 13.0, 106.0
535609, FFI39_RS02335, G->C, synonymous, -0.0247391305081, 0.4001, 9, 1, 1, 1, 1, 1, FAIL, 0.0, 66.0, 10.0, 84.0, 13.0, 88.0, 13.0, 91.0, 5.0, 38.0, 12.0, 80.0, 12.0, 52.0, 1.0, 9.0, 10.0, 98.0
535613, FFI39_RS02335, A->C, synonymous, 0.0597499602177, 0.2229, 9, 1, 1, 1, 1, 1, FAIL, 4.0, 67.0, 13.0, 82.0, 18.0, 90.0, 24.0, 93.0, 11.0, 38.0, 23.0, 81.0, 17.0, 54.0, 2.0, 11.0, 15.0, 95.0
535631, FFI39_RS02335, C->A, synonymous, 0.0297623454926, 0.383, 9, 1, 1, 1, 1, 1, FAIL, 2.0, 67.0, 12.0, 79.0, 16.0, 91.0, 15.0, 87.0, 13.0, 41.0, 17.0, 83.0, 11.0, 51.0, 2.0, 16.0, 9.0, 96.0
558198, FFI39_RS02435, T->A, synonymous, 0.0740836224619, 0.3908, 9, 1, 1, 1, 1, 1, FAIL, 6.0, 155.0, 2.0, 77.0, 0.0, 138.0, 3.0, 116.0, 2.0, 64.0, 3.0, 53.0, 11.0, 68.0, 2.0, 91.0, 0.0, 95.0
560263, FFI39_RS02445, A->C, missense, -0.0784782643114, 0.3864, 9, 1, 1, 1, 1, 1, FAIL, 3.0, 103.0, 10.0, 117.0, 4.0, 133.0, 15.0, 155.0, 5.0, 68.0, 16.0, 87.0, 3.0, 72.0, 6.0, 70.0, 6.0, 158.0
563417, FFI39_RS02465, T->A, synonymous, -2.08165413534, 0.3991, 9, 1, 1, 1, 1, 1, FAIL, 0.0, 46.0, 0.0, 45.0, 1.0, 87.0, 2.0, 83.0, 3.0, 21.0, 1.0, 29.0, 1.0, 42.0, 0.0, 1.0, 2.0, 152.0
563420, FFI39_RS02465, A->C, synonymous, 0.703849388995, 0.1845, 9, 1, 1, 1, 1, 1, FAIL, 0.0, 47.0, 0.0, 46.0, 0.0, 90.0, 2.0, 86.0, 4.0, 21.0, 3.0, 29.0, 2.0, 44.0, 0.0, 1.0, 15.0, 158.0
563464, FFI39_RS02465, A->C, synonymous, -0.335059059618, 0.3825, 9, 1, 1, 1, 1, 1, FAIL, 0.0, 66.0, 1.0, 62.0, 5.0, 81.0, 1.0, 105.0, 5.0, 23.0, 1.0, 38.0, 3.0, 55.0, 0.0, 0.0, 19.0, 182.0
565002, FFI39_RS02475, T->G, synonymous, -0.303181286097, 0.3937, 9, 1, 1, 1, 1, 1, FAIL, 2.0, 98.0, 5.0, 75.0, 3.0, 94.0, 14.0, 74.0, 2.0, 37.0, 1.0, 38.0, 4.0, 58.0, 1.0, 35.0, 2.0, 82.0
565022, FFI39_RS02475, T->G, synonymous, -0.232313367278, 0.3951, 9, 1, 1, 1, 1, 1, FAIL, 0.0, 101.0, 2.0, 67.0, 4.0, 86.0, 9.0, 69.0, 0.0, 27.0, 1.0, 36.0, 5.0, 55.0, 0.0, 29.0, 15.0, 86.0
568162, FFI39_RS02490, T->G, missense, -0.277065803495, 0.394, 9, 1, 1, 1, 1, 1, FAIL, 0.0, 74.0, 4.0, 66.0, 5.0, 99.0, 11.0, 99.0, 1.0, 46.0, 2.0, 36.0, 11.0, 53.0, 0.0, 11.0, 11.0, 149.0
568310, FFI39_RS02490, C->G, synonymous, 0.104360160563, 0.3666, 9, 1, 1, 1, 1, 1, FAIL, 0.0, 67.0, 0.0, 28.0, 1.0, 76.0, 7.0, 40.0, 2.0, 23.0, 0.0, 13.0, 0.0, 14.0, 0.0, 0.0, 7.0, 122.0
571984, FFI39_RS02505, C->G, missense, 0.170271430117, 0.2269, 9, 1, 1, 1, 1, 1, FAIL, 1.0, 70.0, 2.0, 35.0, 5.0, 87.0, 9.0, 76.0, 5.0, 43.0, 7.0, 39.0, 2.0, 36.0, 3.0, 31.0, 7.0, 100.0
571988, FFI39_RS02505, T->G, missense, 0.343933946278, 0.1288, 9, 1, 1, 1, 1, 1, FAIL, 0.0, 65.0, 0.0, 35.0, 8.0, 89.0, 15.0, 78.0, 4.0, 39.0, 5.0, 41.0, 9.0, 40.0, 3.0, 34.0, 14.0, 99.0
572002, FFI39_RS02505, G->T, nonsense, 0.00603857916572, 0.3976, 9, 1, 1, 1, 1, 1, FAIL, 1.0, 72.0, 4.0, 39.0, 13.0, 99.0, 16.0, 94.0, 8.0, 40.0, 12.0, 47.0, 7.0, 45.0, 2.0, 41.0, 16.0, 102.0
573176, FFI39_RS02510, T->G, missense, -0.357217625454, 0.3788, 9, 1, 1, 1, 1, 1, FAIL, 2.0, 67.0, 5.0, 44.0, 4.0, 118.0, 10.0, 62.0, 1.0, 41.0, 0.0, 38.0, 3.0, 50.0, 0.0, 17.0, 4.0, 117.0
573180, FFI39_RS02510, T->G, missense, -1.29105634638, 0.3796, 9, 1, 1, 1, 1, 1, FAIL, 1.0, 63.0, 6.0, 43.0, 2.0, 121.0, 7.0, 61.0, 1.0, 41.0, 1.0, 35.0, 1.0, 47.0, 0.0, 17.0, 2.0, 119.0
573317, FFI39_RS02510, A->C, missense, 0.280882501537, 0.3715, 9, 1, 1, 1, 1, 1, FAIL, 0.0, 90.0, 0.0, 42.0, 0.0, 95.0, 7.0, 52.0, 2.0, 31.0, 0.0, 20.0, 0.0, 26.0, 0.0, 10.0, 5.0, 129.0
588236, intergenic, C->A, noncoding, -0.104277180175, 0.3823, 9, 1, 1, 1, 1, 1, FAIL, 6.0, 289.0, 2.0, 43.0, 0.0, 175.0, 1.0, 118.0, 1.0, 16.0, 3.0, 19.0, 2.0, 74.0, 4.0, 158.0, 4.0, 116.0
592155, FFI39_RS02585, T->A, missense, 0.663351564645, 0.0753, 9, 1, 1, 1, 1, 1, PASS, 0.0, 138.0, 1.0, 52.0, 5.0, 115.0, 3.0, 79.0, 6.0, 40.0, 2.0, 37.0, 5.0, 59.0, 3.0, 84.0, 2.0, 55.0
592162, FFI39_RS02585, A->C, missense, 0.263830299005, 0.1442, 9, 1, 1, 1, 1, 1, FAIL, 0.0, 142.0, 4.0, 55.0, 6.0, 116.0, 5.0, 79.0, 7.0, 39.0, 6.0, 39.0, 6.0, 61.0, 10.0, 88.0, 3.0, 60.0
620628, FFI39_RS02725, T->G, missense, -0.0924066379869, 0.3983, 9, 1, 1, 1, 1, 1, FAIL, 1.0, 97.0, 5.0, 67.0, 9.0, 133.0, 23.0, 115.0, 3.0, 49.0, 4.0, 68.0, 7.0, 88.0, 0.0, 31.0, 16.0, 138.0
622564, FFI39_RS02745, C->A, synonymous, 0.239981709134, 0.2239, 9, 1, 1, 1, 1, 1, FAIL, 2.0, 113.0, 1.0, 47.0, 1.0, 116.0, 5.0, 73.0, 2.0, 21.0, 6.0, 33.0, 6.0, 50.0, 6.0, 73.0, 5.0, 68.0
624295, FFI39_RS02755, A->C, missense, -2.87212087196, 0.3997, 9, 1, 1, 1, 1, 1, FAIL, 2.0, 73.0, 1.0, 64.0, 3.0, 99.0, 4.0, 115.0, 2.0, 48.0, 2.0, 29.0, 0.0, 55.0, 5.0, 36.0, 0.0, 97.0
624318, FFI39_RS02755, G->T, missense, 0.0851412935704, 0.3544, 9, 1, 1, 1, 1, 1, FAIL, 6.0, 68.0, 6.0, 61.0, 2.0, 92.0, 9.0, 113.0, 5.0, 48.0, 6.0, 32.0, 6.0, 49.0, 1.0, 35.0, 4.0, 103.0
624839, FFI39_RS02755, C->A, synonymous, 0.0738722874379, 0.3468, 9, 1, 1, 1, 1, 1, FAIL, 3.0, 111.0, 1.0, 69.0, 4.0, 97.0, 4.0, 126.0, 10.0, 44.0, 4.0, 47.0, 7.0, 82.0, 4.0, 61.0, 4.0, 101.0
638413, FFI39_RS02825, G->T, missense, 0.030602869538, 0.3965, 9, 1, 1, 1, 1, 1, FAIL, 7.0, 65.0, 16.0, 59.0, 20.0, 103.0, 37.0, 113.0, 13.0, 44.0, 12.0, 38.0, 12.0, 50.0, 1.0, 11.0, 9.0, 96.0
638433, FFI39_RS02830, G->T, noncoding, 0.0141647070456, 0.3947, 9, 1, 1, 1, 1, 1, FAIL, 5.0, 56.0, 11.0, 58.0, 12.0, 98.0, 25.0, 102.0, 5.0, 41.0, 6.0, 34.0, 7.0, 52.0, 0.0, 11.0, 5.0, 89.0
638453, FFI39_RS02830, T->G, noncoding, 0.0385847955792, 0.3844, 9, 1, 1, 1, 1, 1, FAIL, 5.0, 60.0, 9.0, 59.0, 10.0, 92.0, 28.0, 102.0, 8.0, 50.0, 5.0, 39.0, 13.0, 63.0, 1.0, 15.0, 9.0, 97.0
657339, FFI39_RS02915, G->T, noncoding, 0.259053590167, 0.0953, 9, 1, 1, 1, 1, 1, PASS, 3.0, 134.0, 4.0, 57.0, 5.0, 108.0, 11.0, 91.0, 7.0, 86.0, 11.0, 54.0, 9.0, 51.0, 11.0, 129.0, 11.0, 105.0
657346, FFI39_RS02915, A->C, noncoding, 0.203269173599, 0.1503, 9, 1, 1, 1, 1, 1, FAIL, 3.0, 147.0, 5.0, 58.0, 5.0, 111.0, 9.0, 91.0, 4.0, 89.0, 10.0, 53.0, 8.0, 53.0, 16.0, 136.0, 23.0, 111.0
657372, FFI39_RS02915, C->G, noncoding, 0.0258048702245, 0.3882, 9, 1, 1, 1, 1, 1, FAIL, 3.0, 164.0, 5.0, 72.0, 5.0, 117.0, 10.0, 113.0, 7.0, 96.0, 6.0, 76.0, 13.0, 71.0, 10.0, 155.0, 19.0, 142.0
667551, FFI39_RS02960, A->C, synonymous, 0.248971721675, 0.0546, 9, 1, 1, 1, 1, 1, PASS, 2.0, 112.0, 7.0, 70.0, 8.0, 104.0, 11.0, 94.0, 7.0, 65.0, 13.0, 60.0, 12.0, 57.0, 6.0, 60.0, 11.0, 71.0
667562, FFI39_RS02960, T->G, missense, -0.387614909492, 0.3822, 9, 1, 1, 1, 1, 1, FAIL, 2.0, 104.0, 11.0, 67.0, 6.0, 113.0, 4.0, 98.0, 6.0, 74.0, 1.0, 57.0, 8.0, 57.0, 4.0, 61.0, 3.0, 79.0
667570, FFI39_RS02960, C->A, synonymous, 0.0971149081307, 0.2397, 9, 1, 1, 1, 1, 1, FAIL, 3.0, 98.0, 9.0, 64.0, 9.0, 113.0, 16.0, 102.0, 15.0, 75.0, 14.0, 59.0, 11.0, 52.0, 2.0, 59.0, 12.0, 75.0
667571, FFI39_RS02960, A->T, synonymous, 0.0866701128348, 0.3863, 9, 1, 1, 1, 1, 1, FAIL, 0.0, 98.0, 0.0, 64.0, 4.0, 117.0, 5.0, 102.0, 4.0, 75.0, 9.0, 60.0, 4.0, 52.0, 1.0, 61.0, 2.0, 74.0
667581, FFI39_RS02960, G->C, synonymous, -0.0751367715635, 0.3833, 9, 1, 1, 1, 1, 1, FAIL, 5.0, 100.0, 15.0, 66.0, 8.0, 120.0, 18.0, 108.0, 13.0, 75.0, 16.0, 65.0, 12.0, 58.0, 9.0, 67.0, 8.0, 77.0
667595, FFI39_RS02960, G->T, missense, -0.124693305707, 0.3796, 9, 1, 1, 1, 1, 1, FAIL, 3.0, 98.0, 10.0, 68.0, 14.0, 118.0, 8.0, 120.0, 9.0, 81.0, 14.0, 65.0, 10.0, 65.0, 7.0, 65.0, 10.0, 82.0
667597, FFI39_RS02960, A->C, missense, 0.0181523809703, 0.3971, 9, 1, 1, 1, 1, 1, FAIL, 6.0, 100.0, 16.0, 68.0, 13.0, 119.0, 25.0, 119.0, 19.0, 80.0, 22.0, 65.0, 18.0, 66.0, 9.0, 65.0, 12.0, 82.0
669548, FFI39_RS02965, C->A, noncoding, 0.387591465895, 0.2564, 9, 1, 1, 1, 1, 1, FAIL, 3.0, 75.0, 0.0, 42.0, 1.0, 58.0, 7.0, 141.0, 0.0, 22.0, 3.0, 18.0, 5.0, 79.0, 0.0, 46.0, 4.0, 128.0
683384, intergenic, A->C, noncoding, -0.0168191362934, 0.3993, 9, 1, 1, 1, 1, 1, FAIL, 6.0, 137.0, 11.0, 78.0, 11.0, 114.0, 24.0, 117.0, 7.0, 75.0, 15.0, 62.0, 17.0, 71.0, 11.0, 112.0, 11.0, 132.0
683391, intergenic, C->G, noncoding, 0.00425521651711, 0.3905, 9, 1, 1, 1, 1, 1, FAIL, 10.0, 134.0, 6.0, 77.0, 6.0, 117.0, 10.0, 114.0, 6.0, 71.0, 6.0, 61.0, 12.0, 65.0, 5.0, 112.0, 5.0, 134.0
683394, intergenic, T->G, noncoding, -0.0420254265287, 0.3929, 9, 1, 1, 1, 1, 1, FAIL, 7.0, 132.0, 12.0, 72.0, 11.0, 119.0, 13.0, 109.0, 4.0, 67.0, 10.0, 59.0, 16.0, 61.0, 10.0, 107.0, 17.0, 129.0
683397, intergenic, C->G, noncoding, -0.103309197392, 0.3918, 9, 1, 1, 1, 1, 1, FAIL, 5.0, 128.0, 10.0, 71.0, 8.0, 118.0, 9.0, 110.0, 1.0, 66.0, 8.0, 58.0, 12.0, 62.0, 1.0, 107.0, 5.0, 130.0
683402, intergenic, A->C, noncoding, 0.1819843135, 0.1517, 9, 1, 1, 1, 1, 1, FAIL, 4.0, 117.0, 5.0, 67.0, 4.0, 116.0, 6.0, 104.0, 3.0, 65.0, 5.0, 53.0, 10.0, 59.0, 8.0, 97.0, 9.0, 120.0
683406, intergenic, G->C, noncoding, -0.928087801419, 0.4018, 9, 1, 1, 1, 1, 1, FAIL, 1.0, 120.0, 3.0, 69.0, 2.0, 119.0, 1.0, 100.0, 2.0, 68.0, 2.0, 55.0, 11.0, 58.0, 3.0, 94.0, 2.0, 120.0
683418, intergenic, C->A, noncoding, -0.0443320065342, 0.3936, 9, 1, 1, 1, 1, 1, FAIL, 4.0, 123.0, 6.0, 85.0, 7.0, 120.0, 5.0, 99.0, 5.0, 78.0, 5.0, 66.0, 11.0, 59.0, 4.0, 102.0, 4.0, 121.0
683428, FFI39_RS03010, T->G, missense, -0.257096503473, 0.4053, 9, 1, 1, 1, 1, 1, FAIL, 3.0, 120.0, 9.0, 79.0, 6.0, 113.0, 8.0, 89.0, 3.0, 79.0, 5.0, 63.0, 12.0, 61.0, 7.0, 94.0, 9.0, 115.0
693768, FFI39_RS03070, C->A, missense, -0.0169397310457, 0.3902, 9, 1, 1, 1, 1, 1, FAIL, 16.0, 187.0, 13.0, 73.0, 9.0, 145.0, 29.0, 151.0, 15.0, 73.0, 15.0, 76.0, 27.0, 92.0, 10.0, 105.0, 9.0, 101.0
693776, FFI39_RS03070, C->A, missense, 0.0211053525859, 0.3868, 9, 1, 1, 1, 1, 1, FAIL, 23.0, 186.0, 19.0, 68.0, 17.0, 146.0, 41.0, 147.0, 21.0, 70.0, 26.0, 75.0, 28.0, 92.0, 13.0, 100.0, 10.0, 96.0
698565, FFI39_RS03100, T->C, missense, 1.86690975742, 0.0492, 9, 1, 1, 1, 1, 1, PASS, 0.0, 184.0, 0.0, 101.0, 0.0, 123.0, 0.0, 132.0, 0.0, 117.0, 0.0, 71.0, 16.0, 79.0, 93.0, 122.0, 88.0, 102.0
715881, FFI39_RS03155, T->G, missense, -0.278571678533, 0.3804, 9, 1, 1, 1, 1, 1, FAIL, 2.0, 82.0, 7.0, 63.0, 4.0, 116.0, 7.0, 83.0, 1.0, 62.0, 5.0, 60.0, 5.0, 60.0, 4.0, 48.0, 22.0, 105.0
729414, FFI39_RS03170, T->G, synonymous, -0.0828675769764, 0.3828, 9, 1, 1, 1, 1, 1, FAIL, 4.0, 112.0, 18.0, 126.0, 8.0, 150.0, 16.0, 132.0, 19.0, 151.0, 15.0, 143.0, 18.0, 86.0, 13.0, 122.0, 14.0, 173.0
729436, FFI39_RS03170, T->G, synonymous, -0.0307140230789, 0.3886, 9, 1, 1, 1, 1, 1, FAIL, 2.0, 95.0, 17.0, 132.0, 9.0, 130.0, 16.0, 148.0, 17.0, 136.0, 16.0, 129.0, 21.0, 89.0, 11.0, 124.0, 14.0, 173.0
729438, FFI39_RS03170, C->G, synonymous, -0.0101393138506, 0.3911, 9, 1, 1, 1, 1, 1, FAIL, 4.0, 96.0, 25.0, 133.0, 14.0, 131.0, 20.0, 147.0, 24.0, 134.0, 25.0, 129.0, 21.0, 88.0, 11.0, 123.0, 15.0, 172.0
729441, FFI39_RS03170, G->T, synonymous, 0.0662867332838, 0.3508, 9, 1, 1, 1, 1, 1, FAIL, 4.0, 96.0, 18.0, 137.0, 13.0, 132.0, 20.0, 153.0, 18.0, 136.0, 26.0, 128.0, 21.0, 88.0, 4.0, 122.0, 9.0, 171.0
729472, FFI39_RS03170, C->A, synonymous, 0.0187620881577, 0.3878, 9, 1, 1, 1, 1, 1, FAIL, 6.0, 89.0, 24.0, 114.0, 18.0, 121.0, 18.0, 148.0, 20.0, 113.0, 23.0, 107.0, 22.0, 79.0, 9.0, 116.0, 9.0, 159.0
729480, FFI39_RS03170, T->G, missense, 0.120382131912, 0.183, 9, 1, 1, 1, 1, 1, FAIL, 3.0, 85.0, 13.0, 106.0, 8.0, 110.0, 20.0, 138.0, 14.0, 103.0, 22.0, 105.0, 18.0, 77.0, 11.0, 115.0, 10.0, 161.0
729561, FFI39_RS03175, C->G, missense, 0.158841323677, 0.281, 9, 1, 1, 1, 1, 1, FAIL, 3.0, 56.0, 1.0, 64.0, 2.0, 89.0, 6.0, 126.0, 3.0, 51.0, 5.0, 62.0, 9.0, 55.0, 2.0, 67.0, 4.0, 159.0
729573, FFI39_RS03175, G->C, missense, -0.143146471211, 0.3949, 9, 1, 1, 1, 1, 1, FAIL, 8.0, 57.0, 6.0, 55.0, 8.0, 87.0, 28.0, 109.0, 2.0, 51.0, 12.0, 68.0, 11.0, 52.0, 5.0, 62.0, 31.0, 173.0
729577, FFI39_RS03175, T->G, synonymous, 0.00270244816164, 0.3897, 9, 1, 1, 1, 1, 1, FAIL, 16.0, 53.0, 14.0, 46.0, 19.0, 84.0, 44.0, 103.0, 15.0, 47.0, 25.0, 63.0, 21.0, 48.0, 13.0, 59.0, 45.0, 165.0
729590, FFI39_RS03175, A->C, missense, 0.0112008800917, 0.3932, 9, 1, 1, 1, 1, 1, FAIL, 10.0, 59.0, 9.0, 49.0, 7.0, 88.0, 27.0, 113.0, 8.0, 43.0, 17.0, 64.0, 10.0, 53.0, 5.0, 57.0, 15.0, 172.0
729595, FFI39_RS03175, G->C, synonymous, -0.0948348287469, 0.3838, 9, 1, 1, 1, 1, 1, FAIL, 1.0, 60.0, 5.0, 50.0, 9.0, 84.0, 15.0, 111.0, 2.0, 39.0, 13.0, 60.0, 7.0, 50.0, 2.0, 49.0, 14.0, 177.0
735285, FFI39_RS03195, T->G, missense, -1.48253884508, 0.394, 9, 1, 1, 1, 1, 1, FAIL, 2.0, 138.0, 6.0, 167.0, 4.0, 158.0, 4.0, 227.0, 0.0, 52.0, 1.0, 75.0, 0.0, 136.0, 3.0, 17.0, 5.0, 212.0
737261, FFI39_RS03200, G->C, synonymous, -1.65244332753, 0.3836, 9, 1, 1, 1, 1, 1, FAIL, 2.0, 75.0, 0.0, 18.0, 0.0, 63.0, 2.0, 59.0, 4.0, 32.0, 0.0, 25.0, 1.0, 22.0, 1.0, 115.0, 1.0, 104.0
737292, intergenic, G->T, noncoding, -0.574095404866, 0.3716, 9, 1, 1, 1, 1, 1, FAIL, 2.0, 48.0, 0.0, 12.0, 1.0, 64.0, 7.0, 44.0, 1.0, 29.0, 1.0, 19.0, 1.0, 16.0, 4.0, 112.0, 8.0, 103.0
737294, intergenic, T->G, noncoding, 0.168090312097, 0.321, 9, 1, 1, 1, 1, 1, FAIL, 4.0, 46.0, 0.0, 12.0, 1.0, 63.0, 7.0, 41.0, 6.0, 29.0, 2.0, 19.0, 1.0, 16.0, 12.0, 111.0, 11.0, 103.0
737299, intergenic, C->G, noncoding, -0.00483816508971, 0.3927, 9, 1, 1, 1, 1, 1, FAIL, 2.0, 46.0, 0.0, 11.0, 0.0, 60.0, 8.0, 41.0, 5.0, 31.0, 2.0, 17.0, 0.0, 14.0, 7.0, 111.0, 7.0, 103.0
737302, intergenic, C->G, noncoding, 0.35031523515, 0.205, 9, 1, 1, 1, 1, 1, FAIL, 4.0, 45.0, 1.0, 11.0, 1.0, 60.0, 7.0, 45.0, 7.0, 33.0, 5.0, 17.0, 0.0, 14.0, 6.0, 112.0, 9.0, 104.0
737305, intergenic, G->C, noncoding, 0.269836339474, 0.3812, 9, 1, 1, 1, 1, 1, FAIL, 0.0, 43.0, 1.0, 14.0, 0.0, 61.0, 0.0, 48.0, 5.0, 33.0, 0.0, 16.0, 3.0, 14.0, 2.0, 114.0, 8.0, 108.0
737307, intergenic, C->G, noncoding, 0.0878123075853, 0.339, 9, 1, 1, 1, 1, 1, FAIL, 3.0, 44.0, 2.0, 14.0, 2.0, 61.0, 11.0, 49.0, 7.0, 32.0, 3.0, 17.0, 2.0, 15.0, 9.0, 114.0, 10.0, 109.0
737309, intergenic, G->T, noncoding, -0.951752944463, 0.38, 9, 1, 1, 1, 1, 1, FAIL, 2.0, 45.0, 0.0, 15.0, 0.0, 64.0, 3.0, 53.0, 5.0, 29.0, 1.0, 18.0, 1.0, 16.0, 3.0, 115.0, 3.0, 110.0
737310, intergenic, A->T, noncoding, -0.0719053162078, 0.3754, 9, 1, 1, 1, 1, 1, FAIL, 4.0, 44.0, 2.0, 15.0, 1.0, 58.0, 14.0, 52.0, 6.0, 29.0, 3.0, 19.0, 4.0, 15.0, 9.0, 115.0, 16.0, 110.0
737310, intergenic, A->G, noncoding, -0.190887802033, 0.3828, 9, 1, 1, 1, 1, 1, FAIL, 2.0, 44.0, 4.0, 15.0, 0.0, 58.0, 6.0, 52.0, 6.0, 29.0, 3.0, 19.0, 1.0, 15.0, 13.0, 115.0, 6.0, 110.0
737312, intergenic, T->G, noncoding, -0.0422422987187, 0.3761, 9, 1, 1, 1, 1, 1, FAIL, 7.0, 44.0, 2.0, 17.0, 3.0, 59.0, 20.0, 52.0, 9.0, 32.0, 6.0, 20.0, 4.0, 21.0, 20.0, 115.0, 15.0, 112.0
737315, intergenic, C->G, noncoding, -0.245746832267, 0.3895, 9, 1, 1, 1, 1, 1, FAIL, 3.0, 45.0, 3.0, 17.0, 1.0, 57.0, 10.0, 52.0, 4.0, 31.0, 4.0, 19.0, 2.0, 21.0, 11.0, 112.0, 9.0, 114.0
737335, FFI39_RS03205, A->T, missense, -0.24174588073, 0.3893, 9, 1, 1, 1, 1, 1, FAIL, 0.0, 47.0, 3.0, 18.0, 1.0, 59.0, 4.0, 48.0, 0.0, 30.0, 0.0, 19.0, 3.0, 27.0, 5.0, 100.0, 14.0, 115.0
739327, FFI39_RS03215, G->C, synonymous, -0.0379022469131, 0.3899, 9, 1, 1, 1, 1, 1, FAIL, 0.0, 61.0, 6.0, 67.0, 6.0, 82.0, 25.0, 108.0, 1.0, 19.0, 4.0, 40.0, 11.0, 58.0, 0.0, 5.0, 24.0, 156.0
739335, FFI39_RS03215, T->G, missense, 0.00944594675588, 0.3831, 9, 1, 1, 1, 1, 1, FAIL, 2.0, 57.0, 7.0, 61.0, 10.0, 80.0, 26.0, 93.0, 5.0, 15.0, 5.0, 32.0, 18.0, 59.0, 0.0, 7.0, 30.0, 138.0
739340, FFI39_RS03215, G->T, missense, 0.0992128218606, 0.2769, 9, 1, 1, 1, 1, 1, FAIL, 0.0, 53.0, 6.0, 64.0, 10.0, 79.0, 27.0, 87.0, 3.0, 14.0, 5.0, 30.0, 10.0, 57.0, 1.0, 7.0, 26.0, 132.0
739341, FFI39_RS03215, C->G, synonymous, 0.207945557513, 0.2896, 9, 1, 1, 1, 1, 1, FAIL, 0.0, 52.0, 4.0, 64.0, 5.0, 78.0, 7.0, 87.0, 3.0, 14.0, 4.0, 30.0, 8.0, 57.0, 0.0, 7.0, 11.0, 129.0
739348, FFI39_RS03215, T->G, synonymous, 0.110812539491, 0.3062, 9, 1, 1, 1, 1, 1, FAIL, 0.0, 50.0, 6.0, 62.0, 3.0, 79.0, 20.0, 93.0, 3.0, 13.0, 4.0, 27.0, 8.0, 59.0, 2.0, 7.0, 29.0, 118.0
739350, FFI39_RS03215, T->G, missense, 0.431596439677, 0.0981, 9, 1, 1, 1, 1, 1, PASS, 0.0, 53.0, 6.0, 61.0, 2.0, 78.0, 9.0, 95.0, 3.0, 13.0, 2.0, 26.0, 5.0, 60.0, 1.0, 7.0, 20.0, 119.0
739351, FFI39_RS03215, C->G, synonymous, 0.228685357162, 0.2081, 9, 1, 1, 1, 1, 1, FAIL, 0.0, 52.0, 5.0, 61.0, 5.0, 80.0, 15.0, 95.0, 1.0, 13.0, 3.0, 26.0, 11.0, 60.0, 2.0, 7.0, 7.0, 118.0
739355, FFI39_RS03215, A->G, missense, 0.162490278984, 0.3008, 9, 1, 1, 1, 1, 1, FAIL, 0.0, 57.0, 4.0, 62.0, 7.0, 85.0, 18.0, 97.0, 3.0, 13.0, 6.0, 27.0, 9.0, 63.0, 0.0, 7.0, 16.0, 123.0
739365, FFI39_RS03215, A->C, missense, 0.209244904271, 0.2045, 9, 1, 1, 1, 1, 1, FAIL, 0.0, 52.0, 4.0, 65.0, 6.0, 86.0, 13.0, 104.0, 1.0, 14.0, 3.0, 26.0, 11.0, 64.0, 2.0, 7.0, 14.0, 119.0
739378, FFI39_RS03215, T->G, synonymous, 0.45449625217, 0.1101, 9, 1, 1, 1, 1, 1, FAIL, 0.0, 55.0, 1.0, 65.0, 3.0, 94.0, 12.0, 115.0, 2.0, 14.0, 3.0, 29.0, 6.0, 71.0, 2.0, 7.0, 14.0, 118.0
739383, FFI39_RS03215, C->A, missense, 0.0893392529215, 0.3569, 9, 1, 1, 1, 1, 1, FAIL, 0.0, 54.0, 2.0, 65.0, 8.0, 94.0, 16.0, 115.0, 2.0, 15.0, 3.0, 29.0, 8.0, 72.0, 2.0, 7.0, 9.0, 114.0
739390, FFI39_RS03215, A->C, synonymous, 0.165717015722, 0.2286, 9, 1, 1, 1, 1, 1, FAIL, 0.0, 56.0, 4.0, 66.0, 6.0, 96.0, 14.0, 116.0, 1.0, 15.0, 6.0, 29.0, 5.0, 70.0, 1.0, 7.0, 11.0, 113.0
739406, FFI39_RS03215, C->A, missense, 0.358552878327, 0.1264, 9, 1, 1, 1, 1, 1, FAIL, 1.0, 56.0, 1.0, 65.0, 6.0, 99.0, 16.0, 124.0, 4.0, 16.0, 5.0, 29.0, 9.0, 74.0, 2.0, 7.0, 11.0, 126.0
739412, FFI39_RS03215, T->G, synonymous, 0.144094395193, 0.2161, 9, 1, 1, 1, 1, 1, FAIL, 0.0, 58.0, 6.0, 66.0, 6.0, 102.0, 14.0, 126.0, 5.0, 16.0, 5.0, 30.0, 11.0, 76.0, 1.0, 7.0, 17.0, 133.0
739417, FFI39_RS03215, T->G, synonymous, 0.139385665011, 0.3876, 9, 1, 1, 1, 1, 1, FAIL, 0.0, 61.0, 1.0, 70.0, 1.0, 104.0, 9.0, 125.0, 3.0, 18.0, 0.0, 27.0, 4.0, 74.0, 1.0, 7.0, 5.0, 137.0
739426, FFI39_RS03215, T->G, synonymous, 0.0294162210775, 0.3912, 9, 1, 1, 1, 1, 1, FAIL, 0.0, 62.0, 4.0, 70.0, 2.0, 111.0, 17.0, 124.0, 3.0, 18.0, 3.0, 26.0, 4.0, 74.0, 2.0, 7.0, 12.0, 132.0
739434, FFI39_RS03215, T->A, missense, 0.666367100625, 0.1662, 9, 1, 1, 1, 1, 1, FAIL, 1.0, 62.0, 0.0, 70.0, 1.0, 116.0, 6.0, 132.0, 0.0, 19.0, 3.0, 27.0, 4.0, 73.0, 2.0, 7.0, 3.0, 136.0
739437, FFI39_RS03215, C->A, missense, 0.381958812039, 0.1263, 9, 1, 1, 1, 1, 1, FAIL, 2.0, 62.0, 2.0, 69.0, 5.0, 112.0, 14.0, 129.0, 5.0, 17.0, 4.0, 27.0, 7.0, 72.0, 2.0, 7.0, 12.0, 133.0
747641, FFI39_RS03250, A->T, missense, -0.103674674072, 0.3864, 9, 1, 1, 1, 1, 1, FAIL, 1.0, 140.0, 18.0, 80.0, 14.0, 125.0, 18.0, 121.0, 19.0, 120.0, 22.0, 88.0, 13.0, 89.0, 8.0, 70.0, 19.0, 129.0
747651, FFI39_RS03250, A->C, missense, -0.0571989903107, 0.3929, 9, 1, 1, 1, 1, 1, FAIL, 8.0, 142.0, 20.0, 82.0, 14.0, 118.0, 29.0, 124.0, 21.0, 128.0, 24.0, 85.0, 21.0, 99.0, 14.0, 70.0, 25.0, 122.0
747654, FFI39_RS03250, C->G, missense, -0.0251207840372, 0.4061, 9, 1, 1, 1, 1, 1, FAIL, 2.0, 143.0, 9.0, 82.0, 12.0, 118.0, 10.0, 128.0, 14.0, 129.0, 10.0, 84.0, 12.0, 95.0, 15.0, 74.0, 7.0, 123.0
747670, FFI39_RS03250, G->T, synonymous, -0.118386154871, 0.4001, 9, 1, 1, 1, 1, 1, FAIL, 3.0, 131.0, 19.0, 72.0, 15.0, 113.0, 16.0, 121.0, 20.0, 122.0, 20.0, 84.0, 14.0, 91.0, 9.0, 71.0, 18.0, 121.0
747688, FFI39_RS03250, C->G, missense, -0.196576507607, 0.3829, 9, 1, 1, 1, 1, 1, FAIL, 2.0, 126.0, 15.0, 72.0, 6.0, 114.0, 14.0, 131.0, 8.0, 117.0, 10.0, 90.0, 14.0, 94.0, 7.0, 67.0, 12.0, 114.0
751229, FFI39_RS03265, A->C, missense, 0.0883163171042, 0.3131, 9, 1, 1, 1, 1, 1, FAIL, 6.0, 111.0, 1.0, 92.0, 5.0, 148.0, 8.0, 127.0, 4.0, 54.0, 6.0, 84.0, 6.0, 97.0, 4.0, 26.0, 5.0, 132.0
751244, FFI39_RS03265, T->G, missense, 0.416189532024, 0.1336, 9, 1, 1, 1, 1, 1, FAIL, 3.0, 121.0, 2.0, 97.0, 2.0, 147.0, 3.0, 130.0, 2.0, 56.0, 4.0, 82.0, 9.0, 105.0, 4.0, 26.0, 3.0, 135.0
751270, FFI39_RS03265, A->C, missense, -0.23405185301, 0.3857, 9, 1, 1, 1, 1, 1, FAIL, 3.0, 141.0, 6.0, 93.0, 6.0, 147.0, 8.0, 127.0, 2.0, 71.0, 4.0, 81.0, 17.0, 99.0, 3.0, 34.0, 5.0, 122.0
753808, FFI39_RS03280, A->G, missense, 0.492556713039, 0.0463, 9, 1, 1, 1, 1, 1, PASS, 0.0, 272.0, 0.0, 137.0, 0.0, 207.0, 111.0, 141.0, 123.0, 153.0, 100.0, 113.0, 94.0, 113.0, 154.0, 176.0, 181.0, 201.0
757365, intergenic, G->T, noncoding, 0.470543579525, 0.2175, 9, 1, 1, 1, 1, 1, FAIL, 1.0, 237.0, 0.0, 66.0, 0.0, 125.0, 1.0, 155.0, 0.0, 44.0, 4.0, 34.0, 2.0, 99.0, 4.0, 172.0, 5.0, 163.0
757380, intergenic, T->A, noncoding, 1.4932848658, 0.0413, 9, 1, 1, 1, 1, 1, PASS, 0.0, 243.0, 0.0, 60.0, 0.0, 110.0, 0.0, 126.0, 9.0, 35.0, 7.0, 32.0, 16.0, 93.0, 15.0, 154.0, 4.0, 143.0
757762, FFI39_RS03295, A->C, missense, 0.213734332242, 0.0907, 9, 1, 1, 1, 1, 1, PASS, 0.0, 187.0, 0.0, 156.0, 25.0, 178.0, 36.0, 152.0, 25.0, 150.0, 19.0, 116.0, 15.0, 101.0, 24.0, 154.0, 24.0, 154.0
758500, FFI39_RS03295, C->T, missense, 0.246798342171, 0.1592, 9, 1, 1, 1, 1, 1, FAIL, 0.0, 250.0, 1.0, 165.0, 5.0, 200.0, 52.0, 212.0, 42.0, 172.0, 16.0, 144.0, 36.0, 137.0, 23.0, 162.0, 28.0, 194.0
758789, FFI39_RS03295, A->G, synonymous, 1.69467591934, 0.0719, 9, 1, 1, 1, 1, 1, PASS, 0.0, 184.0, 0.0, 94.0, 0.0, 164.0, 0.0, 128.0, 0.0, 132.0, 0.0, 93.0, 3.0, 85.0, 13.0, 93.0, 12.0, 145.0
759947, FFI39_RS03295, A->G, missense, 0.403831902193, 0.0366, 9, 1, 1, 1, 1, 1, PASS, 0.0, 210.0, 0.0, 118.0, 13.0, 158.0, 34.0, 159.0, 33.0, 126.0, 16.0, 109.0, 19.0, 135.0, 17.0, 153.0, 14.0, 158.0
760244, FFI39_RS03295, A->G, synonymous, 0.620574826655, 0.1354, 9, 1, 1, 1, 1, 1, FAIL, 73.0, 187.0, 0.0, 97.0, 155.0, 160.0, 144.0, 146.0, 118.0, 119.0, 109.0, 112.0, 114.0, 116.0, 113.0, 113.0, 158.0, 158.0
782610, intergenic, T->G, noncoding, 0.03029930307, 0.3931, 9, 1, 1, 1, 1, 1, FAIL, 1.0, 96.0, 4.0, 61.0, 3.0, 94.0, 4.0, 97.0, 5.0, 74.0, 6.0, 46.0, 2.0, 69.0, 20.0, 96.0, 12.0, 110.0
782627, intergenic, A->C, noncoding, 0.0299829801752, 0.3851, 9, 1, 1, 1, 1, 1, FAIL, 1.0, 81.0, 4.0, 53.0, 3.0, 81.0, 8.0, 90.0, 4.0, 60.0, 7.0, 34.0, 5.0, 55.0, 7.0, 93.0, 18.0, 102.0
782641, intergenic, T->A, noncoding, 0.104627975915, 0.3413, 9, 1, 1, 1, 1, 1, FAIL, 1.0, 91.0, 2.0, 54.0, 3.0, 87.0, 14.0, 106.0, 4.0, 66.0, 9.0, 44.0, 4.0, 55.0, 10.0, 109.0, 14.0, 104.0
782647, intergenic, G->T, noncoding, 0.198102640691, 0.1479, 9, 1, 1, 1, 1, 1, FAIL, 2.0, 98.0, 4.0, 59.0, 3.0, 85.0, 11.0, 108.0, 8.0, 69.0, 8.0, 44.0, 6.0, 56.0, 6.0, 108.0, 9.0, 115.0
794430, FFI39_RS03515, A->C, missense, 0.295937696949, 0.2249, 9, 1, 1, 1, 1, 1, FAIL, 2.0, 108.0, 2.0, 45.0, 4.0, 96.0, 10.0, 65.0, 3.0, 51.0, 2.0, 44.0, 7.0, 42.0, 1.0, 26.0, 3.0, 73.0
794496, FFI39_RS03515, T->G, synonymous, -0.0392670330352, 0.3909, 9, 1, 1, 1, 1, 1, FAIL, 4.0, 103.0, 2.0, 57.0, 0.0, 103.0, 7.0, 75.0, 7.0, 48.0, 2.0, 54.0, 1.0, 51.0, 2.0, 37.0, 3.0, 88.0
810027, intergenic, A->T, noncoding, -0.45478690602, 0.3871, 9, 1, 1, 1, 1, 1, FAIL, 3.0, 118.0, 1.0, 46.0, 2.0, 90.0, 4.0, 138.0, 10.0, 66.0, 1.0, 77.0, 5.0, 85.0, 6.0, 165.0, 2.0, 149.0
821292, FFI39_RS03615, T->G, missense, 0.0844044541897, 0.2597, 9, 1, 1, 1, 1, 1, FAIL, 1.0, 95.0, 1.0, 99.0, 1.0, 124.0, 3.0, 141.0, 1.0, 78.0, 0.0, 98.0, 2.0, 80.0, 4.0, 24.0, 4.0, 110.0
830166, FFI39_RS03670, A->C, missense, -0.084094287826, 0.3855, 9, 1, 1, 1, 1, 1, FAIL, 6.0, 143.0, 8.0, 86.0, 3.0, 114.0, 15.0, 106.0, 10.0, 50.0, 1.0, 55.0, 4.0, 73.0, 7.0, 148.0, 14.0, 103.0
847520, FFI39_RS03745, A->C, missense, 0.0111542484788, 0.3987, 9, 1, 1, 1, 1, 1, FAIL, 5.0, 106.0, 5.0, 124.0, 4.0, 149.0, 3.0, 148.0, 5.0, 40.0, 10.0, 64.0, 4.0, 90.0, 0.0, 13.0, 1.0, 140.0
847527, FFI39_RS03745, T->G, missense, 0.0329282461805, 0.3877, 9, 1, 1, 1, 1, 1, FAIL, 9.0, 110.0, 6.0, 127.0, 9.0, 158.0, 9.0, 152.0, 6.0, 43.0, 12.0, 66.0, 6.0, 88.0, 0.0, 17.0, 12.0, 142.0
847542, FFI39_RS03745, A->C, missense, -0.00671704584375, 0.3892, 9, 1, 1, 1, 1, 1, FAIL, 9.0, 115.0, 12.0, 139.0, 11.0, 163.0, 9.0, 161.0, 7.0, 51.0, 9.0, 66.0, 6.0, 92.0, 5.0, 25.0, 15.0, 158.0
847546, FFI39_RS03745, A->C, synonymous, -0.0573654888436, 0.3884, 9, 1, 1, 1, 1, 1, FAIL, 13.0, 115.0, 14.0, 139.0, 5.0, 161.0, 14.0, 165.0, 12.0, 53.0, 10.0, 67.0, 7.0, 94.0, 2.0, 26.0, 8.0, 161.0
847561, FFI39_RS03745, A->C, missense, 0.129143530276, 0.3417, 9, 1, 1, 1, 1, 1, FAIL, 8.0, 122.0, 12.0, 136.0, 6.0, 162.0, 7.0, 164.0, 11.0, 58.0, 13.0, 70.0, 4.0, 100.0, 0.0, 32.0, 11.0, 147.0
852143, FFI39_RS03765, A->C, synonymous, -1.10265443156, 0.4038, 9, 1, 1, 1, 1, 1, FAIL, 0.0, 140.0, 0.0, 61.0, 0.0, 129.0, 2.0, 110.0, 1.0, 73.0, 1.0, 56.0, 2.0, 78.0, 7.0, 57.0, 1.0, 42.0
852179, FFI39_RS03765, A->C, synonymous, -0.746465361804, 0.4213, 9, 1, 1, 1, 1, 1, FAIL, 2.0, 154.0, 0.0, 59.0, 4.0, 119.0, 2.0, 120.0, 1.0, 83.0, 0.0, 50.0, 0.0, 81.0, 7.0, 54.0, 1.0, 33.0
852291, FFI39_RS03765, A->C, unknown, -0.760456400535, 0.3971, 9, 1, 1, 1, 1, 1, FAIL, 1.0, 144.0, 0.0, 49.0, 2.0, 104.0, 5.0, 121.0, 0.0, 80.0, 1.0, 53.0, 0.0, 86.0, 2.0, 63.0, 5.0, 39.0
852332, FFI39_RS03770, T->G, missense, 0.677722863287, 0.1075, 9, 1, 1, 1, 1, 1, FAIL, 2.0, 162.0, 0.0, 61.0, 0.0, 108.0, 4.0, 129.0, 1.0, 76.0, 3.0, 66.0, 4.0, 104.0, 1.0, 50.0, 6.0, 35.0
852403, FFI39_RS03770, T->G, synonymous, -2.18199784282, 0.3971, 9, 1, 1, 1, 1, 1, FAIL, 2.0, 159.0, 1.0, 70.0, 0.0, 110.0, 3.0, 111.0, 1.0, 76.0, 0.0, 56.0, 0.0, 94.0, 1.0, 27.0, 4.0, 24.0
853324, FFI39_RS03775, G->T, missense, 1.29516034351, 0.0927, 9, 1, 1, 1, 1, 1, PASS, 1.0, 54.0, 0.0, 45.0, 1.0, 75.0, 2.0, 86.0, 3.0, 22.0, 3.0, 29.0, 1.0, 24.0, 0.0, 0.0, 5.0, 186.0
857395, intergenic, G->T, noncoding, 0.36780159644, 0.2585, 9, 1, 1, 1, 1, 1, FAIL, 1.0, 63.0, 3.0, 44.0, 1.0, 94.0, 3.0, 55.0, 1.0, 51.0, 0.0, 33.0, 0.0, 39.0, 10.0, 64.0, 5.0, 60.0
858257, FFI39_RS03795, A->G, missense, 0.482456961174, 0.0327, 9, 1, 1, 1, 1, 1, PASS, 0.0, 168.0, 0.0, 79.0, 0.0, 125.0, 82.0, 103.0, 72.0, 94.0, 52.0, 64.0, 57.0, 66.0, 64.0, 78.0, 86.0, 101.0
858329, FFI39_RS03795, C->G, missense, 0.000633099600308, 0.3839, 9, 1, 1, 1, 1, 1, FAIL, 2.0, 129.0, 5.0, 62.0, 0.0, 101.0, 4.0, 70.0, 7.0, 57.0, 7.0, 43.0, 4.0, 48.0, 5.0, 52.0, 4.0, 68.0
867181, FFI39_RS03825, A->C, missense, -0.00236942959055, 0.3913, 9, 1, 1, 1, 1, 1, FAIL, 5.0, 93.0, 7.0, 106.0, 7.0, 124.0, 15.0, 156.0, 14.0, 71.0, 12.0, 96.0, 6.0, 96.0, 4.0, 36.0, 16.0, 148.0
870372, FFI39_RS03850, A->C, missense, 0.687848412162, 0.131, 9, 1, 1, 1, 1, 1, FAIL, 0.0, 61.0, 1.0, 31.0, 0.0, 68.0, 4.0, 36.0, 1.0, 22.0, 5.0, 31.0, 1.0, 9.0, 1.0, 6.0, 2.0, 46.0
871220, FFI39_RS03855, A->C, noncoding, 0.00269713959532, 0.3826, 9, 1, 1, 1, 1, 1, FAIL, 12.0, 124.0, 10.0, 57.0, 6.0, 114.0, 29.0, 104.0, 9.0, 49.0, 6.0, 39.0, 13.0, 76.0, 16.0, 80.0, 28.0, 136.0
892070, intergenic, G->C, noncoding, 0.158672760456, 0.3059, 9, 1, 1, 1, 1, 1, FAIL, 1.0, 106.0, 0.0, 39.0, 0.0, 81.0, 2.0, 63.0, 0.0, 12.0, 3.0, 15.0, 1.0, 40.0, 4.0, 91.0, 4.0, 98.0
892111, intergenic, G->C, noncoding, -1.57500114331, 0.3833, 9, 1, 1, 1, 1, 1, FAIL, 1.0, 121.0, 2.0, 41.0, 1.0, 91.0, 2.0, 71.0, 0.0, 20.0, 4.0, 31.0, 2.0, 54.0, 1.0, 111.0, 2.0, 125.0
892140, intergenic, C->A, noncoding, 0.367358300634, 0.1411, 9, 1, 1, 1, 1, 1, FAIL, 2.0, 146.0, 1.0, 50.0, 2.0, 102.0, 5.0, 99.0, 3.0, 21.0, 3.0, 37.0, 3.0, 63.0, 5.0, 122.0, 8.0, 152.0
898837, FFI39_RS03995, A->T, synonymous, 0.320012247688, 0.1519, 9, 1, 1, 1, 1, 1, FAIL, 0.0, 98.0, 2.0, 124.0, 3.0, 112.0, 8.0, 167.0, 2.0, 48.0, 2.0, 79.0, 5.0, 101.0, 3.0, 20.0, 9.0, 192.0
899685, intergenic, G->T, noncoding, 0.665190427865, 0.2602, 9, 1, 1, 1, 1, 1, FAIL, 1.0, 88.0, 0.0, 46.0, 0.0, 80.0, 2.0, 99.0, 0.0, 9.0, 3.0, 19.0, 3.0, 62.0, 4.0, 26.0, 2.0, 101.0
899701, intergenic, G->C, noncoding, -0.109253362077, 0.391, 9, 1, 1, 1, 1, 1, FAIL, 0.0, 84.0, 3.0, 46.0, 0.0, 79.0, 2.0, 86.0, 0.0, 3.0, 2.0, 19.0, 3.0, 60.0, 4.0, 24.0, 3.0, 95.0
899706, intergenic, G->C, noncoding, -2.79008109945, 0.3808, 9, 1, 1, 1, 1, 1, FAIL, 0.0, 78.0, 4.0, 39.0, 0.0, 79.0, 2.0, 84.0, 0.0, 4.0, 3.0, 20.0, 1.0, 59.0, 1.0, 20.0, 3.0, 78.0
899725, intergenic, C->G, noncoding, 1.07431061617, 0.0936, 9, 1, 1, 1, 1, 1, PASS, 1.0, 67.0, 0.0, 38.0, 0.0, 84.0, 5.0, 73.0, 0.0, 4.0, 3.0, 13.0, 3.0, 52.0, 2.0, 12.0, 6.0, 68.0
899742, intergenic, A->C, noncoding, 0.00373280347727, 0.3755, 9, 1, 1, 1, 1, 1, FAIL, 0.0, 68.0, 5.0, 44.0, 1.0, 85.0, 8.0, 71.0, 0.0, 4.0, 3.0, 11.0, 5.0, 46.0, 2.0, 9.0, 5.0, 68.0
899746, intergenic, C->G, noncoding, 0.413796671713, 0.2147, 9, 1, 1, 1, 1, 1, FAIL, 0.0, 64.0, 1.0, 44.0, 0.0, 84.0, 3.0, 72.0, 0.0, 5.0, 3.0, 11.0, 3.0, 44.0, 0.0, 9.0, 2.0, 65.0
899748, intergenic, C->G, noncoding, 0.694111489798, 0.1418, 9, 1, 1, 1, 1, 1, FAIL, 0.0, 59.0, 1.0, 44.0, 2.0, 85.0, 7.0, 68.0, 0.0, 5.0, 2.0, 12.0, 3.0, 44.0, 2.0, 6.0, 4.0, 66.0
899751, intergenic, C->G, noncoding, 0.54147963849, 0.2017, 9, 1, 1, 1, 1, 1, FAIL, 0.0, 58.0, 1.0, 44.0, 1.0, 84.0, 7.0, 64.0, 0.0, 5.0, 3.0, 12.0, 4.0, 43.0, 0.0, 6.0, 6.0, 65.0
909372, FFI39_RS04040, A->C, missense, -0.02341213246, 0.3971, 9, 1, 1, 1, 1, 1, FAIL, 12.0, 169.0, 10.0, 121.0, 15.0, 174.0, 10.0, 138.0, 14.0, 162.0, 10.0, 121.0, 18.0, 99.0, 7.0, 145.0, 7.0, 168.0
920311, FFI39_RS04100, T->A, synonymous, -0.00624025500928, 0.399, 9, 1, 1, 1, 1, 1, FAIL, 6.0, 84.0, 10.0, 44.0, 10.0, 103.0, 24.0, 91.0, 8.0, 31.0, 9.0, 39.0, 12.0, 45.0, 1.0, 16.0, 15.0, 156.0
920320, FFI39_RS04100, A->C, synonymous, 0.0694199469304, 0.3821, 9, 1, 1, 1, 1, 1, FAIL, 3.0, 76.0, 7.0, 44.0, 14.0, 105.0, 27.0, 95.0, 8.0, 32.0, 6.0, 35.0, 10.0, 46.0, 0.0, 16.0, 22.0, 153.0
920329, FFI39_RS04100, A->C, synonymous, -0.00869278746709, 0.3824, 9, 1, 1, 1, 1, 1, FAIL, 4.0, 68.0, 6.0, 46.0, 10.0, 112.0, 23.0, 107.0, 6.0, 33.0, 2.0, 35.0, 11.0, 52.0, 0.0, 13.0, 8.0, 164.0
920335, FFI39_RS04100, A->C, missense, 0.00728882242433, 0.3853, 9, 1, 1, 1, 1, 1, FAIL, 3.0, 69.0, 0.0, 47.0, 4.0, 112.0, 14.0, 110.0, 5.0, 31.0, 1.0, 36.0, 6.0, 56.0, 0.0, 12.0, 4.0, 167.0
920984, FFI39_RS04100, A->C, missense, 0.334935050771, 0.2056, 9, 1, 1, 1, 1, 1, FAIL, 0.0, 97.0, 2.0, 59.0, 7.0, 91.0, 13.0, 117.0, 4.0, 20.0, 1.0, 18.0, 6.0, 62.0, 0.0, 3.0, 19.0, 152.0
920989, FFI39_RS04100, G->C, synonymous, 0.605120545792, 0.1807, 9, 1, 1, 1, 1, 1, FAIL, 0.0, 97.0, 0.0, 57.0, 6.0, 90.0, 6.0, 109.0, 3.0, 19.0, 0.0, 14.0, 3.0, 58.0, 0.0, 2.0, 11.0, 145.0
920991, FFI39_RS04100, T->G, synonymous, 0.585723106016, 0.1114, 9, 1, 1, 1, 1, 1, FAIL, 0.0, 100.0, 1.0, 56.0, 8.0, 93.0, 16.0, 110.0, 6.0, 18.0, 2.0, 13.0, 4.0, 58.0, 0.0, 2.0, 12.0, 146.0
921001, FFI39_RS04100, T->A, synonymous, 0.400465373474, 0.1646, 9, 1, 1, 1, 1, 1, FAIL, 0.0, 97.0, 2.0, 51.0, 5.0, 96.0, 11.0, 115.0, 5.0, 20.0, 1.0, 14.0, 5.0, 58.0, 0.0, 3.0, 9.0, 147.0
921014, FFI39_RS04100, G->C, synonymous, 0.575811708802, 0.2223, 9, 1, 1, 1, 1, 1, FAIL, 0.0, 105.0, 1.0, 45.0, 1.0, 96.0, 8.0, 118.0, 4.0, 25.0, 0.0, 22.0, 3.0, 56.0, 0.0, 8.0, 7.0, 159.0
921028, FFI39_RS04100, T->G, synonymous, 0.0654433465271, 0.3904, 9, 1, 1, 1, 1, 1, FAIL, 0.0, 101.0, 1.0, 37.0, 6.0, 90.0, 14.0, 105.0, 4.0, 23.0, 1.0, 26.0, 3.0, 47.0, 0.0, 17.0, 15.0, 150.0
921033, FFI39_RS04100, G->T, missense, 0.928661994484, 0.1618, 9, 1, 1, 1, 1, 1, FAIL, 0.0, 103.0, 0.0, 35.0, 0.0, 85.0, 4.0, 99.0, 3.0, 21.0, 1.0, 26.0, 2.0, 45.0, 0.0, 19.0, 7.0, 142.0
921215, intergenic, A->C, noncoding, 0.00523346292822, 0.4002, 9, 1, 1, 1, 1, 1, FAIL, 8.0, 91.0, 2.0, 19.0, 1.0, 61.0, 12.0, 91.0, 1.0, 23.0, 6.0, 28.0, 3.0, 46.0, 5.0, 85.0, 8.0, 131.0
921238, intergenic, C->A, noncoding, -0.117081325223, 0.3842, 9, 1, 1, 1, 1, 1, FAIL, 3.0, 86.0, 2.0, 13.0, 1.0, 59.0, 2.0, 88.0, 1.0, 21.0, 3.0, 25.0, 3.0, 50.0, 5.0, 92.0, 2.0, 126.0
921244, intergenic, C->G, noncoding, 0.0300203788101, 0.3923, 9, 1, 1, 1, 1, 1, FAIL, 9.0, 86.0, 1.0, 14.0, 2.0, 60.0, 10.0, 87.0, 2.0, 21.0, 6.0, 25.0, 6.0, 53.0, 8.0, 97.0, 8.0, 126.0
921247, intergenic, C->G, noncoding, 0.0756757857547, 0.3829, 9, 1, 1, 1, 1, 1, FAIL, 9.0, 85.0, 3.0, 14.0, 2.0, 60.0, 9.0, 87.0, 5.0, 22.0, 4.0, 25.0, 6.0, 54.0, 6.0, 97.0, 7.0, 130.0
924387, FFI39_RS04125, A->C, synonymous, -0.296110393967, 0.3809, 9, 1, 1, 1, 1, 1, FAIL, 0.0, 71.0, 3.0, 56.0, 6.0, 112.0, 2.0, 93.0, 1.0, 20.0, 2.0, 27.0, 4.0, 63.0, 0.0, 2.0, 16.0, 90.0
924559, FFI39_RS04125, A->T, missense, -0.142252806694, 0.3879, 9, 1, 1, 1, 1, 1, FAIL, 2.0, 59.0, 6.0, 77.0, 7.0, 84.0, 5.0, 88.0, 4.0, 21.0, 0.0, 37.0, 5.0, 69.0, 0.0, 6.0, 6.0, 110.0
930119, FFI39_RS04150, G->C, missense, -0.407430832537, 0.3584, 9, 1, 1, 1, 1, 1, FAIL, 0.0, 28.0, 4.0, 19.0, 2.0, 39.0, 2.0, 6.0, 1.0, 6.0, 4.0, 19.0, 0.0, 3.0, 0.0, 0.0, 2.0, 12.0
930128, FFI39_RS04150, A->C, missense, 0.0842299458771, 0.3602, 9, 1, 1, 1, 1, 1, FAIL, 0.0, 30.0, 3.0, 20.0, 2.0, 38.0, 2.0, 8.0, 1.0, 5.0, 2.0, 21.0, 0.0, 5.0, 0.0, 0.0, 1.0, 13.0
930139, FFI39_RS04150, G->C, synonymous, -0.382473276294, 0.3826, 9, 1, 1, 1, 1, 1, FAIL, 0.0, 36.0, 4.0, 25.0, 1.0, 42.0, 1.0, 14.0, 1.0, 11.0, 4.0, 21.0, 0.0, 8.0, 0.0, 2.0, 3.0, 14.0
930142, FFI39_RS04150, A->C, synonymous, 0.667478646636, 0.2172, 9, 1, 1, 1, 1, 1, FAIL, 0.0, 35.0, 2.0, 26.0, 1.0, 42.0, 4.0, 14.0, 1.0, 12.0, 4.0, 22.0, 0.0, 8.0, 0.0, 3.0, 5.0, 14.0
930145, FFI39_RS04150, G->C, synonymous, 0.173998482916, 0.3705, 9, 1, 1, 1, 1, 1, FAIL, 0.0, 35.0, 3.0, 24.0, 1.0, 42.0, 2.0, 16.0, 0.0, 15.0, 4.0, 24.0, 0.0, 8.0, 0.0, 4.0, 4.0, 14.0
930149, FFI39_RS04150, G->C, missense, 0.550502873918, 0.2635, 9, 1, 1, 1, 1, 1, FAIL, 0.0, 35.0, 2.0, 23.0, 2.0, 42.0, 2.0, 17.0, 0.0, 14.0, 3.0, 24.0, 0.0, 10.0, 0.0, 4.0, 5.0, 14.0
930167, FFI39_RS04150, T->G, missense, -0.998309408856, 0.3998, 9, 1, 1, 1, 1, 1, FAIL, 0.0, 43.0, 2.0, 23.0, 1.0, 47.0, 4.0, 22.0, 0.0, 24.0, 2.0, 25.0, 0.0, 15.0, 0.0, 12.0, 4.0, 21.0
939307, FFI39_RS04190, T->G, missense, 0.0961674819172, 0.0536, 9, 1, 1, 1, 1, 1, PASS, 7.0, 103.0, 17.0, 61.0, 15.0, 102.0, 25.0, 69.0, 24.0, 56.0, 19.0, 47.0, 24.0, 52.0, 27.0, 104.0, 51.0, 141.0
939310, FFI39_RS04190, C->G, missense, -0.0742925092001, 0.3914, 9, 1, 1, 1, 1, 1, FAIL, 2.0, 104.0, 12.0, 63.0, 10.0, 100.0, 9.0, 67.0, 15.0, 55.0, 8.0, 50.0, 11.0, 51.0, 12.0, 105.0, 14.0, 135.0
939314, FFI39_RS04190, A->C, missense, 0.0241719292325, 0.2541, 9, 1, 1, 1, 1, 1, FAIL, 7.0, 106.0, 22.0, 60.0, 21.0, 99.0, 42.0, 67.0, 39.0, 58.0, 26.0, 51.0, 30.0, 47.0, 35.0, 110.0, 69.0, 135.0
939315, FFI39_RS04190, G->C, synonymous, -0.0279359959741, 0.3909, 9, 1, 1, 1, 1, 1, FAIL, 3.0, 108.0, 12.0, 61.0, 7.0, 100.0, 15.0, 68.0, 11.0, 59.0, 10.0, 53.0, 18.0, 47.0, 20.0, 115.0, 27.0, 140.0
939317, FFI39_RS04190, G->C, missense, 0.0920088042664, 0.3136, 9, 1, 1, 1, 1, 1, FAIL, 4.0, 109.0, 8.0, 64.0, 3.0, 99.0, 12.0, 70.0, 6.0, 61.0, 4.0, 53.0, 12.0, 48.0, 19.0, 119.0, 27.0, 144.0
939319, FFI39_RS04190, A->C, missense, 0.00333665337923, 0.3975, 9, 1, 1, 1, 1, 1, FAIL, 5.0, 119.0, 16.0, 68.0, 17.0, 103.0, 30.0, 83.0, 28.0, 67.0, 18.0, 60.0, 26.0, 56.0, 27.0, 126.0, 55.0, 149.0
939321, FFI39_RS04190, G->C, synonymous, 0.115913618901, 0.1699, 9, 1, 1, 1, 1, 1, FAIL, 4.0, 120.0, 9.0, 67.0, 10.0, 103.0, 17.0, 81.0, 13.0, 65.0, 8.0, 60.0, 17.0, 55.0, 19.0, 126.0, 19.0, 149.0
939322, FFI39_RS04190, A->C, missense, 0.0577643434158, 0.2927, 9, 1, 1, 1, 1, 1, FAIL, 6.0, 120.0, 12.0, 66.0, 10.0, 101.0, 25.0, 81.0, 26.0, 66.0, 16.0, 61.0, 16.0, 54.0, 22.0, 126.0, 35.0, 149.0
939325, FFI39_RS04190, C->G, missense, -0.519598124523, 0.3856, 9, 1, 1, 1, 1, 1, FAIL, 2.0, 122.0, 2.0, 65.0, 3.0, 107.0, 3.0, 86.0, 10.0, 70.0, 1.0, 61.0, 4.0, 55.0, 5.0, 128.0, 3.0, 154.0
939329, FFI39_RS04190, A->C, missense, 0.05305403728, 0.0833, 9, 1, 1, 1, 1, 1, PASS, 8.0, 129.0, 17.0, 69.0, 18.0, 112.0, 29.0, 85.0, 29.0, 70.0, 22.0, 61.0, 22.0, 59.0, 39.0, 133.0, 46.0, 155.0
939331, FFI39_RS04190, G->C, missense, 0.00135363877295, 0.3834, 9, 1, 1, 1, 1, 1, FAIL, 5.0, 143.0, 16.0, 81.0, 12.0, 119.0, 27.0, 98.0, 23.0, 83.0, 14.0, 71.0, 22.0, 73.0, 27.0, 148.0, 33.0, 170.0
939339, FFI39_RS04190, G->C, synonymous, 0.029157427057, 0.3922, 9, 1, 1, 1, 1, 1, FAIL, 6.0, 147.0, 16.0, 80.0, 12.0, 127.0, 28.0, 103.0, 27.0, 91.0, 21.0, 76.0, 15.0, 76.0, 32.0, 149.0, 31.0, 174.0
939343, FFI39_RS04190, T->G, missense, 0.108505607277, 0.1593, 9, 1, 1, 1, 1, 1, FAIL, 4.0, 152.0, 14.0, 87.0, 11.0, 131.0, 33.0, 108.0, 25.0, 96.0, 13.0, 85.0, 18.0, 83.0, 29.0, 159.0, 32.0, 186.0
962045, FFI39_RS04255, T->G, missense, -0.126673570412, 0.3836, 9, 1, 1, 1, 1, 1, FAIL, 3.0, 60.0, 8.0, 86.0, 5.0, 120.0, 13.0, 166.0, 0.0, 30.0, 6.0, 34.0, 8.0, 90.0, 0.0, 11.0, 12.0, 179.0
962579, FFI39_RS04255, G->T, noncoding, 0.0833877759378, 0.2932, 9, 1, 1, 1, 1, 1, FAIL, 2.0, 118.0, 11.0, 90.0, 8.0, 100.0, 37.0, 152.0, 11.0, 63.0, 15.0, 85.0, 13.0, 70.0, 7.0, 110.0, 19.0, 213.0
962596, FFI39_RS04255, T->C, noncoding, 0.194738469924, 0.1405, 9, 1, 1, 1, 1, 1, FAIL, 7.0, 105.0, 8.0, 85.0, 8.0, 96.0, 29.0, 136.0, 12.0, 62.0, 8.0, 64.0, 9.0, 67.0, 3.0, 102.0, 10.0, 209.0
962601, FFI39_RS04255, T->G, noncoding, -0.0778748882943, 0.387, 9, 1, 1, 1, 1, 1, FAIL, 7.0, 97.0, 19.0, 85.0, 9.0, 90.0, 42.0, 137.0, 10.0, 63.0, 19.0, 63.0, 17.0, 68.0, 13.0, 92.0, 38.0, 208.0
962608, FFI39_RS04260, A->C, missense, -0.00839978221781, 0.3869, 9, 1, 1, 1, 1, 1, FAIL, 6.0, 101.0, 19.0, 90.0, 13.0, 95.0, 41.0, 146.0, 15.0, 67.0, 14.0, 68.0, 18.0, 66.0, 7.0, 96.0, 26.0, 209.0
962620, FFI39_RS04260, A->C, missense, -0.0662015445088, 0.3871, 9, 1, 1, 1, 1, 1, FAIL, 4.0, 98.0, 15.0, 87.0, 8.0, 101.0, 17.0, 147.0, 11.0, 69.0, 5.0, 69.0, 9.0, 68.0, 24.0, 94.0, 32.0, 208.0
976913, FFI39_RS04315, T->G, synonymous, 0.463960558777, 0.1464, 9, 1, 1, 1, 1, 1, FAIL, 0.0, 91.0, 3.0, 56.0, 3.0, 97.0, 3.0, 96.0, 1.0, 55.0, 2.0, 52.0, 2.0, 42.0, 8.0, 70.0, 16.0, 101.0
976941, FFI39_RS04315, A->C, missense, 0.44902625159, 0.0979, 9, 1, 1, 1, 1, 1, PASS, 0.0, 101.0, 3.0, 65.0, 3.0, 107.0, 5.0, 99.0, 2.0, 59.0, 7.0, 52.0, 4.0, 43.0, 13.0, 80.0, 23.0, 115.0
