100, 200, 300, 500, 600, 700, 900
907.0, 698.0, 540.0, 372.0, 319.0, 154.0, 0.0
0.0, 0.0, 2.0, 4.0, 50.0, 103.0, 208.0
0.0, 0.0, 0.0, 0.0, 0.0, 0.0, 0.0
0.0, 209.0, 365.0, 531.0, 538.0, 650.0, 699.0
0, 0, 0, 0, 0, 3, 3
0, 0, 0, 3, 3, 3, 3
0, 0, 0, 0, 0, 3, 3
0, 0, 0, 0, 3, 1, 1
0, 0, 3, 3, 3, 3, 3
0, 3, 3, 3, 3, 3, 3
0, 0, 3, 3, 3, 3, 3
0, 0, 3, 3, 1, 1, 1
0, 0, 3, 3, 3, 3, 3
0, 0, 0, 3, 3, 3, 3
0, 0, 0, 3, 3, 3, 3
0, 0, 0, 0, 0, 0, 3
0, 0, 0, 0, 0, 3, 3
0, 0, 0, 0, 3, 1, 1
0, 3, 3, 3, 3, 3, 3
0, 0, 0, 3, 3, 3, 3
0, 0, 0, 0, 0, 3, 1
0, 0, 0, 3, 3, 3, 3
0, 0, 0, 0, 0, 3, 1
0, 3, 3, 3, 3, 3, 3
0, 0, 0, 3, 3, 3, 1
0, 0, 0, 3, 1, 1, 1
0, 0, 0, 0, 0, 0, 3
0, 0, 0, 0, 0, 3, 3
0, 0, 0, 3, 3, 3, 3
0, 3, 3, 3, 3, 3, 1
0, 3, 3, 3, 3, 3, 3
0, 0, 0, 0, 0, 0, 3
0, 0, 0, 0, 3, 1, 1
0, 0, 3, 3, 3, 3, 3
0, 0, 0, 3, 3, 3, 3
0, 3, 3, 3, 3, 3, 3
0, 0, 0, 3, 3, 3, 3
0, 0, 0, 0, 0, 3, 3
0, 3, 3, 3, 3, 3, 3
0, 0, 3, 3, 3, 3, 3
0, 0, 0, 0, 3, 1, 1
0, 3, 3, 3, 3, 3, 3
0, 0, 0, 0, 0, 3, 3
0, 0, 0, 0, 0, 0, 3
0, 3, 3, 3, 3, 3, 3
0, 3, 3, 3, 3, 3, 1
0, 0, 0, 0, 0, 0, 3
0, 3, 3, 3, 3, 3, 3
0, 3, 1, 1, 1, 1, 1
0, 3, 3, 3, 3, 3, 3
0, 0, 0, 0, 0, 3, 3
0, 3, 3, 3, 3, 3, 3
0, 0, 3, 3, 3, 3, 3
0, 0, 3, 3, 3, 3, 3
0, 0, 0, 0, 0, 0, 3
0, 0, 0, 0, 0, 0, 3
0, 0, 0, 3, 3, 3, 3
0, 0, 0, 0, 0, 0, 3
0, 0, 3, 3, 3, 3, 3
0, 0, 0, 0, 0, 0, 3
0, 0, 0, 0, 0, 3, 3
0, 0, 3, 3, 3, 3, 1
0, 3, 3, 3, 3, 3, 3
0, 0, 0, 0, 0, 3, 3
0, 3, 3, 3, 3, 3, 3
0, 3, 3, 3, 3, 3, 3
0, 0, 0, 0, 0, 0, 3
0, 0, 3, 3, 3, 3, 3
0, 0, 0, 0, 0, 3, 3
0, 0, 3, 3, 3, 3, 3
0, 0, 0, 0, 0, 0, 3
0, 0, 0, 0, 0, 3, 1
0, 0, 0, 0, 0, 0, 3
0, 0, 3, 3, 3, 3, 3
0, 0, 0, 0, 0, 3, 3
0, 0, 0, 0, 0, 3, 3
0, 0, 0, 0, 0, 3, 3
0, 0, 0, 0, 0, 0, 3
0, 0, 0, 0, 0, 0, 3
0, 0, 0, 3, 1, 1, 1
0, 0, 0, 3, 3, 3, 3
0, 0, 0, 0, 0, 3, 1
0, 3, 3, 3, 3, 3, 3
0, 0, 3, 3, 1, 1, 1
0, 0, 0, 3, 3, 3, 3
0, 3, 3, 3, 3, 3, 3
0, 0, 0, 0, 0, 0, 3
0, 0, 0, 0, 0, 3, 1
0, 0, 3, 3, 3, 3, 3
0, 3, 3, 3, 3, 3, 3
0, 0, 3, 3, 3, 3, 3
0, 0, 0, 0, 0, 3, 3
0, 0, 3, 3, 3, 3, 3
0, 0, 0, 0, 0, 0, 3
0, 3, 3, 3, 3, 3, 3
0, 0, 0, 0, 3, 1, 1
0, 3, 3, 3, 3, 3, 3
0, 0, 0, 0, 3, 1, 1
0, 0, 0, 0, 0, 3, 3
0, 3, 3, 3, 3, 3, 3
0, 3, 3, 3, 3, 3, 3
0, 0, 3, 3, 3, 3, 3
0, 0, 0, 0, 0, 0, 3
0, 0, 0, 0, 0, 0, 3
0, 0, 3, 3, 3, 3, 3
0, 0, 3, 3, 3, 3, 1
0, 3, 3, 3, 3, 3, 3
0, 0, 0, 0, 3, 1, 1
0, 0, 0, 3, 3, 3, 3
0, 0, 0, 3, 3, 3, 3
0, 0, 3, 3, 3, 3, 3
0, 0, 0, 0, 0, 0, 3
0, 0, 0, 0, 0, 3, 3
0, 3, 3, 3, 3, 3, 3
0, 0, 0, 0, 0, 3, 3
0, 0, 0, 0, 0, 3, 1
0, 0, 0, 0, 0, 3, 3
0, 0, 0, 0, 0, 0, 3
0, 0, 0, 0, 0, 0, 3
0, 0, 0, 3, 3, 3, 3
0, 3, 3, 3, 3, 3, 3
0, 0, 0, 0, 0, 0, 3
0, 0, 0, 0, 0, 3, 3
0, 0, 0, 0, 0, 3, 3
0, 0, 0, 0, 0, 3, 3
0, 0, 0, 0, 0, 3, 3
0, 0, 0, 0, 3, 1, 1
0, 0, 0, 0, 0, 0, 3
0, 3, 3, 3, 3, 3, 3
0, 3, 3, 3, 3, 3, 3
0, 3, 3, 3, 3, 3, 3
0, 3, 3, 3, 3, 3, 3
0, 3, 3, 3, 3, 3, 3
0, 3, 3, 3, 3, 3, 3
0, 3, 3, 3, 3, 3, 3
0, 3, 3, 3, 3, 3, 3
0, 3, 3, 3, 3, 3, 3
0, 3, 3, 3, 3, 3, 3
0, 3, 3, 3, 3, 3, 3
0, 3, 3, 3, 3, 3, 3
0, 0, 0, 0, 0, 0, 3
0, 3, 3, 3, 3, 3, 3
0, 0, 0, 0, 3, 1, 1
0, 0, 0, 0, 0, 3, 3
0, 0, 3, 3, 3, 3, 3
0, 0, 3, 3, 1, 1, 1
0, 3, 3, 3, 3, 3, 1
0, 3, 3, 3, 3, 3, 3
0, 0, 3, 3, 3, 3, 3
0, 3, 3, 3, 3, 3, 3
0, 0, 0, 0, 0, 0, 3
0, 3, 3, 3, 3, 3, 3
0, 3, 3, 3, 3, 3, 3
0, 0, 0, 0, 0, 0, 3
0, 0, 0, 0, 0, 0, 3
0, 0, 0, 3, 3, 3, 3
0, 3, 3, 3, 3, 3, 3
0, 0, 0, 0, 0, 0, 3
0, 0, 0, 0, 0, 3, 1
0, 3, 3, 3, 3, 3, 3
0, 0, 0, 0, 0, 3, 1
0, 0, 0, 3, 3, 3, 3
0, 0, 0, 3, 3, 3, 1
0, 0, 0, 0, 0, 3, 3
0, 0, 0, 3, 1, 1, 1
0, 0, 0, 0, 3, 1, 1
0, 0, 0, 0, 0, 0, 3
0, 0, 3, 3, 3, 3, 3
0, 0, 3, 3, 3, 3, 3
0, 0, 0, 0, 0, 3, 3
0, 0, 0, 3, 3, 3, 3
0, 0, 0, 0, 0, 3, 3
0, 3, 3, 3, 3, 3, 3
0, 0, 3, 3, 3, 3, 3
0, 0, 0, 3, 3, 3, 3
0, 0, 0, 0, 0, 3, 3
0, 0, 0, 0, 0, 0, 3
0, 0, 0, 0, 0, 3, 1
0, 0, 3, 3, 3, 3, 1
0, 0, 0, 0, 0, 3, 3
0, 0, 3, 3, 3, 3, 3
0, 0, 0, 0, 0, 0, 3
0, 0, 0, 0, 0, 0, 3
0, 0, 3, 3, 3, 3, 3
0, 0, 0, 3, 3, 3, 3
0, 0, 3, 3, 3, 3, 3
0, 0, 0, 0, 0, 3, 3
0, 3, 3, 3, 3, 3, 3
0, 3, 3, 3, 3, 3, 3
0, 0, 0, 0, 0, 3, 1
0, 3, 3, 3, 3, 3, 3
0, 0, 3, 3, 3, 3, 1
0, 3, 3, 3, 3, 3, 3
0, 0, 0, 3, 3, 3, 3
0, 3, 3, 3, 1, 1, 1
0, 0, 0, 0, 0, 0, 3
0, 0, 0, 0, 0, 0, 3
0, 0, 0, 0, 3, 1, 1
0, 0, 0, 0, 3, 1, 1
0, 3, 3, 3, 3, 3, 3
0, 0, 3, 3, 3, 3, 3
0, 0, 3, 3, 3, 3, 1
0, 0, 3, 3, 3, 3, 3
0, 3, 3, 3, 3, 3, 3
0, 0, 0, 0, 0, 0, 3
0, 3, 3, 3, 3, 3, 3
0, 0, 0, 0, 0, 0, 3
0, 0, 0, 0, 0, 0, 3
0, 0, 3, 3, 3, 3, 3
0, 0, 0, 3, 1, 1, 1
0, 3, 3, 3, 3, 3, 3
0, 0, 0, 3, 1, 1, 1
0, 0, 0, 0, 0, 3, 1
0, 0, 0, 0, 3, 1, 1
0, 0, 0, 0, 3, 1, 1
0, 3, 3, 3, 3, 3, 3
0, 0, 0, 0, 0, 3, 3
0, 0, 0, 0, 0, 3, 3
0, 0, 0, 0, 0, 0, 3
0, 0, 0, 0, 0, 3, 1
0, 0, 3, 3, 3, 3, 3
0, 0, 3, 3, 3, 3, 3
0, 3, 3, 3, 3, 3, 3
0, 0, 0, 0, 0, 3, 3
0, 0, 0, 0, 0, 0, 3
0, 0, 3, 3, 3, 3, 3
0, 3, 3, 3, 3, 3, 1
0, 0, 0, 0, 0, 3, 1
0, 3, 3, 3, 3, 3, 3
0, 3, 3, 3, 3, 3, 3
0, 0, 3, 3, 3, 3, 1
0, 3, 3, 3, 3, 3, 3
0, 3, 3, 3, 3, 3, 1
0, 0, 0, 0, 0, 0, 3
0, 0, 0, 3, 1, 1, 1
0, 3, 3, 3, 3, 3, 3
0, 0, 3, 3, 3, 3, 3
0, 0, 0, 3, 3, 3, 1
0, 0, 3, 3, 3, 3, 3
0, 0, 3, 3, 3, 3, 3
0, 0, 0, 3, 3, 3, 1
0, 3, 3, 3, 3, 3, 3
0, 0, 0, 0, 0, 3, 3
0, 0, 3, 3, 3, 3, 3
0, 0, 0, 0, 0, 3, 1
0, 0, 0, 3, 3, 3, 3
0, 0, 0, 0, 0, 3, 3
0, 3, 3, 3, 3, 3, 3
0, 0, 0, 0, 0, 3, 1
0, 0, 0, 0, 0, 0, 3
0, 0, 3, 3, 3, 3, 3
0, 0, 0, 0, 0, 0, 3
0, 0, 3, 1, 1, 1, 1
0, 0, 3, 3, 3, 3, 3
0, 0, 3, 3, 3, 3, 3
0, 0, 0, 0, 0, 3, 1
0, 0, 0, 0, 0, 3, 3
0, 0, 0, 0, 0, 3, 1
0, 0, 0, 0, 0, 3, 1
0, 0, 0, 0, 0, 3, 3
0, 0, 0, 0, 3, 1, 1
0, 0, 0, 0, 0, 3, 3
0, 3, 3, 3, 3, 3, 3
0, 0, 0, 3, 3, 3, 1
0, 3, 3, 3, 3, 3, 3
0, 3, 3, 3, 3, 3, 3
0, 3, 3, 3, 3, 3, 3
0, 3, 3, 3, 3, 3, 3
0, 3, 3, 3, 3, 3, 3
0, 0, 3, 3, 3, 3, 3
0, 3, 3, 3, 3, 3, 3
0, 0, 0, 3, 3, 3, 3
0, 0, 0, 0, 0, 0, 3
0, 0, 0, 0, 0, 0, 3
0, 3, 3, 3, 3, 3, 3
0, 3, 3, 3, 3, 3, 1
0, 3, 3, 3, 3, 3, 3
0, 0, 0, 3, 3, 3, 3
0, 0, 0, 0, 0, 3, 1
0, 0, 0, 3, 3, 3, 3
0, 0, 0, 0, 3, 1, 1
0, 0, 0, 0, 0, 0, 3
0, 0, 0, 3, 3, 3, 3
0, 0, 0, 0, 0, 0, 3
0, 0, 0, 0, 0, 3, 3
0, 3, 3, 3, 3, 3, 3
0, 3, 3, 3, 3, 3, 3
0, 3, 3, 3, 3, 3, 3
0, 0, 0, 0, 0, 3, 1
0, 0, 0, 0, 0, 0, 3
0, 0, 3, 3, 3, 3, 3
0, 0, 0, 0, 0, 3, 3
0, 0, 0, 0, 0, 3, 3
0, 0, 0, 0, 3, 1, 1
0, 0, 0, 0, 3, 1, 1
0, 3, 3, 3, 3, 3, 3
0, 0, 0, 3, 3, 3, 3
0, 0, 0, 0, 0, 0, 3
0, 0, 0, 0, 0, 0, 3
0, 0, 3, 3, 3, 3, 3
0, 3, 3, 3, 3, 3, 3
0, 3, 3, 3, 3, 3, 3
0, 3, 3, 3, 3, 3, 3
0, 0, 3, 3, 3, 3, 3
0, 0, 0, 3, 3, 3, 3
0, 0, 0, 3, 3, 3, 3
0, 0, 3, 3, 1, 1, 1
0, 0, 0, 3, 3, 3, 3
0, 0, 0, 3, 3, 3, 3
0, 0, 0, 3, 3, 3, 3
0, 0, 0, 0, 0, 0, 3
0, 0, 0, 0, 0, 3, 3
0, 0, 0, 0, 0, 0, 3
0, 0, 0, 0, 0, 0, 3
0, 3, 3, 3, 3, 3, 3
0, 0, 0, 0, 0, 0, 3
0, 0, 0, 0, 0, 3, 3
0, 3, 3, 3, 3, 3, 3
0, 0, 3, 3, 3, 3, 3
0, 0, 0, 0, 0, 0, 3
0, 0, 3, 3, 3, 3, 3
0, 0, 3, 3, 3, 3, 1
0, 0, 3, 3, 3, 3, 3
0, 3, 3, 3, 3, 3, 3
0, 0, 3, 3, 3, 3, 3
0, 3, 3, 3, 3, 3, 3
0, 0, 0, 3, 3, 3, 3
0, 0, 0, 0, 0, 0, 3
0, 0, 0, 0, 0, 0, 3
0, 0, 0, 0, 0, 3, 3
0, 0, 3, 3, 3, 3, 3
0, 0, 0, 0, 0, 3, 3
0, 0, 0, 3, 3, 3, 3
0, 0, 3, 3, 3, 3, 3
0, 0, 0, 0, 3, 1, 1
0, 0, 3, 3, 3, 3, 3
0, 3, 3, 3, 3, 3, 3
0, 3, 3, 3, 3, 3, 3
0, 3, 3, 3, 3, 3, 3
0, 0, 0, 3, 3, 3, 3
0, 0, 0, 0, 0, 0, 3
0, 0, 3, 3, 3, 3, 3
0, 0, 0, 3, 1, 1, 1
0, 0, 0, 3, 3, 3, 3
0, 0, 3, 3, 3, 3, 3
0, 0, 0, 3, 3, 3, 3
0, 0, 0, 3, 3, 3, 3
0, 0, 0, 3, 3, 3, 3
0, 0, 3, 3, 1, 1, 1
0, 0, 0, 0, 0, 3, 3
0, 0, 0, 0, 0, 0, 3
0, 0, 0, 0, 3, 1, 1
0, 0, 3, 3, 3, 3, 3
0, 0, 0, 0, 0, 0, 3
0, 0, 3, 3, 3, 3, 3
0, 0, 0, 3, 3, 3, 3
0, 0, 0, 0, 0, 3, 3
0, 3, 3, 3, 3, 3, 3
0, 0, 0, 3, 1, 1, 1
0, 0, 0, 3, 3, 3, 1
0, 3, 3, 3, 3, 3, 3
0, 0, 0, 3, 3, 3, 1
0, 0, 3, 3, 3, 3, 3
0, 0, 3, 3, 3, 3, 3
0, 0, 0, 0, 0, 3, 1
0, 0, 0, 3, 3, 3, 3
0, 0, 0, 0, 0, 3, 3
0, 0, 0, 3, 3, 3, 3
0, 0, 0, 0, 0, 0, 3
0, 0, 0, 0, 0, 3, 3
0, 0, 3, 3, 3, 3, 3
0, 0, 3, 3, 3, 3, 3
0, 0, 3, 3, 3, 3, 3
0, 0, 0, 0, 0, 0, 3
0, 0, 0, 3, 3, 3, 3
0, 3, 3, 3, 3, 3, 3
0, 0, 0, 0, 0, 0, 3
0, 0, 0, 0, 3, 1, 1
0, 0, 0, 3, 3, 3, 3
0, 0, 3, 3, 3, 3, 3
0, 0, 0, 0, 0, 0, 3
0, 0, 3, 3, 3, 3, 3
0, 0, 3, 3, 3, 3, 3
0, 0, 3, 3, 3, 3, 3
0, 0, 0, 3, 3, 3, 3
0, 0, 0, 0, 0, 0, 3
0, 0, 0, 3, 1, 1, 1
0, 3, 3, 3, 3, 3, 3
0, 0, 0, 3, 3, 3, 3
0, 0, 0, 0, 0, 0, 3
0, 0, 0, 0, 0, 0, 3
0, 3, 3, 3, 3, 3, 3
0, 0, 0, 3, 3, 3, 3
0, 0, 3, 3, 3, 3, 3
0, 0, 0, 3, 3, 3, 3
0, 0, 3, 3, 3, 3, 3
0, 0, 0, 0, 0, 3, 3
0, 0, 3, 3, 3, 3, 3
0, 3, 3, 3, 3, 3, 3
0, 3, 3, 3, 3, 3, 3
0, 0, 0, 0, 3, 1, 1
0, 0, 0, 0, 0, 3, 1
0, 0, 0, 0, 0, 3, 1
0, 0, 0, 0, 0, 3, 1
0, 0, 0, 0, 0, 0, 3
0, 3, 3, 3, 3, 3, 1
0, 0, 0, 3, 3, 3, 3
0, 0, 3, 3, 3, 3, 3
0, 0, 0, 0, 0, 0, 3
0, 0, 0, 3, 3, 3, 3
0, 3, 3, 3, 3, 3, 3
0, 0, 0, 0, 0, 3, 3
0, 0, 0, 0, 0, 3, 3
0, 0, 0, 0, 0, 3, 3
0, 0, 0, 0, 0, 3, 3
0, 0, 0, 3, 3, 3, 3
0, 0, 0, 0, 0, 3, 3
0, 0, 0, 3, 3, 3, 3
0, 3, 3, 3, 3, 3, 3
0, 3, 3, 3, 3, 3, 3
0, 0, 0, 3, 3, 3, 1
0, 0, 0, 0, 3, 1, 1
0, 0, 3, 3, 3, 3, 3
0, 3, 3, 3, 3, 3, 3
0, 3, 3, 3, 3, 3, 3
0, 0, 0, 0, 0, 3, 1
0, 0, 0, 0, 0, 0, 3
0, 0, 0, 3, 1, 1, 1
0, 0, 0, 3, 1, 1, 1
0, 0, 3, 3, 3, 3, 3
0, 3, 3, 3, 3, 3, 3
0, 0, 3, 3, 1, 1, 1
0, 0, 0, 3, 3, 3, 3
0, 0, 0, 0, 0, 3, 1
0, 0, 0, 0, 0, 0, 3
0, 0, 0, 0, 0, 3, 3
0, 0, 0, 3, 3, 3, 3
0, 0, 0, 3, 3, 3, 3
0, 0, 0, 3, 3, 3, 3
0, 0, 0, 0, 0, 0, 3
0, 3, 3, 3, 3, 3, 3
0, 0, 0, 3, 3, 3, 3
0, 0, 3, 3, 3, 3, 3
0, 0, 0, 0, 0, 0, 3
0, 0, 0, 0, 0, 0, 3
0, 0, 0, 0, 0, 3, 1
0, 0, 0, 3, 3, 3, 3
0, 0, 0, 0, 0, 3, 1
0, 0, 0, 0, 0, 3, 1
0, 0, 0, 0, 3, 1, 1
0, 0, 0, 0, 0, 0, 3
0, 0, 0, 0, 3, 1, 1
0, 0, 0, 3, 3, 3, 1
0, 3, 3, 3, 3, 3, 3
0, 0, 0, 0, 0, 0, 3
0, 0, 0, 3, 3, 3, 3
0, 0, 0, 0, 0, 3, 3
0, 0, 0, 3, 1, 1, 1
0, 0, 0, 3, 3, 3, 3
0, 0, 0, 3, 3, 3, 3
0, 0, 0, 0, 0, 3, 1
0, 0, 3, 3, 3, 3, 3
0, 0, 0, 0, 0, 0, 3
0, 0, 3, 3, 3, 3, 3
0, 0, 0, 0, 0, 3, 1
0, 3, 3, 3, 3, 3, 3
0, 0, 0, 3, 3, 3, 3
0, 0, 3, 3, 3, 3, 3
0, 0, 0, 0, 3, 1, 1
0, 0, 0, 0, 3, 1, 1
0, 0, 3, 3, 3, 3, 3
0, 0, 0, 0, 0, 0, 3
0, 0, 0, 0, 0, 3, 1
0, 0, 0, 3, 1, 1, 1
0, 0, 0, 0, 0, 0, 3
0, 0, 3, 3, 3, 3, 3
0, 3, 3, 3, 3, 3, 3
0, 0, 3, 3, 3, 3, 3
0, 0, 3, 3, 3, 3, 3
0, 3, 3, 3, 3, 3, 3
0, 0, 0, 0, 0, 0, 3
0, 0, 0, 0, 0, 0, 3
0, 0, 0, 0, 0, 3, 1
0, 3, 3, 3, 3, 3, 3
0, 0, 0, 0, 0, 3, 3
0, 0, 0, 0, 0, 0, 3
0, 0, 0, 3, 3, 3, 3
0, 0, 3, 3, 3, 3, 3
0, 0, 3, 3, 3, 3, 3
0, 0, 0, 3, 3, 3, 3
0, 0, 3, 3, 3, 3, 3
0, 0, 3, 3, 3, 3, 3
0, 0, 0, 3, 3, 3, 3
0, 0, 0, 0, 0, 0, 3
0, 0, 3, 3, 3, 3, 3
0, 0, 0, 3, 1, 1, 1
0, 0, 3, 3, 3, 3, 3
0, 0, 3, 3, 1, 1, 1
0, 0, 0, 0, 3, 1, 1
0, 0, 0, 0, 3, 1, 1
0, 0, 0, 0, 3, 1, 1
0, 0, 0, 0, 3, 1, 1
0, 0, 0, 3, 1, 1, 1
0, 0, 0, 0, 0, 3, 1
0, 0, 0, 0, 0, 3, 3
0, 0, 0, 0, 3, 1, 1
0, 0, 0, 0, 0, 0, 3
0, 0, 0, 0, 3, 1, 1
0, 0, 0, 0, 0, 3, 1
0, 0, 0, 3, 1, 1, 1
0, 0, 0, 3, 3, 3, 3
0, 0, 0, 3, 3, 3, 3
0, 0, 0, 3, 3, 3, 3
0, 0, 0, 3, 3, 3, 3
0, 0, 0, 3, 1, 1, 1
0, 0, 0, 0, 0, 3, 1
0, 0, 0, 0, 0, 0, 3
0, 0, 0, 0, 0, 3, 3
0, 0, 0, 0, 0, 3, 1
0, 3, 3, 3, 3, 3, 3
0, 3, 3, 3, 3, 3, 3
0, 0, 0, 0, 0, 3, 3
0, 0, 3, 3, 3, 3, 3
0, 3, 3, 3, 3, 3, 3
0, 0, 0, 3, 3, 3, 3
0, 0, 3, 3, 3, 3, 3
0, 0, 0, 0, 3, 1, 1
0, 0, 0, 0, 0, 0, 3
0, 3, 3, 3, 3, 3, 3
0, 3, 3, 3, 3, 3, 3
0, 0, 0, 0, 0, 3, 3
0, 0, 0, 0, 0, 0, 3
0, 3, 3, 3, 3, 3, 3
0, 0, 3, 3, 3, 3, 3
0, 0, 0, 3, 3, 3, 3
0, 0, 0, 0, 0, 0, 3
0, 0, 0, 0, 0, 3, 1
0, 3, 3, 3, 3, 3, 3
0, 0, 0, 0, 0, 0, 3
0, 0, 3, 3, 3, 3, 3
0, 0, 3, 3, 3, 3, 3
0, 3, 3, 3, 3, 3, 3
0, 0, 0, 0, 0, 3, 3
0, 0, 0, 0, 3, 1, 1
0, 0, 0, 0, 0, 0, 3
0, 0, 0, 0, 0, 0, 3
0, 0, 3, 3, 1, 1, 1
0, 3, 3, 3, 3, 3, 3
0, 0, 0, 0, 0, 3, 3
0, 0, 0, 0, 0, 3, 3
0, 0, 3, 3, 3, 3, 3
0, 0, 0, 0, 0, 0, 3
0, 0, 3, 3, 3, 3, 3
0, 0, 0, 0, 0, 3, 3
0, 3, 3, 3, 3, 3, 3
0, 0, 0, 0, 0, 0, 3
0, 0, 0, 0, 0, 3, 3
0, 0, 0, 3, 3, 3, 3
0, 0, 0, 0, 0, 0, 3
0, 0, 0, 3, 3, 3, 3
0, 0, 0, 0, 0, 3, 3
0, 0, 0, 3, 1, 1, 1
0, 0, 0, 3, 1, 1, 1
0, 0, 0, 0, 0, 3, 3
0, 0, 0, 0, 0, 3, 3
0, 0, 0, 0, 0, 3, 3
0, 0, 0, 0, 0, 0, 3
0, 0, 3, 3, 3, 3, 3
0, 0, 0, 3, 3, 3, 3
0, 0, 0, 3, 3, 3, 3
0, 0, 0, 0, 0, 0, 3
0, 0, 0, 0, 0, 0, 3
0, 3, 3, 3, 3, 3, 3
0, 0, 3, 3, 3, 3, 3
0, 0, 0, 3, 3, 3, 1
0, 3, 3, 3, 3, 3, 1
0, 0, 0, 0, 0, 3, 3
0, 0, 0, 3, 3, 3, 3
0, 0, 0, 3, 3, 3, 3
0, 0, 3, 3, 3, 3, 3
0, 0, 0, 3, 1, 1, 1
0, 0, 0, 0, 0, 3, 3
0, 0, 0, 3, 3, 3, 3
0, 0, 0, 3, 3, 3, 1
0, 0, 0, 0, 0, 3, 1
0, 0, 0, 0, 3, 1, 1
0, 0, 3, 3, 3, 3, 3
0, 0, 0, 0, 0, 0, 3
0, 0, 0, 0, 0, 3, 3
0, 3, 3, 3, 3, 3, 3
0, 3, 3, 3, 3, 3, 3
0, 3, 3, 3, 3, 3, 1
0, 0, 0, 0, 3, 1, 1
0, 3, 3, 3, 3, 3, 3
0, 3, 3, 3, 3, 3, 3
0, 3, 3, 3, 3, 3, 3
0, 0, 0, 0, 0, 0, 3
0, 0, 0, 0, 0, 3, 1
0, 0, 0, 3, 3, 3, 1
0, 0, 3, 3, 3, 3, 3
0, 0, 3, 3, 3, 3, 3
0, 0, 3, 3, 3, 3, 3
0, 0, 3, 3, 3, 3, 3
0, 0, 0, 0, 0, 3, 1
0, 0, 0, 0, 0, 0, 3
0, 0, 3, 3, 3, 3, 1
0, 3, 3, 3, 3, 3, 3
0, 0, 0, 3, 3, 3, 3
0, 0, 0, 3, 3, 3, 3
0, 0, 0, 0, 3, 1, 1
0, 0, 0, 0, 0, 3, 1
0, 3, 3, 3, 3, 3, 3
0, 0, 0, 0, 0, 3, 1
0, 0, 0, 0, 0, 0, 3
0, 0, 0, 3, 3, 3, 3
0, 3, 3, 3, 3, 3, 3
0, 0, 0, 3, 3, 3, 1
0, 3, 3, 3, 3, 3, 3
0, 0, 0, 3, 3, 3, 3
0, 0, 0, 3, 3, 3, 3
0, 3, 3, 3, 3, 3, 3
0, 0, 3, 3, 3, 3, 3
0, 0, 0, 3, 1, 1, 1
0, 3, 3, 3, 3, 3, 3
0, 3, 3, 3, 3, 3, 1
0, 0, 0, 3, 3, 3, 3
0, 0, 0, 0, 0, 0, 3
0, 0, 0, 0, 0, 0, 3
0, 0, 0, 0, 0, 0, 3
0, 0, 0, 0, 0, 0, 3
0, 0, 0, 0, 0, 0, 3
0, 0, 0, 0, 0, 3, 1
0, 0, 0, 0, 0, 0, 3
0, 0, 0, 3, 1, 1, 1
0, 3, 3, 3, 3, 3, 3
0, 3, 3, 3, 3, 3, 3
0, 0, 3, 3, 3, 3, 3
0, 3, 3, 3, 3, 3, 3
0, 3, 3, 3, 3, 3, 3
0, 3, 3, 3, 3, 3, 3
0, 3, 3, 3, 3, 3, 1
0, 3, 3, 3, 3, 3, 3
0, 3, 3, 3, 3, 3, 3
0, 0, 0, 3, 3, 3, 3
0, 3, 3, 3, 3, 3, 3
0, 0, 0, 3, 3, 3, 3
0, 3, 3, 3, 3, 3, 3
0, 0, 0, 0, 0, 0, 3
0, 3, 3, 3, 3, 3, 3
0, 0, 0, 0, 0, 3, 3
0, 0, 3, 3, 1, 1, 1
0, 0, 0, 0, 0, 3, 1
0, 0, 0, 0, 0, 3, 1
0, 0, 0, 0, 3, 1, 1
0, 0, 0, 0, 3, 1, 1
0, 0, 0, 3, 3, 3, 3
0, 3, 3, 3, 3, 3, 3
0, 0, 0, 3, 3, 3, 3
0, 0, 0, 3, 3, 3, 3
0, 3, 3, 3, 3, 3, 3
0, 0, 0, 3, 3, 3, 3
0, 3, 3, 3, 3, 3, 3
0, 0, 0, 3, 3, 3, 3
0, 0, 0, 0, 0, 0, 3
0, 0, 0, 0, 0, 0, 3
0, 0, 0, 0, 0, 0, 3
0, 0, 0, 0, 0, 0, 3
0, 3, 3, 3, 3, 3, 3
0, 0, 0, 0, 0, 0, 3
0, 0, 0, 0, 0, 3, 3
0, 0, 0, 0, 0, 3, 3
0, 3, 3, 3, 3, 3, 3
0, 3, 3, 3, 3, 3, 3
0, 3, 3, 3, 3, 3, 3
0, 3, 3, 3, 3, 3, 3
0, 0, 0, 0, 0, 3, 3
0, 0, 0, 0, 0, 3, 3
0, 0, 0, 0, 0, 3, 3
0, 0, 0, 3, 3, 3, 1
0, 0, 0, 0, 0, 3, 1
0, 0, 3, 3, 3, 3, 3
0, 0, 3, 3, 3, 3, 3
0, 0, 0, 0, 0, 3, 3
0, 0, 0, 0, 0, 3, 3
0, 0, 3, 3, 3, 3, 3
0, 0, 0, 0, 0, 3, 3
0, 0, 0, 0, 0, 3, 3
0, 0, 0, 0, 0, 0, 3
0, 0, 0, 3, 3, 3, 3
0, 0, 0, 3, 3, 3, 3
0, 0, 0, 0, 0, 3, 1
0, 0, 0, 3, 3, 3, 3
0, 0, 0, 3, 3, 3, 3
0, 0, 0, 0, 0, 0, 3
0, 3, 3, 3, 3, 3, 3
0, 3, 3, 3, 3, 3, 3
0, 3, 3, 3, 3, 3, 3
0, 3, 3, 3, 3, 3, 3
0, 0, 0, 0, 0, 0, 3
0, 3, 3, 3, 3, 3, 3
0, 3, 3, 3, 3, 3, 3
0, 3, 3, 3, 3, 3, 3
0, 0, 0, 0, 3, 1, 1
0, 0, 0, 0, 3, 1, 1
0, 0, 0, 0, 3, 1, 1
0, 3, 1, 1, 1, 1, 1
0, 0, 0, 0, 3, 1, 1
0, 0, 0, 0, 0, 3, 1
0, 0, 0, 0, 0, 0, 3
0, 0, 0, 0, 0, 0, 3
0, 0, 3, 3, 3, 3, 3
0, 0, 3, 3, 3, 3, 3
0, 3, 3, 3, 3, 3, 3
0, 0, 3, 3, 3, 3, 3
0, 3, 3, 3, 3, 3, 3
0, 0, 0, 0, 0, 3, 3
0, 0, 3, 3, 3, 3, 3
0, 0, 0, 0, 0, 0, 3
0, 0, 3, 3, 3, 3, 3
0, 0, 0, 3, 3, 3, 3
0, 0, 0, 0, 0, 0, 3
0, 0, 0, 3, 1, 1, 1
0, 0, 0, 0, 0, 0, 3
0, 0, 0, 0, 0, 0, 3
0, 0, 0, 0, 3, 1, 1
0, 0, 0, 0, 0, 0, 3
0, 0, 0, 0, 0, 3, 1
0, 0, 0, 0, 3, 1, 1
0, 0, 3, 3, 3, 3, 3
0, 0, 0, 0, 0, 3, 3
0, 0, 0, 3, 3, 3, 3
0, 0, 0, 0, 0, 3, 3
0, 3, 3, 3, 3, 3, 3
0, 0, 0, 3, 1, 1, 1
0, 0, 0, 0, 0, 0, 3
0, 0, 0, 3, 3, 3, 3
0, 3, 3, 3, 3, 3, 3
0, 0, 0, 0, 0, 3, 3
0, 3, 3, 3, 3, 3, 3
0, 3, 3, 3, 3, 3, 3
0, 0, 3, 3, 3, 3, 3
0, 3, 3, 3, 3, 3, 3
0, 0, 0, 0, 0, 3, 3
0, 3, 3, 3, 3, 3, 3
0, 0, 0, 0, 0, 3, 1
0, 0, 0, 3, 3, 3, 1
0, 3, 3, 3, 3, 3, 3
0, 3, 3, 3, 3, 3, 3
0, 0, 0, 3, 1, 1, 1
0, 0, 0, 0, 0, 0, 3
0, 0, 0, 0, 0, 0, 3
0, 0, 0, 0, 0, 3, 3
0, 0, 0, 3, 3, 3, 3
0, 0, 3, 3, 3, 3, 3
0, 0, 3, 3, 3, 3, 3
0, 0, 0, 0, 0, 3, 3
0, 0, 0, 0, 0, 3, 3
0, 3, 3, 3, 3, 3, 3
0, 3, 3, 3, 3, 3, 3
0, 3, 3, 3, 3, 3, 3
0, 0, 3, 3, 3, 3, 3
0, 0, 0, 0, 3, 1, 1
0, 0, 3, 3, 3, 3, 1
0, 0, 3, 3, 3, 3, 1
0, 3, 3, 3, 3, 3, 3
0, 0, 0, 0, 0, 0, 3
0, 0, 0, 0, 0, 3, 3
0, 0, 3, 3, 3, 3, 3
0, 3, 3, 3, 3, 3, 3
0, 0, 3, 3, 3, 3, 3
0, 0, 0, 0, 0, 0, 3
0, 0, 0, 0, 0, 3, 1
0, 3, 3, 3, 3, 3, 3
0, 0, 0, 3, 1, 1, 1
0, 0, 0, 3, 1, 1, 1
0, 0, 0, 0, 0, 0, 3
0, 0, 0, 3, 1, 1, 1
0, 0, 0, 3, 3, 3, 3
0, 0, 3, 3, 3, 3, 3
0, 0, 0, 3, 3, 3, 3
0, 0, 0, 0, 3, 1, 1
0, 0, 0, 0, 0, 3, 3
0, 0, 0, 0, 3, 1, 1
0, 0, 0, 0, 0, 3, 3
0, 0, 0, 0, 0, 0, 3
0, 0, 3, 3, 3, 3, 3
0, 0, 0, 3, 3, 3, 3
0, 0, 0, 0, 0, 3, 3
0, 0, 0, 0, 0, 0, 3
0, 0, 3, 3, 3, 3, 3
0, 3, 3, 3, 3, 3, 3
0, 0, 3, 3, 1, 1, 1
0, 0, 0, 3, 3, 3, 3
0, 0, 0, 0, 0, 0, 3
0, 0, 0, 0, 0, 3, 3
0, 0, 0, 0, 0, 0, 3
0, 0, 0, 3, 3, 3, 3
0, 0, 0, 3, 1, 1, 1
0, 3, 3, 3, 3, 3, 3
0, 3, 3, 3, 3, 3, 1
0, 0, 0, 0, 0, 0, 3
0, 0, 3, 3, 3, 3, 3
0, 0, 0, 3, 3, 3, 3
0, 0, 0, 3, 3, 3, 3
0, 0, 0, 3, 3, 3, 3
0, 0, 3, 3, 3, 3, 3
0, 0, 0, 0, 0, 3, 3
0, 0, 0, 3, 3, 3, 3
0, 0, 0, 0, 0, 0, 3
0, 0, 0, 0, 0, 0, 3
0, 0, 0, 0, 3, 1, 1
0, 0, 0, 0, 0, 0, 3
0, 3, 3, 3, 3, 3, 3
0, 3, 3, 3, 1, 1, 1
0, 0, 0, 0, 3, 1, 1
0, 0, 0, 3, 3, 3, 1
0, 3, 3, 3, 3, 3, 3
0, 0, 0, 0, 0, 0, 3
0, 0, 0, 0, 0, 3, 3
0, 3, 3, 3, 3, 3, 3
0, 0, 0, 3, 1, 1, 1
0, 3, 3, 3, 3, 3, 3
0, 0, 0, 3, 3, 3, 3
0, 3, 3, 3, 3, 3, 3
0, 3, 3, 3, 3, 3, 3
0, 3, 3, 3, 3, 3, 3
0, 0, 0, 0, 0, 3, 1
0, 0, 0, 0, 0, 3, 3
0, 0, 0, 3, 3, 3, 3
0, 3, 3, 3, 3, 3, 3
0, 3, 3, 3, 3, 3, 3
0, 3, 3, 3, 3, 3, 3
0, 0, 0, 0, 0, 3, 1
0, 3, 3, 3, 3, 3, 3
0, 0, 0, 3, 3, 3, 3
0, 0, 3, 3, 3, 3, 3
0, 3, 3, 3, 3, 3, 3
0, 0, 0, 0, 0, 0, 3
0, 0, 0, 0, 0, 0, 3
0, 0, 0, 0, 0, 0, 3
0, 3, 3, 3, 3, 3, 3
0, 0, 0, 0, 0, 3, 3
0, 0, 3, 3, 3, 3, 3
0, 0, 3, 3, 3, 3, 3
0, 0, 3, 3, 3, 3, 3
0, 0, 0, 0, 0, 3, 3
0, 0, 0, 3, 1, 1, 1
0, 3, 3, 3, 3, 3, 3
0, 0, 3, 3, 3, 3, 3
0, 0, 0, 0, 0, 3, 1
0, 0, 0, 0, 0, 0, 3
0, 0, 0, 0, 0, 0, 3
0, 3, 3, 3, 3, 3, 3
0, 0, 3, 3, 1, 1, 1
0, 3, 3, 3, 1, 1, 1
0, 0, 0, 0, 3, 1, 1
0, 0, 0, 0, 0, 0, 3
0, 0, 3, 1, 1, 1, 1
0, 3, 3, 3, 3, 3, 3
0, 0, 0, 3, 3, 3, 1
0, 0, 0, 0, 0, 3, 3
0, 0, 0, 3, 3, 3, 3
0, 0, 0, 0, 0, 0, 3
0, 0, 0, 3, 3, 3, 1
0, 0, 0, 0, 0, 0, 3
0, 0, 0, 0, 0, 0, 3
0, 0, 0, 3, 3, 3, 3
0, 0, 3, 3, 3, 3, 3
0, 0, 0, 0, 0, 0, 3
0, 0, 0, 3, 3, 3, 1
0, 0, 3, 3, 3, 3, 3
0, 3, 3, 3, 3, 3, 3
0, 0, 0, 3, 3, 3, 3
0, 0, 3, 3, 3, 3, 3
0, 0, 0, 0, 0, 0, 3
0, 0, 3, 3, 3, 3, 1
0, 3, 3, 3, 3, 3, 3
0, 0, 0, 0, 0, 0, 3
0, 0, 0, 0, 0, 3, 1
0, 0, 0, 0, 0, 3, 1
0, 0, 0, 0, 0, 3, 1
0, 0, 0, 3, 3, 3, 3
0, 0, 0, 0, 0, 3, 1
0, 0, 0, 3, 3, 3, 3
0, 3, 3, 3, 3, 3, 3
0, 3, 3, 3, 3, 3, 3
0, 0, 0, 3, 1, 1, 1
0, 0, 3, 3, 3, 3, 3
0, 0, 3, 3, 3, 3, 1
0, 0, 3, 3, 3, 3, 3
0, 0, 0, 0, 0, 3, 1
0, 0, 0, 0, 3, 1, 1
0, 0, 3, 3, 3, 3, 3
0, 3, 3, 3, 3, 3, 3
0, 0, 0, 0, 0, 3, 3
0, 0, 3, 3, 3, 3, 3
0, 0, 0, 0, 0, 3, 3
0, 3, 3, 3, 3, 3, 1
0, 3, 3, 3, 3, 3, 3
0, 0, 0, 0, 0, 3, 1
0, 0, 0, 3, 3, 3, 3
0, 0, 0, 0, 0, 0, 3
0, 0, 0, 0, 0, 0, 3
0, 0, 0, 0, 0, 0, 3
0, 0, 0, 0, 0, 0, 3
0, 0, 3, 3, 3, 3, 3
0, 0, 0, 3, 3, 3, 3
0, 0, 3, 3, 3, 3, 3
0, 0, 0, 0, 0, 0, 3
0, 3, 3, 3, 3, 3, 3
0, 3, 3, 3, 3, 3, 3
