Position, Gene, Allele, Annotation, Test statistic, P-value, Deletion index, Fold reduction, Deletion P-value, Duplication index, Fold increase, Duplication pvalue, Passed?, AC:100, DP:100, AC:200, DP:200, AC:300, DP:300, AC:400, DP:400, AC:500, DP:500, AC:600, DP:600, AC:700, DP:700
3577, B4U62_RS22120, G->T, synonymous, -4.14886922864, 0.4047, 7, 1, 1, 1, 1, 1, FAIL, 2.0, 366.0, 1.0, 92.0, 1.0, 94.0, 2.0, 101.0, 4.0, 35.0, 3.0, 182.0, 1.0, 149.0
4706, B4U62_RS22125, C->A, synonymous, -0.0995211640872, 0.386, 7, 1, 1, 1, 1, 1, FAIL, 36.0, 459.0, 10.0, 67.0, 6.0, 79.0, 6.0, 70.0, 7.0, 35.0, 14.0, 172.0, 20.0, 169.0
4732, B4U62_RS22125, C->A, missense, -0.0728375226707, 0.3821, 7, 1, 1, 1, 1, 1, FAIL, 40.0, 432.0, 8.0, 62.0, 6.0, 75.0, 4.0, 72.0, 7.0, 33.0, 12.0, 132.0, 22.0, 144.0
4738, B4U62_RS22125, C->A, nonsense, 0.104629141377, 0.379, 7, 1, 1, 1, 1, 1, FAIL, 21.0, 449.0, 6.0, 62.0, 3.0, 68.0, 3.0, 67.0, 5.0, 31.0, 5.0, 126.0, 7.0, 147.0
4750, B4U62_RS22125, C->A, missense, 0.142681033333, 0.3699, 7, 1, 1, 1, 1, 1, FAIL, 16.0, 439.0, 4.0, 64.0, 1.0, 60.0, 2.0, 59.0, 5.0, 30.0, 8.0, 125.0, 11.0, 137.0
6292, B4U62_RS00030, G->T, synonymous, -0.0505564170168, 0.2537, 7, 1, 1, 1, 1, 1, FAIL, 39.0, 312.0, 26.0, 77.0, 19.0, 75.0, 13.0, 62.0, 11.0, 45.0, 32.0, 131.0, 32.0, 160.0
12456, B4U62_RS22165, C->T, missense, 1.39337108873, 0.2372, 7, 1, 1, 1, 1, 1, FAIL, 0.0, 727.0, 0.0, 140.0, 0.0, 112.0, 0.0, 106.0, 2.0, 46.0, 87.0, 254.0, 182.0, 285.0
29164, B4U62_RS00140, G->T, synonymous, 3.78926679752, 0.0706, 7, 1, 1, 1, 1, 1, PASS, 2.0, 303.0, 1.0, 46.0, 0.0, 37.0, 2.0, 35.0, 3.0, 16.0, 1.0, 72.0, 1.0, 109.0
29773, B4U62_RS22265, G->T, missense, -2.50734903202, 0.3678, 7, 1, 1, 1, 1, 1, FAIL, 3.0, 286.0, 1.0, 64.0, 4.0, 65.0, 0.0, 77.0, 3.0, 24.0, 1.0, 86.0, 1.0, 132.0
48642, B4U62_RS22380, G->T, synonymous, 1.10546557774, 0.0937, 7, 1, 1, 1, 1, 1, PASS, 2.0, 307.0, 1.0, 75.0, 2.0, 86.0, 0.0, 60.0, 3.0, 24.0, 4.0, 93.0, 2.0, 126.0
67437, B4U62_RS22480, G->T, synonymous, 2.42265885799, 0.0361, 7, 1, 1, 1, 1, 1, PASS, 3.0, 277.0, 0.0, 82.0, 1.0, 67.0, 2.0, 70.0, 3.0, 24.0, 1.0, 146.0, 1.0, 140.0
67540, B4U62_RS22480, C->T, missense, 1.62516855236, 0.0754, 7, 1, 1, 1, 1, 1, PASS, 0.0, 297.0, 0.0, 74.0, 0.0, 76.0, 3.0, 78.0, 6.0, 19.0, 38.0, 139.0, 27.0, 112.0
68500, B4U62_RS00360, G->T, missense, -2.46205607477, 0.4075, 7, 1, 1, 1, 1, 1, FAIL, 3.0, 214.0, 1.0, 36.0, 0.0, 39.0, 1.0, 39.0, 3.0, 17.0, 0.0, 30.0, 2.0, 101.0
82679, B4U62_RS00435, G->T, synonymous, -0.163664229045, 0.3718, 7, 1, 1, 1, 1, 1, FAIL, 9.0, 319.0, 2.0, 65.0, 0.0, 49.0, 1.0, 48.0, 4.0, 30.0, 4.0, 86.0, 4.0, 133.0
103787, B4U62_RS00575, T->A, synonymous, 1.65903408968, 0.0908, 7, 1, 1, 1, 1, 1, PASS, 1.0, 377.0, 0.0, 81.0, 1.0, 91.0, 0.0, 111.0, 20.0, 35.0, 70.0, 170.0, 36.0, 135.0
121904, B4U62_RS00685, G->T, noncoding, -1.44835067412, 0.397, 7, 1, 1, 1, 1, 1, FAIL, 7.0, 319.0, 0.0, 62.0, 0.0, 52.0, 2.0, 59.0, 3.0, 24.0, 0.0, 69.0, 0.0, 100.0
123651, B4U62_RS00685, C->T, synonymous, 0.672003859132, 0.0794, 7, 1, 1, 1, 1, 1, PASS, 1.0, 398.0, 0.0, 125.0, 99.0, 129.0, 134.0, 134.0, 29.0, 30.0, 222.0, 224.0, 182.0, 182.0
149800, B4U62_RS00870, G->T, missense, -0.959337252035, 0.4047, 7, 1, 1, 1, 1, 1, FAIL, 1.0, 295.0, 0.0, 67.0, 1.0, 67.0, 1.0, 79.0, 3.0, 20.0, 2.0, 140.0, 3.0, 105.0
149816, B4U62_RS00870, G->T, missense, -3.96404655612, 0.4098, 7, 1, 1, 1, 1, 1, FAIL, 5.0, 328.0, 1.0, 73.0, 1.0, 69.0, 1.0, 87.0, 3.0, 24.0, 1.0, 152.0, 2.0, 120.0
177034, B4U62_RS01025, T->G, noncoding, 0.043595832981, 0.0832, 7, 1, 1, 1, 1, 1, PASS, 26.0, 214.0, 19.0, 45.0, 10.0, 24.0, 14.0, 43.0, 6.0, 13.0, 16.0, 40.0, 21.0, 66.0
177038, B4U62_RS01025, C->A, noncoding, -0.0429696342387, 0.3716, 7, 1, 1, 1, 1, 1, FAIL, 15.0, 207.0, 10.0, 44.0, 4.0, 24.0, 7.0, 43.0, 3.0, 14.0, 5.0, 39.0, 10.0, 65.0
177038, B4U62_RS01025, C->T, noncoding, -0.116096426825, 0.3685, 7, 1, 1, 1, 1, 1, FAIL, 12.0, 207.0, 8.0, 44.0, 1.0, 24.0, 5.0, 43.0, 3.0, 14.0, 6.0, 39.0, 15.0, 65.0
177038, B4U62_RS01025, C->G, noncoding, 0.0618170647081, 0.2327, 7, 1, 1, 1, 1, 1, FAIL, 13.0, 207.0, 11.0, 44.0, 6.0, 24.0, 8.0, 43.0, 4.0, 14.0, 9.0, 39.0, 7.0, 65.0
177043, B4U62_RS01025, C->A, noncoding, -0.256414147037, 0.3788, 7, 1, 1, 1, 1, 1, FAIL, 12.0, 207.0, 16.0, 43.0, 6.0, 24.0, 4.0, 40.0, 1.0, 13.0, 6.0, 39.0, 11.0, 63.0
177043, B4U62_RS01025, C->T, noncoding, 0.0931832734713, 0.2823, 7, 1, 1, 1, 1, 1, FAIL, 20.0, 207.0, 5.0, 43.0, 2.0, 24.0, 4.0, 40.0, 3.0, 13.0, 7.0, 39.0, 7.0, 63.0
177043, B4U62_RS01025, C->G, noncoding, 0.248033070738, 0.0683, 7, 1, 1, 1, 1, 1, PASS, 5.0, 207.0, 6.0, 43.0, 3.0, 24.0, 8.0, 40.0, 3.0, 13.0, 6.0, 39.0, 12.0, 63.0
177049, B4U62_RS01025, C->A, noncoding, -0.0742341601527, 0.1939, 7, 1, 1, 1, 1, 1, FAIL, 11.0, 197.0, 14.0, 41.0, 5.0, 21.0, 8.0, 37.0, 3.0, 10.0, 9.0, 36.0, 14.0, 60.0
177051, B4U62_RS01025, C->A, noncoding, -0.0904653855349, 0.2344, 7, 1, 1, 1, 1, 1, FAIL, 13.0, 197.0, 14.0, 40.0, 4.0, 21.0, 8.0, 36.0, 3.0, 10.0, 9.0, 36.0, 16.0, 58.0
177051, B4U62_RS01025, C->G, noncoding, 0.0214386107802, 0.3845, 7, 1, 1, 1, 1, 1, FAIL, 8.0, 197.0, 6.0, 40.0, 3.0, 21.0, 4.0, 36.0, 1.0, 10.0, 7.0, 36.0, 5.0, 58.0
177052, B4U62_RS01025, C->A, noncoding, 0.377569328714, 0.1458, 7, 1, 1, 1, 1, 1, FAIL, 9.0, 197.0, 5.0, 40.0, 1.0, 21.0, 4.0, 36.0, 3.0, 10.0, 6.0, 36.0, 4.0, 58.0
177054, B4U62_RS01025, G->C, noncoding, -0.277356445686, 0.3729, 7, 1, 1, 1, 1, 1, FAIL, 7.0, 194.0, 11.0, 40.0, 1.0, 21.0, 4.0, 36.0, 2.0, 9.0, 5.0, 36.0, 5.0, 58.0
177055, B4U62_RS01025, T->G, noncoding, -0.228612130348, 0.3781, 7, 1, 1, 1, 1, 1, FAIL, 14.0, 194.0, 14.0, 40.0, 4.0, 21.0, 8.0, 36.0, 2.0, 9.0, 3.0, 36.0, 9.0, 58.0
177060, B4U62_RS01025, T->A, noncoding, -0.344384861811, 0.3693, 7, 1, 1, 1, 1, 1, FAIL, 18.0, 188.0, 10.0, 40.0, 3.0, 19.0, 2.0, 35.0, 1.0, 9.0, 8.0, 36.0, 7.0, 55.0
177068, B4U62_RS01025, G->A, noncoding, 0.0703413279042, 0.3705, 7, 1, 1, 1, 1, 1, FAIL, 21.0, 186.0, 14.0, 40.0, 3.0, 17.0, 5.0, 33.0, 5.0, 12.0, 7.0, 38.0, 13.0, 53.0
177068, B4U62_RS01025, G->T, noncoding, -2.12284779261, 0.3731, 7, 1, 1, 1, 1, 1, FAIL, 2.0, 186.0, 6.0, 40.0, 1.0, 17.0, 0.0, 33.0, 0.0, 12.0, 4.0, 38.0, 2.0, 53.0
177070, B4U62_RS01025, T->A, noncoding, -0.0442440335999, 0.3778, 7, 1, 1, 1, 1, 1, FAIL, 13.0, 189.0, 8.0, 40.0, 2.0, 19.0, 3.0, 34.0, 2.0, 12.0, 6.0, 39.0, 5.0, 58.0
177070, B4U62_RS01025, T->G, noncoding, 0.226805603059, 0.3026, 7, 1, 1, 1, 1, 1, FAIL, 3.0, 189.0, 4.0, 40.0, 1.0, 19.0, 5.0, 34.0, 1.0, 12.0, 1.0, 39.0, 3.0, 58.0
177071, B4U62_RS01025, C->A, noncoding, 0.0787983459504, 0.0954, 7, 1, 1, 1, 1, 1, PASS, 12.0, 188.0, 11.0, 41.0, 6.0, 19.0, 5.0, 33.0, 3.0, 12.0, 10.0, 40.0, 10.0, 59.0
177072, B4U62_RS01025, C->A, noncoding, -0.564837522283, 0.367, 7, 1, 1, 1, 1, 1, FAIL, 8.0, 188.0, 1.0, 41.0, 3.0, 19.0, 0.0, 33.0, 1.0, 12.0, 4.0, 40.0, 4.0, 59.0
177076, B4U62_RS01025, T->A, noncoding, -0.0721776272482, 0.1811, 7, 1, 1, 1, 1, 1, FAIL, 15.0, 204.0, 19.0, 43.0, 7.0, 19.0, 8.0, 35.0, 5.0, 14.0, 12.0, 48.0, 12.0, 70.0
177078, B4U62_RS01025, C->A, noncoding, -0.163552335396, 0.1967, 7, 1, 1, 1, 1, 1, FAIL, 17.0, 208.0, 21.0, 42.0, 8.0, 21.0, 8.0, 35.0, 6.0, 14.0, 9.0, 52.0, 22.0, 72.0
177081, B4U62_RS01025, T->A, noncoding, -0.0151236917639, 0.3718, 7, 1, 1, 1, 1, 1, FAIL, 23.0, 212.0, 14.0, 42.0, 3.0, 21.0, 10.0, 35.0, 3.0, 14.0, 9.0, 53.0, 13.0, 71.0
177083, B4U62_RS01025, G->T, noncoding, -0.13460005217, 0.2713, 7, 1, 1, 1, 1, 1, FAIL, 8.0, 207.0, 10.0, 40.0, 5.0, 20.0, 6.0, 34.0, 4.0, 14.0, 4.0, 55.0, 14.0, 67.0
177085, B4U62_RS01025, T->A, noncoding, 0.159164296505, 0.3465, 7, 1, 1, 1, 1, 1, FAIL, 4.0, 201.0, 3.0, 40.0, 3.0, 20.0, 1.0, 32.0, 1.0, 14.0, 3.0, 53.0, 3.0, 65.0
177088, B4U62_RS01025, G->T, noncoding, -0.400510419437, 0.2497, 7, 1, 1, 1, 1, 1, FAIL, 12.0, 196.0, 17.0, 37.0, 4.0, 19.0, 6.0, 32.0, 4.0, 14.0, 9.0, 50.0, 15.0, 62.0
177092, B4U62_RS01025, C->G, noncoding, -0.00894098718217, 0.2135, 7, 1, 1, 1, 1, 1, FAIL, 16.0, 198.0, 15.0, 44.0, 6.0, 20.0, 9.0, 32.0, 4.0, 14.0, 9.0, 53.0, 16.0, 64.0
177095, B4U62_RS01025, A->G, noncoding, 0.436434970806, 0.1597, 7, 1, 1, 1, 1, 1, FAIL, 13.0, 215.0, 4.0, 48.0, 0.0, 21.0, 7.0, 33.0, 4.0, 15.0, 6.0, 55.0, 9.0, 69.0
177099, B4U62_RS01025, A->T, noncoding, -0.548561217059, 0.3704, 7, 1, 1, 1, 1, 1, FAIL, 12.0, 245.0, 11.0, 54.0, 1.0, 27.0, 5.0, 45.0, 2.0, 18.0, 7.0, 64.0, 12.0, 77.0
177106, B4U62_RS01025, A->T, noncoding, -0.0411930455223, 0.3344, 7, 1, 1, 1, 1, 1, FAIL, 15.0, 250.0, 14.0, 55.0, 4.0, 33.0, 9.0, 46.0, 4.0, 20.0, 7.0, 63.0, 14.0, 78.0
177107, B4U62_RS01025, C->A, noncoding, -0.212178235855, 0.2636, 7, 1, 1, 1, 1, 1, FAIL, 13.0, 252.0, 21.0, 57.0, 8.0, 37.0, 10.0, 46.0, 3.0, 20.0, 11.0, 65.0, 20.0, 85.0
177125, B4U62_RS01025, A->T, noncoding, -0.21274635402, 0.3777, 7, 1, 1, 1, 1, 1, FAIL, 4.0, 243.0, 8.0, 57.0, 1.0, 37.0, 3.0, 47.0, 2.0, 19.0, 1.0, 70.0, 2.0, 86.0
177129, B4U62_RS01025, G->T, missense, -0.301690405606, 0.3774, 7, 1, 1, 1, 1, 1, FAIL, 8.0, 246.0, 13.0, 58.0, 4.0, 35.0, 5.0, 47.0, 1.0, 18.0, 7.0, 70.0, 10.0, 87.0
177137, B4U62_RS01025, G->T, synonymous, -0.581071331919, 0.3792, 7, 1, 1, 1, 1, 1, FAIL, 5.0, 244.0, 9.0, 53.0, 1.0, 32.0, 4.0, 45.0, 0.0, 18.0, 4.0, 69.0, 8.0, 82.0
177257, B4U62_RS01025, C->A, synonymous, 0.0517565582435, 0.38, 7, 1, 1, 1, 1, 1, FAIL, 14.0, 228.0, 1.0, 40.0, 4.0, 39.0, 4.0, 53.0, 5.0, 21.0, 10.0, 92.0, 8.0, 66.0
177265, B4U62_RS01025, G->C, missense, 0.0190262304061, 0.3826, 7, 1, 1, 1, 1, 1, FAIL, 3.0, 237.0, 2.0, 46.0, 6.0, 40.0, 2.0, 59.0, 3.0, 23.0, 4.0, 93.0, 3.0, 72.0
177275, B4U62_RS01025, C->A, synonymous, 0.094935101459, 0.379, 7, 1, 1, 1, 1, 1, FAIL, 7.0, 236.0, 2.0, 51.0, 8.0, 50.0, 3.0, 61.0, 5.0, 25.0, 8.0, 96.0, 11.0, 78.0
177276, B4U62_RS01025, G->T, synonymous, -0.213391851655, 0.4053, 7, 1, 1, 1, 1, 1, FAIL, 5.0, 237.0, 3.0, 51.0, 3.0, 50.0, 2.0, 60.0, 4.0, 25.0, 7.0, 95.0, 3.0, 78.0
191856, B4U62_RS01080, C->A, missense, -0.994041260695, 0.3814, 7, 1, 1, 1, 1, 1, FAIL, 7.0, 251.0, 3.0, 55.0, 0.0, 69.0, 0.0, 83.0, 4.0, 26.0, 6.0, 179.0, 3.0, 139.0
195938, B4U62_RS01130, G->T, missense, -3.40125192816, 0.3812, 7, 1, 1, 1, 1, 1, FAIL, 4.0, 459.0, 1.0, 112.0, 6.0, 110.0, 0.0, 122.0, 4.0, 34.0, 3.0, 279.0, 0.0, 177.0
218422, B4U62_RS01230, G->T, missense, 0.0530934337208, 0.3848, 7, 1, 1, 1, 1, 1, FAIL, 9.0, 345.0, 4.0, 74.0, 0.0, 73.0, 5.0, 73.0, 4.0, 29.0, 6.0, 121.0, 3.0, 111.0
218455, B4U62_RS01230, C->A, synonymous, -0.016898399065, 0.3698, 7, 1, 1, 1, 1, 1, FAIL, 42.0, 345.0, 16.0, 97.0, 17.0, 83.0, 20.0, 78.0, 4.0, 31.0, 38.0, 134.0, 20.0, 114.0
218466, B4U62_RS01230, G->C, missense, 0.0927863079018, 0.0396, 7, 1, 1, 1, 1, 1, PASS, 33.0, 315.0, 10.0, 83.0, 13.0, 71.0, 12.0, 62.0, 7.0, 25.0, 18.0, 119.0, 19.0, 102.0
218466, B4U62_RS01230, G->T, nonsense, -0.0187344796243, 0.3808, 7, 1, 1, 1, 1, 1, FAIL, 21.0, 315.0, 12.0, 83.0, 14.0, 71.0, 9.0, 62.0, 2.0, 25.0, 26.0, 119.0, 8.0, 102.0
218475, B4U62_RS01230, A->C, missense, 0.027740001433, 0.1185, 7, 1, 1, 1, 1, 1, FAIL, 35.0, 295.0, 11.0, 80.0, 15.0, 66.0, 11.0, 65.0, 7.0, 25.0, 22.0, 119.0, 12.0, 95.0
218613, B4U62_RS01230, C->A, synonymous, 0.00533943568593, 0.3752, 7, 1, 1, 1, 1, 1, FAIL, 58.0, 370.0, 11.0, 77.0, 10.0, 104.0, 9.0, 86.0, 10.0, 37.0, 22.0, 118.0, 19.0, 142.0
218657, B4U62_RS01230, C->A, synonymous, -0.0381479341898, 0.39, 7, 1, 1, 1, 1, 1, FAIL, 19.0, 405.0, 4.0, 93.0, 5.0, 99.0, 3.0, 94.0, 5.0, 33.0, 8.0, 135.0, 6.0, 136.0
231607, B4U62_RS01310, G->T, missense, -6.01597549213, 0.3955, 7, 1, 1, 1, 1, 1, FAIL, 7.0, 354.0, 1.0, 81.0, 2.0, 58.0, 2.0, 60.0, 4.0, 22.0, 1.0, 212.0, 2.0, 132.0
231668, B4U62_RS01310, T->C, missense, 1.25076861565, 0.0939, 7, 1, 1, 1, 1, 1, PASS, 0.0, 349.0, 0.0, 72.0, 0.0, 61.0, 25.0, 61.0, 20.0, 23.0, 177.0, 197.0, 107.0, 108.0
234992, B4U62_RS01320, C->A, missense, -5.56380797101, 0.3981, 7, 1, 1, 1, 1, 1, FAIL, 5.0, 327.0, 2.0, 100.0, 1.0, 78.0, 1.0, 94.0, 3.0, 20.0, 1.0, 184.0, 2.0, 144.0
254929, intergenic, C->A, noncoding, -3.51931834287, 0.3938, 7, 1, 1, 1, 1, 1, FAIL, 2.0, 251.0, 0.0, 52.0, 0.0, 49.0, 2.0, 65.0, 3.0, 23.0, 2.0, 92.0, 2.0, 99.0
281345, B4U62_RS01555, C->A, missense, -11.3492063492, 0.4285, 7, 1, 1, 1, 1, 1, FAIL, 2.0, 242.0, 1.0, 79.0, 1.0, 73.0, 0.0, 79.0, 3.0, 21.0, 2.0, 143.0, 0.0, 141.0
285130, B4U62_RS01580, G->T, synonymous, 1.15144211761, 0.1877, 7, 1, 1, 1, 1, 1, FAIL, 3.0, 455.0, 1.0, 172.0, 1.0, 162.0, 1.0, 142.0, 1.0, 64.0, 115.0, 302.0, 156.0, 242.0
319998, B4U62_RS01760, G->A, missense, 1.27870513181, 0.1019, 7, 1, 1, 1, 1, 1, FAIL, 0.0, 305.0, 0.0, 96.0, 0.0, 93.0, 1.0, 91.0, 9.0, 37.0, 55.0, 191.0, 39.0, 150.0
326494, B4U62_RS01790, C->A, missense, -0.108172135452, 0.3936, 7, 1, 1, 1, 1, 1, FAIL, 20.0, 287.0, 2.0, 86.0, 4.0, 100.0, 3.0, 98.0, 6.0, 30.0, 9.0, 172.0, 12.0, 158.0
342344, B4U62_RS01870, G->T, missense, -1.53421369397, 0.4064, 7, 1, 1, 1, 1, 1, FAIL, 7.0, 303.0, 2.0, 88.0, 0.0, 90.0, 1.0, 80.0, 3.0, 22.0, 1.0, 209.0, 1.0, 151.0
358531, B4U62_RS01940, C->A, nonsense, -5.49273246087, 0.4146, 7, 1, 1, 1, 1, 1, FAIL, 3.0, 311.0, 1.0, 90.0, 0.0, 101.0, 0.0, 107.0, 5.0, 40.0, 0.0, 167.0, 2.0, 159.0
359333, B4U62_RS01940, C->A, synonymous, -6.86666666667, 0.4023, 7, 1, 1, 1, 1, 1, FAIL, 5.0, 339.0, 2.0, 112.0, 1.0, 94.0, 0.0, 75.0, 3.0, 24.0, 2.0, 174.0, 2.0, 126.0
409159, intergenic, C->A, noncoding, 0.966018965255, 0.0903, 7, 1, 1, 1, 1, 1, PASS, 2.0, 229.0, 1.0, 76.0, 0.0, 80.0, 0.0, 97.0, 3.0, 24.0, 2.0, 106.0, 6.0, 139.0
421622, B4U62_RS02140, A->T, missense, -9.92, 0.4062, 7, 1, 1, 1, 1, 1, FAIL, 3.0, 340.0, 0.0, 98.0, 1.0, 102.0, 2.0, 106.0, 3.0, 25.0, 1.0, 176.0, 1.0, 154.0
445192, B4U62_RS02260, G->T, missense, -6.68961139459, 0.406, 7, 1, 1, 1, 1, 1, FAIL, 2.0, 295.0, 2.0, 97.0, 1.0, 101.0, 0.0, 86.0, 3.0, 24.0, 0.0, 131.0, 1.0, 126.0
445226, B4U62_RS02260, G->T, synonymous, -1.3488616423, 0.3999, 7, 1, 1, 1, 1, 1, FAIL, 9.0, 283.0, 3.0, 81.0, 0.0, 89.0, 2.0, 65.0, 3.0, 22.0, 1.0, 118.0, 3.0, 110.0
456629, B4U62_RS02330, G->T, synonymous, -7.60043441969, 0.4101, 7, 1, 1, 1, 1, 1, FAIL, 2.0, 315.0, 1.0, 77.0, 0.0, 83.0, 1.0, 74.0, 3.0, 22.0, 2.0, 129.0, 0.0, 144.0
479177, B4U62_RS02445, A->C, synonymous, 0.344552341644, 0.0916, 7, 1, 1, 1, 1, 1, PASS, 7.0, 292.0, 2.0, 80.0, 3.0, 64.0, 2.0, 88.0, 3.0, 22.0, 4.0, 144.0, 4.0, 145.0
490575, B4U62_RS02480, G->T, synonymous, 0.0321428450876, 0.3579, 7, 1, 1, 1, 1, 1, FAIL, 36.0, 250.0, 12.0, 66.0, 7.0, 52.0, 17.0, 81.0, 3.0, 18.0, 29.0, 90.0, 28.0, 105.0
490579, B4U62_RS02480, G->T, nonsense, 0.0035802027711, 0.3858, 7, 1, 1, 1, 1, 1, FAIL, 40.0, 243.0, 17.0, 67.0, 7.0, 52.0, 23.0, 80.0, 7.0, 18.0, 24.0, 87.0, 24.0, 106.0
490638, B4U62_RS02485, G->T, missense, -1.58534696691, 0.3897, 7, 1, 1, 1, 1, 1, FAIL, 10.0, 248.0, 2.0, 75.0, 4.0, 53.0, 1.0, 81.0, 4.0, 21.0, 2.0, 68.0, 2.0, 102.0
490648, B4U62_RS02485, G->T, missense, -0.232446018047, 0.3864, 7, 1, 1, 1, 1, 1, FAIL, 21.0, 252.0, 3.0, 80.0, 4.0, 55.0, 3.0, 82.0, 4.0, 22.0, 4.0, 72.0, 4.0, 106.0
490655, B4U62_RS02485, C->A, synonymous, -0.342747402928, 0.3905, 7, 1, 1, 1, 1, 1, FAIL, 15.0, 246.0, 6.0, 77.0, 10.0, 56.0, 3.0, 80.0, 3.0, 21.0, 3.0, 70.0, 9.0, 96.0
490670, B4U62_RS02485, C->A, missense, -0.237864277131, 0.3778, 7, 1, 1, 1, 1, 1, FAIL, 12.0, 249.0, 3.0, 76.0, 5.0, 60.0, 2.0, 77.0, 4.0, 23.0, 4.0, 71.0, 5.0, 101.0
490699, B4U62_RS02485, C->A, missense, -0.0386263400024, 0.3814, 7, 1, 1, 1, 1, 1, FAIL, 8.0, 200.0, 3.0, 56.0, 5.0, 56.0, 2.0, 55.0, 3.0, 18.0, 1.0, 45.0, 5.0, 80.0
490732, B4U62_RS02485, C->A, missense, -4.00735294118, 0.3949, 7, 1, 1, 1, 1, 1, FAIL, 7.0, 278.0, 2.0, 70.0, 2.0, 65.0, 0.0, 69.0, 3.0, 24.0, 0.0, 71.0, 3.0, 104.0
492258, B4U62_RS02495, T->A, missense, 0.720551655715, 0.3849, 7, 1, 1, 1, 1, 1, FAIL, 0.0, 324.0, 0.0, 78.0, 1.0, 91.0, 1.0, 94.0, 8.0, 28.0, 61.0, 176.0, 3.0, 122.0
492462, B4U62_RS02495, C->T, missense, 0.535567747549, 0.1132, 7, 1, 1, 1, 1, 1, FAIL, 3.0, 379.0, 53.0, 75.0, 88.0, 89.0, 92.0, 92.0, 43.0, 43.0, 149.0, 150.0, 135.0, 135.0
492485, B4U62_RS02495, G->A, noncoding, 0.669737889212, 0.3252, 7, 1, 1, 1, 1, 1, FAIL, 145.0, 382.0, 78.0, 78.0, 85.0, 85.0, 99.0, 99.0, 40.0, 40.0, 169.0, 169.0, 147.0, 147.0
494695, B4U62_RS02515, G->T, nonsense, 0.0913131381447, 0.3332, 7, 1, 1, 1, 1, 1, FAIL, 6.0, 151.0, 5.0, 35.0, 3.0, 34.0, 5.0, 38.0, 2.0, 11.0, 4.0, 58.0, 7.0, 67.0
494746, B4U62_RS02515, G->T, synonymous, 0.0294224553524, 0.387, 7, 1, 1, 1, 1, 1, FAIL, 3.0, 141.0, 5.0, 32.0, 4.0, 24.0, 3.0, 34.0, 1.0, 5.0, 5.0, 56.0, 1.0, 44.0
494789, B4U62_RS02515, G->T, missense, 0.182275372862, 0.0897, 7, 1, 1, 1, 1, 1, PASS, 2.0, 133.0, 7.0, 38.0, 2.0, 22.0, 5.0, 36.0, 3.0, 7.0, 10.0, 56.0, 7.0, 38.0
507981, B4U62_RS02595, C->A, nonsense, 0.00819363405766, 0.3925, 7, 1, 1, 1, 1, 1, FAIL, 32.0, 316.0, 28.0, 121.0, 16.0, 89.0, 10.0, 92.0, 1.0, 32.0, 15.0, 113.0, 19.0, 165.0
508009, B4U62_RS02595, C->A, missense, -0.0163593210032, 0.377, 7, 1, 1, 1, 1, 1, FAIL, 45.0, 308.0, 32.0, 106.0, 21.0, 83.0, 18.0, 83.0, 5.0, 27.0, 16.0, 99.0, 29.0, 152.0
519014, B4U62_RS02655, C->T, synonymous, 2.03080212483, 0.062, 7, 1, 1, 1, 1, 1, PASS, 0.0, 405.0, 0.0, 99.0, 0.0, 106.0, 4.0, 100.0, 7.0, 39.0, 13.0, 205.0, 1.0, 190.0
534397, B4U62_RS02800, G->T, nonsense, -4.8650204223, 0.3943, 7, 1, 1, 1, 1, 1, FAIL, 4.0, 296.0, 1.0, 82.0, 2.0, 72.0, 0.0, 70.0, 4.0, 21.0, 0.0, 120.0, 0.0, 103.0
534665, B4U62_RS02800, T->G, missense, 0.917479770879, 0.1272, 7, 1, 1, 1, 1, 1, FAIL, 0.0, 287.0, 4.0, 93.0, 1.0, 60.0, 0.0, 77.0, 3.0, 19.0, 0.0, 135.0, 2.0, 142.0
534685, B4U62_RS02800, G->T, nonsense, 0.0775873660391, 0.271, 7, 1, 1, 1, 1, 1, FAIL, 10.0, 286.0, 7.0, 110.0, 3.0, 58.0, 5.0, 82.0, 4.0, 26.0, 10.0, 146.0, 7.0, 156.0
537311, B4U62_RS02825, C->A, synonymous, 0.364316699024, 0.1904, 7, 1, 1, 1, 1, 1, FAIL, 4.0, 439.0, 0.0, 81.0, 3.0, 102.0, 1.0, 88.0, 3.0, 26.0, 1.0, 170.0, 2.0, 148.0
561358, intergenic, G->T, noncoding, 0.270694075652, 0.3174, 7, 1, 1, 1, 1, 1, FAIL, 15.0, 253.0, 2.0, 40.0, 1.0, 40.0, 0.0, 39.0, 3.0, 14.0, 4.0, 59.0, 7.0, 61.0
572763, B4U62_RS03005, T->G, synonymous, 0.619930249332, 0.2273, 7, 1, 1, 1, 1, 1, FAIL, 2.0, 246.0, 1.0, 67.0, 0.0, 67.0, 0.0, 71.0, 3.0, 26.0, 4.0, 99.0, 0.0, 129.0
595818, B4U62_RS03140, C->T, missense, 1.53159067117, 0.0991, 7, 1, 1, 1, 1, 1, PASS, 0.0, 392.0, 0.0, 120.0, 0.0, 105.0, 0.0, 110.0, 15.0, 36.0, 56.0, 177.0, 57.0, 207.0
606102, B4U62_RS03215, C->A, missense, -1.6287528112, 0.4047, 7, 1, 1, 1, 1, 1, FAIL, 3.0, 278.0, 0.0, 51.0, 2.0, 61.0, 0.0, 65.0, 3.0, 23.0, 3.0, 159.0, 1.0, 97.0
609506, B4U62_RS03235, C->A, synonymous, 0.0075156482305, 0.3997, 7, 1, 1, 1, 1, 1, FAIL, 39.0, 465.0, 11.0, 129.0, 8.0, 146.0, 9.0, 140.0, 12.0, 57.0, 22.0, 219.0, 15.0, 212.0
615521, B4U62_RS03255, C->A, missense, -2.15498721387, 0.3914, 7, 1, 1, 1, 1, 1, FAIL, 2.0, 238.0, 0.0, 55.0, 3.0, 69.0, 0.0, 58.0, 3.0, 17.0, 1.0, 99.0, 2.0, 95.0
628880, B4U62_RS03330, G->T, missense, -0.41750273031, 0.3907, 7, 1, 1, 1, 1, 1, FAIL, 1.0, 246.0, 1.0, 62.0, 0.0, 61.0, 2.0, 62.0, 3.0, 23.0, 0.0, 104.0, 2.0, 110.0
631446, B4U62_RS03340, C->A, synonymous, 0.774941948957, 0.0837, 7, 1, 1, 1, 1, 1, PASS, 3.0, 535.0, 0.0, 140.0, 0.0, 136.0, 2.0, 143.0, 4.0, 31.0, 4.0, 284.0, 6.0, 250.0
644836, B4U62_RS03420, C->A, missense, 1.20143038024, 0.0484, 7, 1, 1, 1, 1, 1, PASS, 6.0, 399.0, 3.0, 64.0, 1.0, 84.0, 1.0, 98.0, 3.0, 23.0, 2.0, 135.0, 3.0, 154.0
665497, B4U62_RS03535, C->G, missense, 0.0501775985536, 0.3878, 7, 1, 1, 1, 1, 1, FAIL, 3.0, 181.0, 5.0, 50.0, 4.0, 43.0, 2.0, 38.0, 1.0, 13.0, 5.0, 85.0, 12.0, 62.0
665500, B4U62_RS03535, C->G, missense, 0.117496115546, 0.3585, 7, 1, 1, 1, 1, 1, FAIL, 1.0, 180.0, 2.0, 47.0, 3.0, 39.0, 2.0, 39.0, 1.0, 13.0, 5.0, 85.0, 9.0, 56.0
665504, B4U62_RS03535, T->G, missense, 0.0688120187494, 0.3055, 7, 1, 1, 1, 1, 1, FAIL, 3.0, 183.0, 9.0, 47.0, 4.0, 38.0, 4.0, 37.0, 3.0, 12.0, 8.0, 82.0, 10.0, 53.0
665508, B4U62_RS03535, C->G, missense, 0.152070548829, 0.0792, 7, 1, 1, 1, 1, 1, PASS, 0.0, 181.0, 4.0, 47.0, 8.0, 37.0, 8.0, 37.0, 3.0, 12.0, 9.0, 83.0, 8.0, 53.0
665510, B4U62_RS03535, T->G, synonymous, 0.375777131848, 0.1122, 7, 1, 1, 1, 1, 1, FAIL, 1.0, 183.0, 4.0, 47.0, 4.0, 37.0, 7.0, 39.0, 1.0, 12.0, 6.0, 83.0, 5.0, 52.0
665511, B4U62_RS03535, C->G, missense, 0.388044503415, 0.0518, 7, 1, 1, 1, 1, 1, PASS, 1.0, 183.0, 3.0, 47.0, 6.0, 37.0, 5.0, 39.0, 3.0, 12.0, 6.0, 82.0, 9.0, 52.0
665523, B4U62_RS03535, C->A, missense, -1.0900738449, 0.3934, 7, 1, 1, 1, 1, 1, FAIL, 1.0, 173.0, 2.0, 45.0, 7.0, 37.0, 3.0, 43.0, 0.0, 19.0, 7.0, 88.0, 5.0, 49.0
665531, B4U62_RS03535, C->G, synonymous, -0.0441636709835, 0.3548, 7, 1, 1, 1, 1, 1, FAIL, 0.0, 185.0, 2.0, 47.0, 3.0, 38.0, 6.0, 48.0, 3.0, 19.0, 6.0, 89.0, 6.0, 55.0
665538, B4U62_RS03535, A->T, missense, -1.38452649362, 0.3922, 7, 1, 1, 1, 1, 1, FAIL, 0.0, 191.0, 1.0, 48.0, 5.0, 38.0, 2.0, 56.0, 0.0, 19.0, 2.0, 106.0, 3.0, 66.0
665541, B4U62_RS03535, C->A, missense, -1.33372084867, 0.3773, 7, 1, 1, 1, 1, 1, FAIL, 0.0, 196.0, 2.0, 50.0, 6.0, 39.0, 1.0, 60.0, 1.0, 19.0, 4.0, 111.0, 4.0, 72.0
665544, B4U62_RS03535, C->G, missense, -0.417276013111, 0.3893, 7, 1, 1, 1, 1, 1, FAIL, 0.0, 194.0, 2.0, 48.0, 5.0, 36.0, 4.0, 58.0, 2.0, 19.0, 4.0, 113.0, 3.0, 74.0
674599, B4U62_RS03570, G->T, missense, -4.14545182984, 0.4058, 7, 1, 1, 1, 1, 1, FAIL, 2.0, 349.0, 0.0, 106.0, 0.0, 90.0, 0.0, 89.0, 3.0, 27.0, 2.0, 169.0, 2.0, 161.0
679871, B4U62_RS03595, G->T, nonsense, 0.0445873432358, 0.2936, 7, 1, 1, 1, 1, 1, FAIL, 29.0, 355.0, 7.0, 71.0, 7.0, 74.0, 12.0, 100.0, 5.0, 23.0, 12.0, 107.0, 13.0, 127.0
679889, B4U62_RS03595, A->T, synonymous, -1.83869906002, 0.3936, 7, 1, 1, 1, 1, 1, FAIL, 6.0, 341.0, 0.0, 71.0, 0.0, 65.0, 1.0, 96.0, 3.0, 22.0, 1.0, 102.0, 3.0, 118.0
701673, B4U62_RS03700, G->T, missense, 0.540110159955, 0.1229, 7, 1, 1, 1, 1, 1, FAIL, 2.0, 255.0, 0.0, 92.0, 0.0, 84.0, 1.0, 83.0, 3.0, 24.0, 3.0, 122.0, 1.0, 115.0
716368, B4U62_RS03765, G->T, missense, -0.0872676226417, 0.4099, 7, 1, 1, 1, 1, 1, FAIL, 1.0, 295.0, 0.0, 76.0, 0.0, 51.0, 2.0, 73.0, 3.0, 17.0, 0.0, 123.0, 2.0, 109.0
724069, intergenic, G->T, noncoding, -2.43258117777, 0.4017, 7, 1, 1, 1, 1, 1, FAIL, 3.0, 316.0, 0.0, 76.0, 0.0, 54.0, 0.0, 67.0, 3.0, 23.0, 2.0, 115.0, 2.0, 119.0
726185, intergenic, G->T, noncoding, 0.0935634161618, 0.3056, 7, 1, 1, 1, 1, 1, FAIL, 12.0, 275.0, 3.0, 67.0, 3.0, 45.0, 6.0, 68.0, 5.0, 23.0, 7.0, 102.0, 5.0, 101.0
726192, intergenic, C->A, noncoding, -0.000338634858451, 0.3707, 7, 1, 1, 1, 1, 1, FAIL, 29.0, 268.0, 10.0, 66.0, 5.0, 43.0, 8.0, 70.0, 6.0, 25.0, 21.0, 103.0, 10.0, 100.0
726198, intergenic, C->A, noncoding, 0.0714740649594, 0.1766, 7, 1, 1, 1, 1, 1, FAIL, 28.0, 265.0, 10.0, 66.0, 6.0, 43.0, 13.0, 71.0, 7.0, 26.0, 25.0, 102.0, 18.0, 101.0
726209, intergenic, T->G, noncoding, -0.35562696113, 0.3901, 7, 1, 1, 1, 1, 1, FAIL, 8.0, 262.0, 2.0, 63.0, 5.0, 38.0, 1.0, 73.0, 1.0, 23.0, 0.0, 98.0, 3.0, 93.0
726212, intergenic, A->C, noncoding, -0.86913023199, 0.3932, 7, 1, 1, 1, 1, 1, FAIL, 11.0, 255.0, 1.0, 60.0, 3.0, 37.0, 0.0, 71.0, 3.0, 20.0, 2.0, 97.0, 4.0, 85.0
726214, intergenic, C->A, noncoding, 0.0918981027955, 0.3914, 7, 1, 1, 1, 1, 1, FAIL, 10.0, 255.0, 6.0, 60.0, 4.0, 36.0, 4.0, 70.0, 3.0, 19.0, 4.0, 97.0, 1.0, 85.0
735907, B4U62_RS03835, A->C, missense, -0.426552274867, 0.3972, 7, 1, 1, 1, 1, 1, FAIL, 18.0, 349.0, 7.0, 105.0, 7.0, 114.0, 6.0, 102.0, 9.0, 43.0, 8.0, 201.0, 19.0, 195.0
737215, B4U62_RS03840, A->C, synonymous, 0.0, 0.35, 7, 1, 1, 1, 1, 1, FAIL, 2.0, 229.0, 0.0, 49.0, 0.0, 53.0, 0.0, 61.0, 3.0, 25.0, 2.0, 130.0, 1.0, 124.0
748696, B4U62_RS03890, C->A, missense, -3.81747540388, 0.3995, 7, 1, 1, 1, 1, 1, FAIL, 4.0, 226.0, 2.0, 60.0, 0.0, 77.0, 0.0, 70.0, 3.0, 18.0, 1.0, 134.0, 0.0, 104.0
763522, B4U62_RS03980, T->G, missense, -1.28490758188, 0.3866, 7, 1, 1, 1, 1, 1, FAIL, 5.0, 229.0, 4.0, 58.0, 1.0, 55.0, 0.0, 61.0, 3.0, 19.0, 1.0, 119.0, 5.0, 98.0
779491, B4U62_RS04040, G->T, noncoding, -1.68249795628, 0.4066, 7, 1, 1, 1, 1, 1, FAIL, 1.0, 228.0, 1.0, 60.0, 2.0, 68.0, 1.0, 77.0, 3.0, 15.0, 4.0, 111.0, 2.0, 79.0
779503, B4U62_RS04040, G->T, noncoding, -10.7291666667, 0.3914, 7, 1, 1, 1, 1, 1, FAIL, 4.0, 208.0, 1.0, 57.0, 1.0, 58.0, 1.0, 68.0, 3.0, 12.0, 2.0, 90.0, 0.0, 70.0
793142, B4U62_RS04115, T->G, synonymous, -2.08008815093, 0.3801, 7, 1, 1, 1, 1, 1, FAIL, 2.0, 303.0, 5.0, 91.0, 3.0, 108.0, 0.0, 118.0, 3.0, 25.0, 0.0, 232.0, 2.0, 169.0
808369, B4U62_RS04165, C->A, synonymous, -4.46336206897, 0.4119, 7, 1, 1, 1, 1, 1, FAIL, 2.0, 348.0, 1.0, 115.0, 2.0, 92.0, 1.0, 105.0, 4.0, 32.0, 4.0, 234.0, 3.0, 179.0
812193, B4U62_RS04185, G->T, missense, 0.172581848464, 0.2642, 7, 1, 1, 1, 1, 1, FAIL, 11.0, 318.0, 2.0, 104.0, 2.0, 66.0, 3.0, 95.0, 4.0, 29.0, 2.0, 182.0, 0.0, 142.0
824774, B4U62_RS04250, C->A, missense, 0.0107915012879, 0.3953, 7, 1, 1, 1, 1, 1, FAIL, 16.0, 276.0, 3.0, 63.0, 4.0, 69.0, 5.0, 59.0, 5.0, 29.0, 13.0, 155.0, 6.0, 105.0
826687, B4U62_RS04255, C->A, missense, 0.084405727823, 0.0529, 7, 1, 1, 1, 1, 1, PASS, 19.0, 349.0, 12.0, 70.0, 16.0, 79.0, 9.0, 67.0, 10.0, 39.0, 25.0, 178.0, 23.0, 153.0
830232, B4U62_RS04280, C->A, synonymous, 2.81633438431, 0.0709, 7, 1, 1, 1, 1, 1, PASS, 2.0, 321.0, 0.0, 83.0, 0.0, 79.0, 2.0, 74.0, 3.0, 24.0, 0.0, 151.0, 1.0, 146.0
838977, B4U62_RS04325, C->A, noncoding, 0.420438905534, 0.2174, 7, 1, 1, 1, 1, 1, FAIL, 3.0, 273.0, 0.0, 59.0, 2.0, 57.0, 0.0, 63.0, 3.0, 24.0, 2.0, 108.0, 1.0, 130.0
852303, B4U62_RS04395, T->G, missense, -5.03858507299, 0.4099, 7, 1, 1, 1, 1, 1, FAIL, 2.0, 313.0, 0.0, 94.0, 0.0, 78.0, 1.0, 83.0, 3.0, 18.0, 0.0, 182.0, 3.0, 152.0
857847, B4U62_RS04410, T->G, synonymous, -1.37606150909, 0.4065, 7, 1, 1, 1, 1, 1, FAIL, 5.0, 318.0, 3.0, 72.0, 2.0, 91.0, 0.0, 92.0, 3.0, 23.0, 3.0, 183.0, 2.0, 135.0
881156, B4U62_RS04530, T->A, synonymous, -1.5189289012, 0.3968, 7, 1, 1, 1, 1, 1, FAIL, 8.0, 184.0, 1.0, 41.0, 1.0, 57.0, 2.0, 61.0, 3.0, 19.0, 6.0, 111.0, 4.0, 77.0
882974, intergenic, A->C, noncoding, -5.34540169363, 0.4127, 7, 1, 1, 1, 1, 1, FAIL, 4.0, 263.0, 0.0, 92.0, 1.0, 86.0, 1.0, 101.0, 3.0, 26.0, 3.0, 197.0, 1.0, 157.0
891420, B4U62_RS04585, C->A, noncoding, -0.892705881545, 0.4086, 7, 1, 1, 1, 1, 1, FAIL, 4.0, 285.0, 1.0, 75.0, 0.0, 57.0, 2.0, 89.0, 3.0, 26.0, 1.0, 161.0, 0.0, 130.0
927943, B4U62_RS04755, C->T, missense, 1.14190850944, 0.0709, 7, 1, 1, 1, 1, 1, PASS, 1.0, 386.0, 0.0, 80.0, 0.0, 88.0, 49.0, 116.0, 41.0, 41.0, 190.0, 191.0, 152.0, 152.0
965045, B4U62_RS05015, C->A, missense, -0.160731226782, 0.4019, 7, 1, 1, 1, 1, 1, FAIL, 16.0, 234.0, 4.0, 74.0, 3.0, 78.0, 3.0, 89.0, 6.0, 33.0, 8.0, 147.0, 9.0, 131.0
967906, B4U62_RS05045, T->A, noncoding, 1.08417016296, 0.0727, 7, 1, 1, 1, 1, 1, PASS, 1.0, 230.0, 0.0, 65.0, 0.0, 54.0, 40.0, 75.0, 16.0, 16.0, 105.0, 106.0, 112.0, 112.0
985321, B4U62_RS05155, C->G, synonymous, -0.334696134458, 0.3962, 7, 1, 1, 1, 1, 1, FAIL, 13.0, 288.0, 1.0, 75.0, 2.0, 67.0, 1.0, 73.0, 3.0, 21.0, 2.0, 127.0, 1.0, 150.0
992619, B4U62_RS05190, G->T, missense, -2.65075129371, 0.3948, 7, 1, 1, 1, 1, 1, FAIL, 0.0, 219.0, 2.0, 72.0, 3.0, 74.0, 0.0, 78.0, 3.0, 24.0, 0.0, 155.0, 2.0, 129.0
996672, B4U62_RS05205, G->T, noncoding, -2.24334754324, 0.4212, 7, 1, 1, 1, 1, 1, FAIL, 2.0, 331.0, 2.0, 81.0, 1.0, 87.0, 1.0, 113.0, 4.0, 33.0, 1.0, 125.0, 4.0, 144.0
1003766, B4U62_RS05240, C->A, missense, -1.89947236879, 0.397, 7, 1, 1, 1, 1, 1, FAIL, 3.0, 277.0, 1.0, 69.0, 0.0, 65.0, 2.0, 88.0, 3.0, 26.0, 2.0, 156.0, 1.0, 107.0
1011045, B4U62_RS05270, C->A, missense, -0.597315657898, 0.3979, 7, 1, 1, 1, 1, 1, FAIL, 7.0, 331.0, 4.0, 101.0, 4.0, 97.0, 1.0, 91.0, 4.0, 23.0, 2.0, 121.0, 4.0, 144.0
1015667, B4U62_RS05290, C->A, noncoding, -0.197636955157, 0.387, 7, 1, 1, 1, 1, 1, FAIL, 6.0, 287.0, 3.0, 72.0, 1.0, 80.0, 2.0, 80.0, 4.0, 30.0, 2.0, 102.0, 1.0, 121.0
1018208, B4U62_RS05300, T->G, missense, -2.13900946412, 0.3932, 7, 1, 1, 1, 1, 1, FAIL, 3.0, 287.0, 1.0, 81.0, 2.0, 70.0, 0.0, 78.0, 3.0, 26.0, 1.0, 160.0, 2.0, 150.0
1018847, intergenic, G->T, noncoding, 1.07337557513, 0.3182, 7, 1, 1, 1, 1, 1, FAIL, 2.0, 214.0, 0.0, 39.0, 2.0, 28.0, 1.0, 46.0, 3.0, 21.0, 0.0, 39.0, 0.0, 63.0
1027795, B4U62_RS05335, G->T, noncoding, -2.68422761579, 0.402, 7, 1, 1, 1, 1, 1, FAIL, 7.0, 331.0, 0.0, 101.0, 1.0, 83.0, 2.0, 95.0, 5.0, 39.0, 0.0, 134.0, 2.0, 157.0
1034020, B4U62_RS05375, C->A, noncoding, -3.61074874213, 0.4128, 7, 1, 1, 1, 1, 1, FAIL, 3.0, 304.0, 1.0, 64.0, 0.0, 71.0, 1.0, 70.0, 3.0, 21.0, 1.0, 157.0, 2.0, 130.0
1039359, B4U62_RS05410, C->A, synonymous, 0.0381947337728, 0.3865, 7, 1, 1, 1, 1, 1, FAIL, 12.0, 301.0, 3.0, 81.0, 3.0, 87.0, 14.0, 87.0, 2.0, 26.0, 10.0, 132.0, 10.0, 174.0
1039369, B4U62_RS05410, C->A, missense, 0.498509219409, 0.0272, 7, 1, 1, 1, 1, 1, PASS, 3.0, 301.0, 2.0, 77.0, 5.0, 87.0, 6.0, 87.0, 5.0, 25.0, 5.0, 132.0, 7.0, 174.0
1040985, B4U62_RS05420, C->T, missense, 0.651759965549, 0.3156, 7, 1, 1, 1, 1, 1, FAIL, 132.0, 350.0, 61.0, 62.0, 82.0, 84.0, 83.0, 83.0, 38.0, 38.0, 134.0, 135.0, 144.0, 146.0
1046003, B4U62_RS05445, G->T, nonsense, 0.369950240508, 0.2053, 7, 1, 1, 1, 1, 1, FAIL, 2.0, 338.0, 2.0, 78.0, 0.0, 65.0, 0.0, 80.0, 3.0, 25.0, 1.0, 210.0, 2.0, 130.0
1046151, B4U62_RS05445, T->G, missense, -2.75326446826, 0.4129, 7, 1, 1, 1, 1, 1, FAIL, 5.0, 244.0, 0.0, 63.0, 1.0, 52.0, 0.0, 73.0, 3.0, 21.0, 1.0, 137.0, 2.0, 105.0
1048397, intergenic, T->G, noncoding, -0.501041207186, 0.401, 7, 1, 1, 1, 1, 1, FAIL, 14.0, 249.0, 3.0, 50.0, 4.0, 63.0, 1.0, 63.0, 3.0, 17.0, 5.0, 143.0, 5.0, 110.0
1052802, B4U62_RS05480, C->A, missense, 0.0735203125427, 0.3939, 7, 1, 1, 1, 1, 1, FAIL, 12.0, 241.0, 4.0, 63.0, 1.0, 45.0, 1.0, 51.0, 4.0, 24.0, 9.0, 116.0, 7.0, 102.0
1076885, B4U62_RS05620, G->T, missense, -0.307653914298, 0.4092, 7, 1, 1, 1, 1, 1, FAIL, 3.0, 399.0, 0.0, 89.0, 1.0, 78.0, 0.0, 110.0, 3.0, 26.0, 3.0, 185.0, 1.0, 154.0
1082600, B4U62_RS05645, C->A, missense, -1.81129881147, 0.3995, 7, 1, 1, 1, 1, 1, FAIL, 2.0, 294.0, 1.0, 88.0, 0.0, 72.0, 1.0, 67.0, 3.0, 18.0, 1.0, 152.0, 4.0, 133.0
1138087, B4U62_RS05915, C->A, synonymous, -0.108328238109, 0.3954, 7, 1, 1, 1, 1, 1, FAIL, 21.0, 250.0, 8.0, 88.0, 8.0, 80.0, 16.0, 71.0, 0.0, 23.0, 20.0, 171.0, 17.0, 129.0
1138101, B4U62_RS05915, C->A, missense, 0.0287843768951, 0.1871, 7, 1, 1, 1, 1, 1, FAIL, 41.0, 261.0, 21.0, 83.0, 23.0, 85.0, 29.0, 77.0, 7.0, 25.0, 51.0, 168.0, 36.0, 128.0
1140251, B4U62_RS05920, C->T, synonymous, 1.33405012922, 0.1458, 7, 1, 1, 1, 1, 1, FAIL, 0.0, 390.0, 0.0, 133.0, 0.0, 115.0, 1.0, 134.0, 15.0, 41.0, 60.0, 221.0, 7.0, 207.0
1141354, B4U62_RS05920, G->T, missense, -0.0330658960686, 0.3991, 7, 1, 1, 1, 1, 1, FAIL, 3.0, 310.0, 2.0, 99.0, 4.0, 77.0, 2.0, 104.0, 4.0, 30.0, 2.0, 179.0, 4.0, 133.0
1152339, B4U62_RS05980, G->T, missense, 0.49389777829, 0.2566, 7, 1, 1, 1, 1, 1, FAIL, 4.0, 209.0, 0.0, 60.0, 0.0, 51.0, 0.0, 39.0, 3.0, 22.0, 3.0, 95.0, 4.0, 79.0
1166137, B4U62_RS06040, C->T, missense, 0.666450150256, 0.0551, 7, 1, 1, 1, 1, 1, PASS, 0.0, 220.0, 6.0, 70.0, 59.0, 74.0, 58.0, 58.0, 29.0, 29.0, 118.0, 119.0, 118.0, 119.0
1194929, intergenic, C->G, noncoding, -0.0641648669604, 0.3861, 7, 1, 1, 1, 1, 1, FAIL, 37.0, 185.0, 21.0, 45.0, 13.0, 50.0, 13.0, 52.0, 5.0, 14.0, 7.0, 43.0, 23.0, 83.0
1194942, intergenic, A->T, noncoding, -0.0818105635536, 0.3794, 7, 1, 1, 1, 1, 1, FAIL, 22.0, 176.0, 11.0, 43.0, 5.0, 46.0, 8.0, 51.0, 3.0, 14.0, 2.0, 40.0, 14.0, 79.0
1194947, intergenic, A->G, noncoding, -0.129734533847, 0.3901, 7, 1, 1, 1, 1, 1, FAIL, 16.0, 185.0, 6.0, 48.0, 0.0, 54.0, 2.0, 64.0, 3.0, 17.0, 3.0, 50.0, 5.0, 102.0
1194951, intergenic, C->A, noncoding, 0.101408551059, 0.0512, 7, 1, 1, 1, 1, 1, PASS, 21.0, 190.0, 9.0, 50.0, 14.0, 56.0, 22.0, 63.0, 4.0, 17.0, 15.0, 51.0, 23.0, 106.0
1194951, intergenic, C->G, noncoding, -0.0892948437341, 0.3909, 7, 1, 1, 1, 1, 1, FAIL, 14.0, 190.0, 10.0, 50.0, 4.0, 56.0, 4.0, 63.0, 2.0, 17.0, 3.0, 51.0, 7.0, 106.0
1195335, B4U62_RS06210, G->T, nonsense, -2.65484415317, 0.4092, 7, 1, 1, 1, 1, 1, FAIL, 2.0, 331.0, 1.0, 96.0, 0.0, 71.0, 1.0, 88.0, 4.0, 35.0, 1.0, 199.0, 4.0, 140.0
1202828, B4U62_RS06235, G->T, missense, -2.98507479844, 0.3975, 7, 1, 1, 1, 1, 1, FAIL, 4.0, 308.0, 0.0, 91.0, 0.0, 78.0, 0.0, 79.0, 3.0, 26.0, 1.0, 202.0, 3.0, 143.0
1225109, B4U62_RS06350, G->A, synonymous, 0.72543369069, 0.3354, 7, 1, 1, 1, 1, 1, FAIL, 129.0, 233.0, 49.0, 49.0, 35.0, 35.0, 58.0, 58.0, 18.0, 18.0, 102.0, 104.0, 93.0, 93.0
1239925, B4U62_RS06440, C->A, missense, 12.0931054131, 0.0094, 7, 1, 1, 1, 1, 1, PASS, 2.0, 312.0, 0.0, 95.0, 0.0, 100.0, 0.0, 101.0, 3.0, 25.0, 3.0, 156.0, 1.0, 163.0
1256213, B4U62_RS06545, G->T, missense, 0.571792883813, 0.1784, 7, 1, 1, 1, 1, 1, FAIL, 0.0, 313.0, 0.0, 82.0, 0.0, 45.0, 2.0, 76.0, 3.0, 22.0, 2.0, 152.0, 0.0, 144.0
1259246, B4U62_RS06565, T->G, synonymous, -0.447307920777, 0.4089, 7, 1, 1, 1, 1, 1, FAIL, 1.0, 270.0, 0.0, 96.0, 0.0, 87.0, 2.0, 100.0, 3.0, 24.0, 0.0, 172.0, 2.0, 175.0
1278632, B4U62_RS06690, T->C, missense, 0.752649242512, 0.0533, 7, 1, 1, 1, 1, 1, PASS, 0.0, 417.0, 0.0, 88.0, 64.0, 86.0, 95.0, 95.0, 37.0, 37.0, 145.0, 147.0, 173.0, 173.0
1291304, B4U62_RS06765, C->A, noncoding, -2.81294720135, 0.4103, 7, 1, 1, 1, 1, 1, FAIL, 1.0, 275.0, 1.0, 64.0, 1.0, 50.0, 1.0, 77.0, 4.0, 20.0, 4.0, 148.0, 2.0, 88.0
1304246, B4U62_RS06825, G->T, missense, -0.871526217848, 0.4025, 7, 1, 1, 1, 1, 1, FAIL, 0.0, 198.0, 2.0, 85.0, 0.0, 57.0, 0.0, 69.0, 4.0, 27.0, 2.0, 161.0, 0.0, 130.0
1313370, B4U62_RS06865, G->T, missense, -3.48392401419, 0.3947, 7, 1, 1, 1, 1, 1, FAIL, 5.0, 346.0, 1.0, 85.0, 0.0, 72.0, 1.0, 68.0, 4.0, 31.0, 0.0, 161.0, 4.0, 127.0
1335109, B4U62_RS07030, C->A, synonymous, -0.805639885947, 0.3694, 7, 1, 1, 1, 1, 1, FAIL, 5.0, 179.0, 5.0, 35.0, 0.0, 34.0, 0.0, 25.0, 1.0, 14.0, 2.0, 64.0, 3.0, 45.0
1335156, B4U62_RS07030, G->T, nonsense, -0.0122462683578, 0.3757, 7, 1, 1, 1, 1, 1, FAIL, 9.0, 170.0, 7.0, 38.0, 4.0, 31.0, 2.0, 27.0, 0.0, 12.0, 2.0, 54.0, 3.0, 52.0
1343750, B4U62_RS07070, A->T, synonymous, -0.265430956645, 0.3955, 7, 1, 1, 1, 1, 1, FAIL, 12.0, 335.0, 1.0, 88.0, 3.0, 72.0, 7.0, 88.0, 7.0, 45.0, 0.0, 160.0, 7.0, 144.0
1360198, B4U62_RS07150, G->T, synonymous, 0.116967784102, 0.3658, 7, 1, 1, 1, 1, 1, FAIL, 5.0, 228.0, 1.0, 75.0, 1.0, 54.0, 2.0, 66.0, 3.0, 22.0, 5.0, 90.0, 1.0, 112.0
1364289, B4U62_RS07175, G->T, synonymous, 0.565776974964, 0.0926, 7, 1, 1, 1, 1, 1, PASS, 6.0, 305.0, 1.0, 107.0, 1.0, 84.0, 3.0, 86.0, 3.0, 24.0, 2.0, 165.0, 1.0, 159.0
1399234, B4U62_RS07380, C->A, nonsense, 0.980565711871, 0.1156, 7, 1, 1, 1, 1, 1, FAIL, 2.0, 327.0, 2.0, 112.0, 0.0, 77.0, 0.0, 83.0, 3.0, 25.0, 0.0, 168.0, 0.0, 136.0
1407783, B4U62_RS07415, G->T, missense, -5.43283993115, 0.4166, 7, 1, 1, 1, 1, 1, FAIL, 2.0, 332.0, 0.0, 88.0, 0.0, 69.0, 1.0, 70.0, 4.0, 28.0, 2.0, 176.0, 1.0, 129.0
1421181, B4U62_RS07475, G->T, synonymous, 0.215672742502, 0.0474, 7, 1, 1, 1, 1, 1, PASS, 9.0, 249.0, 4.0, 60.0, 5.0, 66.0, 7.0, 59.0, 5.0, 19.0, 10.0, 87.0, 11.0, 90.0
1426747, B4U62_RS07500, G->T, missense, -0.855509866414, 0.3955, 7, 1, 1, 1, 1, 1, FAIL, 1.0, 274.0, 0.0, 76.0, 1.0, 82.0, 2.0, 89.0, 3.0, 24.0, 0.0, 174.0, 2.0, 157.0
1447538, B4U62_RS07620, G->T, missense, -1.98285250845, 0.3712, 7, 1, 1, 1, 1, 1, FAIL, 5.0, 204.0, 1.0, 45.0, 4.0, 36.0, 0.0, 55.0, 2.0, 10.0, 1.0, 69.0, 2.0, 91.0
1449862, B4U62_RS07640, C->A, synonymous, -0.0977676343883, 0.4019, 7, 1, 1, 1, 1, 1, FAIL, 41.0, 307.0, 8.0, 84.0, 7.0, 65.0, 10.0, 88.0, 5.0, 16.0, 16.0, 147.0, 17.0, 146.0
1449872, B4U62_RS07640, C->A, synonymous, -0.142239231994, 0.3899, 7, 1, 1, 1, 1, 1, FAIL, 39.0, 315.0, 3.0, 81.0, 7.0, 64.0, 5.0, 87.0, 4.0, 16.0, 9.0, 150.0, 17.0, 151.0
1452762, B4U62_RS07650, G->T, missense, -0.0972118946599, 0.4046, 7, 1, 1, 1, 1, 1, FAIL, 7.0, 293.0, 2.0, 83.0, 3.0, 96.0, 1.0, 88.0, 4.0, 29.0, 6.0, 165.0, 3.0, 154.0
1453000, B4U62_RS07650, T->C, synonymous, 0.604401556886, 0.047, 7, 1, 1, 1, 1, 1, PASS, 44.0, 257.0, 43.0, 70.0, 79.0, 81.0, 74.0, 75.0, 34.0, 34.0, 167.0, 167.0, 124.0, 124.0
1454561, B4U62_RS07660, G->T, synonymous, 0.258481604055, 0.0482, 7, 1, 1, 1, 1, 1, PASS, 4.0, 362.0, 5.0, 115.0, 4.0, 103.0, 5.0, 101.0, 3.0, 21.0, 9.0, 251.0, 5.0, 173.0
1472479, B4U62_RS07730, T->A, synonymous, 0.122316633598, 0.3465, 7, 1, 1, 1, 1, 1, FAIL, 4.0, 336.0, 3.0, 84.0, 2.0, 97.0, 5.0, 94.0, 4.0, 31.0, 3.0, 198.0, 3.0, 143.0
1506811, B4U62_RS07925, G->T, missense, 0.10442041429, 0.2953, 7, 1, 1, 1, 1, 1, FAIL, 12.0, 202.0, 4.0, 65.0, 3.0, 47.0, 2.0, 44.0, 3.0, 15.0, 7.0, 85.0, 2.0, 69.0
1535927, B4U62_RS08070, C->A, noncoding, -4.13655751256, 0.3989, 7, 1, 1, 1, 1, 1, FAIL, 2.0, 342.0, 1.0, 68.0, 0.0, 56.0, 0.0, 78.0, 3.0, 25.0, 0.0, 124.0, 3.0, 125.0
1535987, B4U62_RS08070, G->T, missense, -0.548450449028, 0.3964, 7, 1, 1, 1, 1, 1, FAIL, 1.0, 248.0, 0.0, 53.0, 0.0, 51.0, 4.0, 72.0, 3.0, 21.0, 0.0, 113.0, 4.0, 83.0
1561697, B4U62_RS08200, T->C, synonymous, 0.167858938377, 0.1632, 7, 1, 1, 1, 1, 1, FAIL, 7.0, 219.0, 5.0, 68.0, 5.0, 60.0, 3.0, 62.0, 3.0, 17.0, 8.0, 152.0, 5.0, 97.0
1561704, B4U62_RS08200, G->C, missense, 0.0690580498493, 0.2895, 7, 1, 1, 1, 1, 1, FAIL, 14.0, 217.0, 5.0, 68.0, 3.0, 59.0, 4.0, 63.0, 4.0, 17.0, 15.0, 153.0, 9.0, 94.0
1578406, B4U62_RS08315, G->T, missense, -1.91866987286, 0.4255, 7, 1, 1, 1, 1, 1, FAIL, 3.0, 354.0, 0.0, 81.0, 0.0, 104.0, 1.0, 93.0, 4.0, 34.0, 2.0, 167.0, 2.0, 188.0
1584196, B4U62_RS08340, A->G, noncoding, 1.14952826822, 0.1413, 7, 1, 1, 1, 1, 1, FAIL, 0.0, 192.0, 0.0, 42.0, 0.0, 50.0, 0.0, 66.0, 5.0, 14.0, 35.0, 129.0, 34.0, 118.0
1586333, B4U62_RS08345, G->T, noncoding, -0.912558029234, 0.3827, 7, 1, 1, 1, 1, 1, FAIL, 13.0, 245.0, 1.0, 53.0, 7.0, 40.0, 3.0, 40.0, 0.0, 19.0, 2.0, 85.0, 5.0, 84.0
1586800, B4U62_RS08345, C->A, synonymous, -0.471693994131, 0.4165, 7, 1, 1, 1, 1, 1, FAIL, 2.0, 293.0, 1.0, 102.0, 1.0, 86.0, 3.0, 109.0, 4.0, 30.0, 5.0, 171.0, 2.0, 162.0
1599506, B4U62_RS08405, G->T, missense, 0.381219934224, 0.3291, 7, 1, 1, 1, 1, 1, FAIL, 7.0, 166.0, 2.0, 32.0, 1.0, 36.0, 0.0, 24.0, 4.0, 14.0, 9.0, 51.0, 2.0, 59.0
1603796, B4U62_RS08410, G->T, noncoding, 0.615710439249, 0.2632, 7, 1, 1, 1, 1, 1, FAIL, 0.0, 174.0, 2.0, 37.0, 2.0, 27.0, 0.0, 15.0, 0.0, 7.0, 7.0, 52.0, 1.0, 60.0
1609670, B4U62_RS08440, G->T, missense, 0.448888989197, 0.1677, 7, 1, 1, 1, 1, 1, FAIL, 2.0, 323.0, 0.0, 89.0, 3.0, 100.0, 4.0, 112.0, 4.0, 31.0, 2.0, 179.0, 0.0, 166.0
1616414, B4U62_RS08475, C->A, synonymous, -0.363477488979, 0.3978, 7, 1, 1, 1, 1, 1, FAIL, 11.0, 213.0, 5.0, 70.0, 1.0, 45.0, 9.0, 50.0, 1.0, 21.0, 5.0, 124.0, 3.0, 100.0
1616424, B4U62_RS08475, C->A, synonymous, -0.175537496174, 0.3758, 7, 1, 1, 1, 1, 1, FAIL, 18.0, 205.0, 4.0, 71.0, 2.0, 45.0, 8.0, 41.0, 2.0, 19.0, 4.0, 115.0, 4.0, 95.0
1617633, B4U62_RS08485, G->A, missense, 0.894040650146, 0.3661, 7, 1, 1, 1, 1, 1, FAIL, 0.0, 283.0, 0.0, 78.0, 0.0, 69.0, 0.0, 75.0, 13.0, 36.0, 59.0, 173.0, 5.0, 158.0
1632821, B4U62_RS08550, G->T, missense, -0.194426264767, 0.3758, 7, 1, 1, 1, 1, 1, FAIL, 18.0, 216.0, 3.0, 53.0, 2.0, 40.0, 1.0, 49.0, 4.0, 22.0, 8.0, 100.0, 1.0, 60.0
1640481, B4U62_RS08580, A->G, synonymous, 1.04687143555, 0.0789, 7, 1, 1, 1, 1, 1, PASS, 1.0, 291.0, 0.0, 70.0, 1.0, 68.0, 35.0, 78.0, 25.0, 25.0, 152.0, 153.0, 146.0, 146.0
1643757, B4U62_RS08605, G->T, nonsense, 0.0195579421455, 0.3827, 7, 1, 1, 1, 1, 1, FAIL, 34.0, 328.0, 7.0, 85.0, 11.0, 79.0, 12.0, 68.0, 8.0, 31.0, 19.0, 179.0, 9.0, 143.0
1643928, B4U62_RS08605, G->T, missense, 1.61758497175, 0.0933, 7, 1, 1, 1, 1, 1, PASS, 2.0, 219.0, 0.0, 58.0, 2.0, 48.0, 1.0, 52.0, 3.0, 21.0, 0.0, 146.0, 0.0, 107.0
1648943, B4U62_RS08625, G->T, synonymous, -0.122956350347, 0.3875, 7, 1, 1, 1, 1, 1, FAIL, 5.0, 185.0, 4.0, 50.0, 2.0, 44.0, 9.0, 59.0, 0.0, 14.0, 3.0, 102.0, 5.0, 99.0
1648995, B4U62_RS08625, G->T, missense, -1.62559124487, 0.3911, 7, 1, 1, 1, 1, 1, FAIL, 6.0, 234.0, 0.0, 52.0, 3.0, 66.0, 0.0, 76.0, 3.0, 21.0, 3.0, 147.0, 4.0, 133.0
1663402, B4U62_RS08700, G->T, synonymous, -0.214569699721, 0.3773, 7, 1, 1, 1, 1, 1, FAIL, 11.0, 266.0, 5.0, 59.0, 2.0, 40.0, 10.0, 51.0, 0.0, 23.0, 5.0, 89.0, 6.0, 100.0
1664484, B4U62_RS08705, C->A, synonymous, -6.2375, 0.4094, 7, 1, 1, 1, 1, 1, FAIL, 4.0, 218.0, 1.0, 45.0, 1.0, 56.0, 0.0, 51.0, 3.0, 20.0, 3.0, 108.0, 0.0, 81.0
1667040, B4U62_RS08725, G->T, missense, 0.00646623901636, 0.4, 7, 1, 1, 1, 1, 1, FAIL, 7.0, 343.0, 3.0, 100.0, 1.0, 83.0, 2.0, 101.0, 3.0, 19.0, 0.0, 109.0, 0.0, 143.0
1667074, B4U62_RS08725, G->T, missense, -0.591719830588, 0.3842, 7, 1, 1, 1, 1, 1, FAIL, 12.0, 300.0, 4.0, 82.0, 2.0, 66.0, 4.0, 82.0, 4.0, 16.0, 2.0, 103.0, 3.0, 116.0
1667160, B4U62_RS08725, G->T, missense, 0.330864536589, 0.1896, 7, 1, 1, 1, 1, 1, FAIL, 4.0, 275.0, 1.0, 83.0, 3.0, 73.0, 4.0, 77.0, 3.0, 22.0, 1.0, 116.0, 3.0, 139.0
1677234, B4U62_RS08780, T->G, missense, -0.614674598066, 0.402, 7, 1, 1, 1, 1, 1, FAIL, 6.0, 271.0, 2.0, 65.0, 0.0, 47.0, 0.0, 83.0, 4.0, 23.0, 3.0, 145.0, 6.0, 114.0
1680990, B4U62_RS08800, G->A, missense, 1.58086482247, 0.0823, 7, 1, 1, 1, 1, 1, PASS, 0.0, 240.0, 0.0, 51.0, 0.0, 39.0, 15.0, 44.0, 26.0, 26.0, 69.0, 70.0, 88.0, 89.0
1690675, B4U62_RS08840, G->A, missense, 0.99713414682, 0.7284, 7, 1, 1, 1, 1, 1, FAIL, 212.0, 213.0, 45.0, 45.0, 32.0, 32.0, 40.0, 40.0, 14.0, 14.0, 113.0, 113.0, 65.0, 65.0
1697129, B4U62_RS08875, C->T, missense, 0.767718761539, 0.3443, 7, 1, 1, 1, 1, 1, FAIL, 105.0, 172.0, 34.0, 34.0, 36.0, 36.0, 35.0, 35.0, 14.0, 14.0, 56.0, 56.0, 63.0, 63.0
1708068, B4U62_RS08955, A->T, synonymous, -9.72857142857, 0.4085, 7, 1, 1, 1, 1, 1, FAIL, 4.0, 276.0, 1.0, 81.0, 0.0, 59.0, 0.0, 45.0, 3.0, 21.0, 2.0, 156.0, 0.0, 113.0
1736091, B4U62_RS09075, A->G, missense, 0.53328359705, 0.2065, 7, 1, 1, 1, 1, 1, FAIL, 0.0, 283.0, 40.0, 66.0, 64.0, 65.0, 66.0, 66.0, 20.0, 20.0, 123.0, 123.0, 119.0, 120.0
1745952, B4U62_RS09135, G->T, noncoding, 0.643936085777, 0.2074, 7, 1, 1, 1, 1, 1, FAIL, 1.0, 185.0, 2.0, 44.0, 0.0, 44.0, 4.0, 69.0, 4.0, 27.0, 0.0, 74.0, 1.0, 96.0
1748406, B4U62_RS09145, C->A, missense, 0.332915653679, 0.1676, 7, 1, 1, 1, 1, 1, FAIL, 2.0, 322.0, 2.0, 96.0, 1.0, 111.0, 0.0, 80.0, 4.0, 31.0, 0.0, 172.0, 0.0, 157.0
1762248, B4U62_RS09205, G->T, nonsense, 0.0645404845524, 0.3952, 7, 1, 1, 1, 1, 1, FAIL, 4.0, 260.0, 0.0, 74.0, 2.0, 54.0, 2.0, 59.0, 3.0, 17.0, 0.0, 111.0, 0.0, 105.0
1763908, B4U62_RS09215, G->T, missense, 0.0325045841552, 0.394, 7, 1, 1, 1, 1, 1, FAIL, 15.0, 234.0, 2.0, 59.0, 4.0, 79.0, 3.0, 70.0, 5.0, 22.0, 11.0, 132.0, 7.0, 125.0
1772445, B4U62_RS09250, G->T, missense, -0.883515150661, 0.4118, 7, 1, 1, 1, 1, 1, FAIL, 9.0, 265.0, 0.0, 75.0, 0.0, 71.0, 1.0, 74.0, 4.0, 26.0, 4.0, 148.0, 3.0, 165.0
1775854, B4U62_RS09270, C->T, synonymous, 0.525163925589, 0.0494, 7, 1, 1, 1, 1, 1, PASS, 0.0, 272.0, 35.0, 49.0, 73.0, 80.0, 74.0, 74.0, 24.0, 25.0, 127.0, 127.0, 127.0, 128.0
1782651, B4U62_RS09295, C->A, noncoding, -0.0599033922651, 0.3608, 7, 1, 1, 1, 1, 1, FAIL, 35.0, 333.0, 11.0, 98.0, 15.0, 86.0, 9.0, 96.0, 9.0, 42.0, 19.0, 225.0, 16.0, 185.0
1801890, B4U62_RS09345, C->A, synonymous, -2.8943914035, 0.4062, 7, 1, 1, 1, 1, 1, FAIL, 3.0, 193.0, 0.0, 47.0, 0.0, 52.0, 1.0, 54.0, 3.0, 18.0, 0.0, 102.0, 3.0, 109.0
1859716, B4U62_RS09370, C->A, nonsense, 1.40650800388, 0.0768, 7, 1, 1, 1, 1, 1, PASS, 2.0, 280.0, 0.0, 72.0, 2.0, 57.0, 1.0, 65.0, 4.0, 32.0, 1.0, 63.0, 1.0, 119.0
1859964, intergenic, G->T, noncoding, -0.231412497593, 0.394, 7, 1, 1, 1, 1, 1, FAIL, 32.0, 377.0, 21.0, 82.0, 14.0, 117.0, 8.0, 90.0, 4.0, 41.0, 14.0, 108.0, 21.0, 175.0
1874539, B4U62_RS09470, G->T, synonymous, -4.19707629905, 0.4039, 7, 1, 1, 1, 1, 1, FAIL, 5.0, 238.0, 0.0, 77.0, 0.0, 79.0, 1.0, 74.0, 3.0, 13.0, 2.0, 193.0, 0.0, 143.0
1882104, B4U62_RS09515, G->T, nonsense, -4.92517110266, 0.3924, 7, 1, 1, 1, 1, 1, FAIL, 2.0, 263.0, 1.0, 32.0, 0.0, 39.0, 1.0, 38.0, 3.0, 17.0, 2.0, 56.0, 1.0, 71.0
1884809, B4U62_RS09525, C->A, missense, 0.101891782617, 0.3801, 7, 1, 1, 1, 1, 1, FAIL, 3.0, 278.0, 3.0, 50.0, 4.0, 68.0, 0.0, 49.0, 4.0, 28.0, 8.0, 83.0, 3.0, 88.0
1884813, B4U62_RS09525, G->T, missense, 0.22641229794, 0.1761, 7, 1, 1, 1, 1, 1, FAIL, 8.0, 271.0, 3.0, 51.0, 7.0, 69.0, 9.0, 49.0, 1.0, 28.0, 9.0, 81.0, 8.0, 86.0
1884828, B4U62_RS09525, G->T, missense, 0.107866627579, 0.0784, 7, 1, 1, 1, 1, 1, PASS, 10.0, 251.0, 8.0, 60.0, 13.0, 66.0, 12.0, 47.0, 3.0, 28.0, 13.0, 69.0, 18.0, 89.0
1884833, B4U62_RS09525, C->A, synonymous, 0.120164788772, 0.2087, 7, 1, 1, 1, 1, 1, FAIL, 13.0, 255.0, 7.0, 64.0, 11.0, 68.0, 14.0, 52.0, 2.0, 27.0, 11.0, 77.0, 11.0, 91.0
1884843, B4U62_RS09525, G->T, missense, -0.12514306113, 0.306, 7, 1, 1, 1, 1, 1, FAIL, 19.0, 257.0, 22.0, 67.0, 13.0, 65.0, 12.0, 54.0, 4.0, 26.0, 24.0, 78.0, 15.0, 88.0
1884853, B4U62_RS09525, G->T, synonymous, 0.0783770409288, 0.0543, 7, 1, 1, 1, 1, 1, PASS, 18.0, 257.0, 16.0, 63.0, 16.0, 65.0, 18.0, 54.0, 8.0, 27.0, 22.0, 80.0, 23.0, 91.0
1884860, B4U62_RS09525, T->A, missense, -0.89366515593, 0.3935, 7, 1, 1, 1, 1, 1, FAIL, 4.0, 261.0, 3.0, 65.0, 0.0, 64.0, 0.0, 56.0, 4.0, 26.0, 1.0, 83.0, 3.0, 90.0
1884870, B4U62_RS09525, G->T, missense, 0.102955145475, 0.0463, 7, 1, 1, 1, 1, 1, PASS, 18.0, 277.0, 20.0, 69.0, 24.0, 63.0, 21.0, 61.0, 8.0, 29.0, 23.0, 89.0, 24.0, 99.0
1901463, B4U62_RS09605, G->T, noncoding, 1.58399056381, 0.1707, 7, 1, 1, 1, 1, 1, FAIL, 1.0, 310.0, 0.0, 34.0, 1.0, 33.0, 2.0, 47.0, 1.0, 19.0, 5.0, 34.0, 9.0, 106.0
1917533, intergenic, T->C, noncoding, 0.620649726871, 0.1129, 7, 1, 1, 1, 1, 1, FAIL, 0.0, 208.0, 11.0, 44.0, 30.0, 34.0, 57.0, 58.0, 16.0, 16.0, 49.0, 50.0, 81.0, 81.0
1924069, B4U62_RS09760, G->T, missense, -0.334965711331, 0.4103, 7, 1, 1, 1, 1, 1, FAIL, 2.0, 255.0, 2.0, 57.0, 2.0, 78.0, 0.0, 57.0, 3.0, 23.0, 1.0, 105.0, 0.0, 104.0
1930538, B4U62_RS09810, G->T, nonsense, -2.85565453554, 0.3984, 7, 1, 1, 1, 1, 1, FAIL, 4.0, 246.0, 2.0, 67.0, 2.0, 64.0, 1.0, 67.0, 3.0, 22.0, 0.0, 97.0, 3.0, 131.0
1934710, B4U62_RS09840, G->T, synonymous, 0.118815972167, 0.2127, 7, 1, 1, 1, 1, 1, FAIL, 9.0, 158.0, 2.0, 42.0, 4.0, 56.0, 5.0, 50.0, 4.0, 19.0, 6.0, 73.0, 8.0, 95.0
1936384, B4U62_RS09845, T->G, synonymous, -2.13171635744, 0.4017, 7, 1, 1, 1, 1, 1, FAIL, 2.0, 210.0, 2.0, 50.0, 0.0, 45.0, 0.0, 60.0, 3.0, 18.0, 1.0, 77.0, 2.0, 105.0
1953128, B4U62_RS09920, T->G, missense, -1.30194971673, 0.4035, 7, 1, 1, 1, 1, 1, FAIL, 10.0, 254.0, 0.0, 53.0, 2.0, 62.0, 2.0, 53.0, 3.0, 19.0, 2.0, 156.0, 5.0, 120.0
1959135, B4U62_RS09945, G->T, missense, -3.38179048015, 0.4008, 7, 1, 1, 1, 1, 1, FAIL, 4.0, 316.0, 2.0, 63.0, 0.0, 58.0, 0.0, 67.0, 3.0, 25.0, 2.0, 123.0, 1.0, 134.0
1980350, B4U62_RS09965, G->T, missense, -1.92355342816, 0.426, 7, 1, 1, 1, 1, 1, FAIL, 1.0, 266.0, 0.0, 86.0, 1.0, 90.0, 0.0, 102.0, 3.0, 27.0, 2.0, 169.0, 2.0, 146.0
1994242, B4U62_RS09975, C->T, missense, 0.400103864954, 0.2582, 7, 1, 1, 1, 1, 1, FAIL, 32.0, 546.0, 43.0, 173.0, 2.0, 160.0, 0.0, 155.0, 0.0, 51.0, 0.0, 301.0, 0.0, 285.0
2016142, B4U62_RS10045, G->T, missense, 0.323814260615, 0.1834, 7, 1, 1, 1, 1, 1, FAIL, 9.0, 266.0, 2.0, 54.0, 4.0, 59.0, 2.0, 81.0, 3.0, 22.0, 2.0, 137.0, 2.0, 132.0
2034075, B4U62_RS10135, C->A, missense, 0.632053835447, 0.0756, 7, 1, 1, 1, 1, 1, PASS, 4.0, 269.0, 1.0, 62.0, 2.0, 73.0, 2.0, 54.0, 3.0, 17.0, 5.0, 116.0, 8.0, 121.0
2045816, B4U62_RS10205, C->A, synonymous, 0.370626275277, 0.2594, 7, 1, 1, 1, 1, 1, FAIL, 4.0, 180.0, 3.0, 33.0, 1.0, 37.0, 1.0, 48.0, 4.0, 15.0, 0.0, 78.0, 1.0, 70.0
2046003, B4U62_RS10210, T->C, missense, 1.46382792723, 0.0833, 7, 1, 1, 1, 1, 1, PASS, 0.0, 196.0, 0.0, 31.0, 0.0, 28.0, 18.0, 34.0, 20.0, 20.0, 61.0, 64.0, 59.0, 60.0
2046113, B4U62_RS10210, C->A, synonymous, -1.68566438418, 0.4142, 7, 1, 1, 1, 1, 1, FAIL, 6.0, 245.0, 0.0, 46.0, 0.0, 55.0, 0.0, 62.0, 4.0, 29.0, 2.0, 123.0, 2.0, 88.0
2064185, intergenic, G->A, noncoding, 1.62154410703, 0.1435, 7, 1, 1, 1, 1, 1, FAIL, 0.0, 329.0, 0.0, 60.0, 0.0, 84.0, 0.0, 65.0, 8.0, 31.0, 28.0, 129.0, 32.0, 124.0
2074678, B4U62_RS10370, G->T, synonymous, -0.176917378592, 0.3957, 7, 1, 1, 1, 1, 1, FAIL, 17.0, 223.0, 4.0, 45.0, 3.0, 49.0, 3.0, 49.0, 3.0, 17.0, 4.0, 107.0, 5.0, 85.0
2093581, B4U62_RS10465, C->A, nonsense, 0.0214959952138, 0.3858, 7, 1, 1, 1, 1, 1, FAIL, 31.0, 298.0, 5.0, 53.0, 2.0, 56.0, 9.0, 76.0, 6.0, 27.0, 17.0, 150.0, 11.0, 126.0
2093602, B4U62_RS10465, C->G, missense, -0.335969088571, 0.3869, 7, 1, 1, 1, 1, 1, FAIL, 12.0, 274.0, 2.0, 49.0, 3.0, 52.0, 3.0, 71.0, 4.0, 26.0, 8.0, 147.0, 7.0, 113.0
2096999, B4U62_RS10485, C->A, missense, 0.120697807218, 0.3108, 7, 1, 1, 1, 1, 1, FAIL, 12.0, 171.0, 2.0, 32.0, 2.0, 48.0, 5.0, 45.0, 2.0, 9.0, 6.0, 55.0, 4.0, 91.0
2113153, B4U62_RS10565, G->T, missense, 0.979325793765, 0.1181, 7, 1, 1, 1, 1, 1, FAIL, 2.0, 276.0, 0.0, 64.0, 4.0, 80.0, 1.0, 79.0, 4.0, 31.0, 1.0, 138.0, 1.0, 140.0
2117221, B4U62_RS10585, C->A, nonsense, -2.1117476626, 0.3966, 7, 1, 1, 1, 1, 1, FAIL, 3.0, 163.0, 0.0, 43.0, 3.0, 35.0, 0.0, 49.0, 3.0, 21.0, 2.0, 56.0, 0.0, 68.0
2119417, B4U62_RS10595, G->T, noncoding, -0.0139091139679, 0.3862, 7, 1, 1, 1, 1, 1, FAIL, 6.0, 165.0, 3.0, 31.0, 5.0, 44.0, 2.0, 44.0, 2.0, 9.0, 1.0, 52.0, 8.0, 104.0
2119424, B4U62_RS10595, G->T, noncoding, 0.324552430456, 0.1544, 7, 1, 1, 1, 1, 1, FAIL, 2.0, 176.0, 3.0, 36.0, 3.0, 45.0, 2.0, 46.0, 3.0, 11.0, 2.0, 64.0, 5.0, 111.0
2139559, B4U62_RS10745, C->A, missense, -1.55842796399, 0.4139, 7, 1, 1, 1, 1, 1, FAIL, 3.0, 258.0, 1.0, 84.0, 1.0, 59.0, 0.0, 81.0, 3.0, 22.0, 2.0, 136.0, 2.0, 131.0
2191987, B4U62_RS11160, T->C, missense, 0.703106532975, 0.0444, 7, 1, 1, 1, 1, 1, PASS, 0.0, 333.0, 0.0, 58.0, 62.0, 90.0, 79.0, 80.0, 26.0, 26.0, 127.0, 127.0, 138.0, 140.0
2200787, B4U62_RS11255, C->A, missense, 0.0921016514432, 0.3826, 7, 1, 1, 1, 1, 1, FAIL, 5.0, 229.0, 0.0, 48.0, 0.0, 41.0, 6.0, 40.0, 2.0, 27.0, 7.0, 99.0, 0.0, 93.0
2206703, B4U62_RS11315, C->A, noncoding, -1.82871225306, 0.4024, 7, 1, 1, 1, 1, 1, FAIL, 5.0, 259.0, 0.0, 46.0, 5.0, 34.0, 0.0, 67.0, 0.0, 20.0, 2.0, 82.0, 1.0, 100.0
2217730, B4U62_RS11410, G->T, noncoding, -0.73324823229, 0.3686, 7, 1, 1, 1, 1, 1, FAIL, 7.0, 243.0, 4.0, 40.0, 2.0, 44.0, 4.0, 44.0, 0.0, 21.0, 6.0, 29.0, 2.0, 75.0
2217737, B4U62_RS11410, T->A, noncoding, 0.511372403275, 0.3712, 7, 1, 1, 1, 1, 1, FAIL, 2.0, 248.0, 0.0, 39.0, 1.0, 45.0, 4.0, 49.0, 0.0, 22.0, 4.0, 32.0, 0.0, 75.0
2217759, B4U62_RS11410, C->A, noncoding, 0.200599219799, 0.3114, 7, 1, 1, 1, 1, 1, FAIL, 5.0, 220.0, 3.0, 38.0, 1.0, 31.0, 6.0, 49.0, 1.0, 16.0, 5.0, 26.0, 4.0, 63.0
2217769, B4U62_RS11410, G->T, noncoding, -0.209996070908, 0.3553, 7, 1, 1, 1, 1, 1, FAIL, 7.0, 227.0, 5.0, 37.0, 2.0, 31.0, 9.0, 48.0, 0.0, 16.0, 3.0, 26.0, 4.0, 61.0
2217775, intergenic, G->T, noncoding, -0.0179484676218, 0.2637, 7, 1, 1, 1, 1, 1, FAIL, 8.0, 229.0, 7.0, 37.0, 5.0, 34.0, 6.0, 46.0, 2.0, 16.0, 9.0, 28.0, 7.0, 62.0
2217783, intergenic, G->T, noncoding, 0.210384976071, 0.3766, 7, 1, 1, 1, 1, 1, FAIL, 7.0, 231.0, 7.0, 36.0, 2.0, 37.0, 8.0, 48.0, 0.0, 18.0, 1.0, 30.0, 2.0, 65.0
2222599, B4U62_RS11450, G->T, noncoding, -0.235781757321, 0.373, 7, 1, 1, 1, 1, 1, FAIL, 14.0, 255.0, 1.0, 31.0, 4.0, 54.0, 1.0, 36.0, 3.0, 16.0, 2.0, 48.0, 8.0, 82.0
2255047, B4U62_RS11615, G->T, missense, 0.672976374269, 0.2241, 7, 1, 1, 1, 1, 1, FAIL, 7.0, 255.0, 0.0, 50.0, 0.0, 50.0, 4.0, 53.0, 3.0, 18.0, 1.0, 68.0, 2.0, 83.0
2257569, B4U62_RS11625, C->A, missense, -3.66481387276, 0.4106, 7, 1, 1, 1, 1, 1, FAIL, 6.0, 363.0, 1.0, 61.0, 0.0, 52.0, 0.0, 51.0, 3.0, 22.0, 3.0, 129.0, 1.0, 124.0
2279765, B4U62_RS11750, C->A, noncoding, 0.661604014786, 0.3023, 7, 1, 1, 1, 1, 1, FAIL, 3.0, 235.0, 0.0, 41.0, 5.0, 32.0, 1.0, 46.0, 0.0, 10.0, 2.0, 29.0, 1.0, 56.0
2304618, B4U62_RS11900, C->A, missense, 0.540604512135, 0.1559, 7, 1, 1, 1, 1, 1, FAIL, 2.0, 293.0, 0.0, 96.0, 1.0, 68.0, 0.0, 65.0, 3.0, 26.0, 3.0, 170.0, 4.0, 130.0
2308584, B4U62_RS11925, G->T, missense, 0.0883483138168, 0.0653, 7, 1, 1, 1, 1, 1, PASS, 19.0, 217.0, 7.0, 54.0, 13.0, 49.0, 9.0, 48.0, 7.0, 26.0, 19.0, 81.0, 20.0, 98.0
2308605, B4U62_RS11925, C->A, synonymous, -0.916035724718, 0.3933, 7, 1, 1, 1, 1, 1, FAIL, 9.0, 207.0, 1.0, 51.0, 8.0, 44.0, 0.0, 44.0, 2.0, 28.0, 4.0, 82.0, 4.0, 92.0
2308607, B4U62_RS11925, G->T, nonsense, -0.0396549711397, 0.3784, 7, 1, 1, 1, 1, 1, FAIL, 25.0, 211.0, 4.0, 51.0, 10.0, 44.0, 4.0, 44.0, 7.0, 28.0, 14.0, 84.0, 16.0, 92.0
2309375, B4U62_RS11935, C->A, missense, -4.11186839741, 0.4006, 7, 1, 1, 1, 1, 1, FAIL, 2.0, 191.0, 2.0, 43.0, 1.0, 39.0, 1.0, 61.0, 3.0, 15.0, 2.0, 101.0, 2.0, 84.0
2314671, B4U62_RS11970, A->C, missense, -5.67253800993, 0.4208, 7, 1, 1, 1, 1, 1, FAIL, 3.0, 354.0, 1.0, 87.0, 1.0, 64.0, 2.0, 102.0, 4.0, 31.0, 0.0, 201.0, 2.0, 184.0
2316612, B4U62_RS11980, G->T, missense, 1.5824137236, 0.0691, 7, 1, 1, 1, 1, 1, PASS, 1.0, 341.0, 2.0, 79.0, 0.0, 60.0, 2.0, 100.0, 3.0, 19.0, 3.0, 163.0, 0.0, 154.0
2324944, B4U62_RS12020, G->T, missense, -1.76656304999, 0.4166, 7, 1, 1, 1, 1, 1, FAIL, 8.0, 480.0, 0.0, 135.0, 0.0, 121.0, 2.0, 162.0, 6.0, 45.0, 2.0, 287.0, 3.0, 229.0
2337517, B4U62_RS12085, C->A, noncoding, 0.130240109574, 0.2829, 7, 1, 1, 1, 1, 1, FAIL, 14.0, 259.0, 2.0, 75.0, 3.0, 70.0, 5.0, 54.0, 3.0, 17.0, 9.0, 137.0, 5.0, 137.0
2341120, B4U62_RS12125, G->T, synonymous, 0.744554234104, 0.1711, 7, 1, 1, 1, 1, 1, FAIL, 1.0, 183.0, 2.0, 34.0, 1.0, 17.0, 4.0, 37.0, 2.0, 12.0, 1.0, 54.0, 1.0, 65.0
2380226, B4U62_RS12325, A->T, missense, -0.160793075998, 0.3893, 7, 1, 1, 1, 1, 1, FAIL, 9.0, 230.0, 5.0, 59.0, 1.0, 48.0, 4.0, 71.0, 4.0, 23.0, 8.0, 115.0, 4.0, 129.0
2380277, B4U62_RS12325, T->G, missense, 0.11410302754, 0.3845, 7, 1, 1, 1, 1, 1, FAIL, 3.0, 211.0, 1.0, 44.0, 0.0, 35.0, 0.0, 35.0, 3.0, 24.0, 3.0, 98.0, 1.0, 92.0
2388481, B4U62_RS12375, T->A, missense, -2.00261632879, 0.4074, 7, 1, 1, 1, 1, 1, FAIL, 4.0, 276.0, 0.0, 64.0, 0.0, 70.0, 0.0, 58.0, 4.0, 34.0, 2.0, 156.0, 3.0, 129.0
2388572, B4U62_RS12375, G->T, missense, 0.0290195283017, 0.3935, 7, 1, 1, 1, 1, 1, FAIL, 29.0, 304.0, 10.0, 62.0, 10.0, 83.0, 6.0, 52.0, 13.0, 39.0, 38.0, 207.0, 19.0, 150.0
2394537, B4U62_RS12415, C->A, missense, 0.0, 0.3638, 7, 1, 1, 1, 1, 1, FAIL, 2.0, 163.0, 0.0, 58.0, 0.0, 48.0, 1.0, 68.0, 3.0, 25.0, 2.0, 84.0, 1.0, 83.0
2400738, B4U62_RS12450, G->T, missense, 0.0707178695662, 0.0838, 7, 1, 1, 1, 1, 1, PASS, 9.0, 279.0, 10.0, 73.0, 5.0, 54.0, 12.0, 79.0, 6.0, 30.0, 17.0, 153.0, 15.0, 112.0
2400744, B4U62_RS12450, A->C, missense, -1.00583492113, 0.3947, 7, 1, 1, 1, 1, 1, FAIL, 8.0, 244.0, 0.0, 68.0, 2.0, 45.0, 1.0, 70.0, 4.0, 28.0, 1.0, 131.0, 6.0, 94.0
2400748, B4U62_RS12450, G->T, synonymous, -0.000136457453581, 0.2026, 7, 1, 1, 1, 1, 1, FAIL, 15.0, 242.0, 11.0, 64.0, 13.0, 45.0, 17.0, 69.0, 7.0, 29.0, 21.0, 130.0, 26.0, 95.0
2400750, B4U62_RS12450, T->A, missense, -0.0707584857968, 0.2935, 7, 1, 1, 1, 1, 1, FAIL, 16.0, 239.0, 7.0, 62.0, 8.0, 46.0, 8.0, 70.0, 9.0, 29.0, 12.0, 129.0, 17.0, 95.0
2400762, B4U62_RS12450, G->T, missense, 0.11515930573, 0.0437, 7, 1, 1, 1, 1, 1, PASS, 11.0, 235.0, 10.0, 54.0, 13.0, 45.0, 14.0, 67.0, 8.0, 28.0, 20.0, 102.0, 20.0, 98.0
2400766, B4U62_RS12450, T->A, synonymous, 0.00718167837834, 0.1973, 7, 1, 1, 1, 1, 1, FAIL, 21.0, 231.0, 14.0, 58.0, 15.0, 50.0, 10.0, 67.0, 12.0, 30.0, 19.0, 104.0, 26.0, 102.0
2400771, B4U62_RS12450, G->C, missense, -0.015531368223, 0.2482, 7, 1, 1, 1, 1, 1, FAIL, 26.0, 236.0, 15.0, 61.0, 14.0, 51.0, 12.0, 69.0, 10.0, 28.0, 23.0, 105.0, 32.0, 105.0
2400776, B4U62_RS12450, A->C, missense, 0.0207055201797, 0.3865, 7, 1, 1, 1, 1, 1, FAIL, 29.0, 231.0, 13.0, 64.0, 11.0, 50.0, 15.0, 71.0, 9.0, 28.0, 27.0, 101.0, 36.0, 101.0
2400781, B4U62_RS12450, G->C, synonymous, -0.0344975674469, 0.3752, 7, 1, 1, 1, 1, 1, FAIL, 11.0, 237.0, 6.0, 66.0, 5.0, 50.0, 2.0, 71.0, 10.0, 28.0, 10.0, 95.0, 13.0, 100.0
2400783, B4U62_RS12450, G->C, missense, 0.187442561754, 0.0344, 7, 1, 1, 1, 1, 1, PASS, 16.0, 217.0, 9.0, 55.0, 6.0, 44.0, 10.0, 55.0, 8.0, 25.0, 20.0, 82.0, 23.0, 91.0
2400788, B4U62_RS12450, A->C, missense, 0.00454067749829, 0.231, 7, 1, 1, 1, 1, 1, FAIL, 43.0, 227.0, 22.0, 60.0, 17.0, 51.0, 18.0, 61.0, 14.0, 31.0, 30.0, 90.0, 41.0, 104.0
2402727, B4U62_RS12460, G->A, synonymous, 2.08564138403, 0.1149, 7, 1, 1, 1, 1, 1, FAIL, 0.0, 226.0, 0.0, 53.0, 0.0, 44.0, 4.0, 56.0, 4.0, 22.0, 2.0, 127.0, 0.0, 127.0
2447436, B4U62_RS12740, T->G, missense, -1.91936839108, 0.4, 7, 1, 1, 1, 1, 1, FAIL, 7.0, 193.0, 0.0, 55.0, 0.0, 57.0, 1.0, 53.0, 3.0, 21.0, 0.0, 97.0, 2.0, 123.0
2461894, B4U62_RS12825, C->G, noncoding, -14.7346938776, 0.4195, 7, 1, 1, 1, 1, 1, FAIL, 0.0, 336.0, 0.0, 110.0, 0.0, 113.0, 0.0, 91.0, 3.0, 28.0, 2.0, 163.0, 2.0, 187.0
2506505, B4U62_RS13050, C->A, nonsense, 0.294662635928, 0.2499, 7, 1, 1, 1, 1, 1, FAIL, 3.0, 203.0, 2.0, 41.0, 0.0, 48.0, 1.0, 75.0, 3.0, 19.0, 1.0, 69.0, 4.0, 87.0
2510042, B4U62_RS13070, C->A, synonymous, 0.455921607286, 0.1214, 7, 1, 1, 1, 1, 1, FAIL, 4.0, 248.0, 3.0, 62.0, 2.0, 73.0, 4.0, 68.0, 6.0, 28.0, 3.0, 144.0, 0.0, 120.0
2512679, B4U62_RS13080, G->T, synonymous, -2.63251688311, 0.3938, 7, 1, 1, 1, 1, 1, FAIL, 5.0, 216.0, 1.0, 63.0, 1.0, 56.0, 0.0, 62.0, 3.0, 25.0, 2.0, 140.0, 0.0, 103.0
2512997, intergenic, C->A, noncoding, 0.0203667034374, 0.377, 7, 1, 1, 1, 1, 1, FAIL, 28.0, 190.0, 11.0, 62.0, 11.0, 43.0, 10.0, 65.0, 1.0, 21.0, 13.0, 112.0, 13.0, 126.0
2513000, intergenic, A->C, noncoding, 0.0776700268761, 0.0826, 7, 1, 1, 1, 1, 1, PASS, 21.0, 190.0, 11.0, 61.0, 12.0, 43.0, 11.0, 64.0, 4.0, 21.0, 10.0, 112.0, 14.0, 126.0
2513006, intergenic, C->A, noncoding, -0.0753665329223, 0.3839, 7, 1, 1, 1, 1, 1, FAIL, 10.0, 194.0, 5.0, 65.0, 5.0, 47.0, 6.0, 68.0, 4.0, 21.0, 9.0, 121.0, 6.0, 130.0
2513009, intergenic, G->C, noncoding, -3.12608857168, 0.3976, 7, 1, 1, 1, 1, 1, FAIL, 7.0, 196.0, 2.0, 65.0, 0.0, 47.0, 3.0, 69.0, 4.0, 21.0, 2.0, 122.0, 5.0, 129.0
2513042, intergenic, A->C, noncoding, -0.593628432675, 0.4001, 7, 1, 1, 1, 1, 1, FAIL, 14.0, 215.0, 4.0, 67.0, 4.0, 53.0, 4.0, 81.0, 4.0, 20.0, 6.0, 137.0, 10.0, 142.0
2525863, B4U62_RS13140, G->T, missense, -1.77669095252, 0.3877, 7, 1, 1, 1, 1, 1, FAIL, 3.0, 189.0, 1.0, 46.0, 0.0, 34.0, 4.0, 28.0, 0.0, 12.0, 3.0, 80.0, 2.0, 75.0
2528367, B4U62_RS13150, G->T, noncoding, -3.89716132607, 0.4176, 7, 1, 1, 1, 1, 1, FAIL, 3.0, 442.0, 1.0, 94.0, 1.0, 91.0, 2.0, 117.0, 3.0, 25.0, 2.0, 231.0, 2.0, 184.0
2551721, B4U62_RS13295, G->T, missense, 2.26395927912, 0.0467, 7, 1, 1, 1, 1, 1, PASS, 5.0, 258.0, 0.0, 49.0, 2.0, 41.0, 1.0, 56.0, 3.0, 18.0, 1.0, 89.0, 1.0, 80.0
2551964, B4U62_RS13295, A->C, synonymous, -0.760977752119, 0.4199, 7, 1, 1, 1, 1, 1, FAIL, 4.0, 245.0, 1.0, 53.0, 0.0, 40.0, 2.0, 65.0, 3.0, 22.0, 1.0, 121.0, 0.0, 112.0
2553131, B4U62_RS13310, C->A, nonsense, 0.0546548586366, 0.2862, 7, 1, 1, 1, 1, 1, FAIL, 20.0, 212.0, 16.0, 80.0, 9.0, 50.0, 19.0, 67.0, 3.0, 23.0, 20.0, 79.0, 21.0, 142.0
2553187, B4U62_RS13310, T->G, missense, 0.395364666987, 0.1905, 7, 1, 1, 1, 1, 1, FAIL, 5.0, 190.0, 0.0, 50.0, 5.0, 29.0, 6.0, 48.0, 1.0, 13.0, 4.0, 63.0, 6.0, 90.0
2568837, B4U62_RS13430, C->T, synonymous, 0.572671536928, 0.0399, 7, 1, 1, 1, 1, 1, PASS, 0.0, 243.0, 30.0, 47.0, 49.0, 51.0, 62.0, 62.0, 26.0, 27.0, 116.0, 116.0, 130.0, 130.0
2571918, B4U62_RS13440, T->C, noncoding, 2.49260824779, 0.0342, 7, 1, 1, 1, 1, 1, PASS, 0.0, 218.0, 0.0, 54.0, 0.0, 55.0, 3.0, 57.0, 5.0, 26.0, 4.0, 93.0, 0.0, 101.0
2583708, B4U62_RS13510, G->T, missense, 4.55347837149, 0.0487, 7, 1, 1, 1, 1, 1, PASS, 2.0, 251.0, 0.0, 59.0, 2.0, 41.0, 0.0, 60.0, 3.0, 12.0, 2.0, 103.0, 1.0, 100.0
2599913, B4U62_RS13605, T->G, noncoding, -0.28515176265, 0.3786, 7, 1, 1, 1, 1, 1, FAIL, 7.0, 193.0, 3.0, 35.0, 4.0, 26.0, 1.0, 31.0, 0.0, 10.0, 0.0, 26.0, 5.0, 62.0
2599914, B4U62_RS13605, T->G, noncoding, -0.312411329878, 0.3725, 7, 1, 1, 1, 1, 1, FAIL, 13.0, 193.0, 2.0, 35.0, 1.0, 26.0, 0.0, 31.0, 2.0, 11.0, 3.0, 26.0, 5.0, 62.0
2599919, B4U62_RS13605, C->G, noncoding, 0.000610373702125, 0.3439, 7, 1, 1, 1, 1, 1, FAIL, 6.0, 197.0, 1.0, 33.0, 2.0, 24.0, 3.0, 32.0, 0.0, 11.0, 6.0, 25.0, 2.0, 63.0
2599921, B4U62_RS13605, T->G, noncoding, -0.51068388263, 0.3531, 7, 1, 1, 1, 1, 1, FAIL, 9.0, 197.0, 7.0, 33.0, 0.0, 24.0, 5.0, 32.0, 2.0, 12.0, 3.0, 25.0, 9.0, 63.0
2599926, B4U62_RS13605, A->G, noncoding, 0.195077024865, 0.3423, 7, 1, 1, 1, 1, 1, FAIL, 6.0, 207.0, 3.0, 37.0, 2.0, 26.0, 0.0, 30.0, 3.0, 12.0, 5.0, 32.0, 3.0, 68.0
2599927, B4U62_RS13605, T->G, noncoding, -1.05334392438, 0.3738, 7, 1, 1, 1, 1, 1, FAIL, 5.0, 211.0, 6.0, 37.0, 0.0, 27.0, 1.0, 30.0, 0.0, 12.0, 0.0, 32.0, 4.0, 68.0
2599929, B4U62_RS13605, C->G, noncoding, 0.54744146243, 0.1062, 7, 1, 1, 1, 1, 1, FAIL, 8.0, 210.0, 2.0, 42.0, 2.0, 29.0, 5.0, 31.0, 3.0, 13.0, 6.0, 34.0, 7.0, 70.0
2599937, B4U62_RS13605, T->G, noncoding, 0.425950042938, 0.2342, 7, 1, 1, 1, 1, 1, FAIL, 3.0, 224.0, 2.0, 45.0, 0.0, 31.0, 2.0, 35.0, 3.0, 15.0, 1.0, 36.0, 4.0, 71.0
2599948, B4U62_RS13605, T->G, noncoding, -3.38655462185, 0.3801, 7, 1, 1, 1, 1, 1, FAIL, 7.0, 244.0, 2.0, 56.0, 0.0, 33.0, 2.0, 41.0, 3.0, 21.0, 1.0, 37.0, 2.0, 90.0
2599953, B4U62_RS13605, A->T, noncoding, 1.19411018064, 0.149, 7, 1, 1, 1, 1, 1, FAIL, 3.0, 247.0, 0.0, 55.0, 1.0, 35.0, 2.0, 42.0, 3.0, 21.0, 2.0, 37.0, 1.0, 90.0
2621043, B4U62_RS13725, C->A, synonymous, -0.261845872251, 0.3946, 7, 1, 1, 1, 1, 1, FAIL, 28.0, 370.0, 6.0, 106.0, 10.0, 86.0, 3.0, 91.0, 8.0, 35.0, 9.0, 204.0, 14.0, 177.0
2621063, B4U62_RS13725, G->T, missense, -3.39801545607, 0.3982, 7, 1, 1, 1, 1, 1, FAIL, 6.0, 294.0, 3.0, 75.0, 0.0, 65.0, 1.0, 76.0, 4.0, 28.0, 1.0, 168.0, 2.0, 128.0
2628866, B4U62_RS13760, C->A, missense, -1.30986442383, 0.3728, 7, 1, 1, 1, 1, 1, FAIL, 7.0, 207.0, 5.0, 49.0, 2.0, 59.0, 0.0, 59.0, 3.0, 21.0, 1.0, 118.0, 5.0, 104.0
2646703, B4U62_RS13860, T->G, missense, -7.20192307692, 0.4006, 7, 1, 1, 1, 1, 1, FAIL, 5.0, 288.0, 0.0, 63.0, 0.0, 55.0, 0.0, 81.0, 3.0, 26.0, 2.0, 200.0, 2.0, 140.0
2672645, B4U62_RS14035, G->T, missense, -5.10124434854, 0.4121, 7, 1, 1, 1, 1, 1, FAIL, 2.0, 238.0, 1.0, 59.0, 1.0, 68.0, 1.0, 85.0, 3.0, 25.0, 2.0, 132.0, 0.0, 136.0
2672668, B4U62_RS14035, G->T, missense, 0.0420345198771, 0.3896, 7, 1, 1, 1, 1, 1, FAIL, 6.0, 244.0, 3.0, 58.0, 0.0, 60.0, 3.0, 67.0, 3.0, 21.0, 6.0, 134.0, 0.0, 125.0
2698807, B4U62_RS14210, C->A, noncoding, 2.95685213146, 0.0977, 7, 1, 1, 1, 1, 1, PASS, 0.0, 274.0, 0.0, 50.0, 0.0, 40.0, 3.0, 50.0, 3.0, 19.0, 6.0, 75.0, 0.0, 69.0
2700119, B4U62_RS14225, C->A, missense, -0.0886939549901, 0.38, 7, 1, 1, 1, 1, 1, FAIL, 20.0, 323.0, 1.0, 56.0, 3.0, 67.0, 1.0, 67.0, 6.0, 34.0, 9.0, 121.0, 2.0, 117.0
2700144, B4U62_RS14225, G->T, missense, -1.03364198983, 0.4163, 7, 1, 1, 1, 1, 1, FAIL, 9.0, 289.0, 0.0, 57.0, 0.0, 58.0, 0.0, 65.0, 5.0, 31.0, 1.0, 110.0, 3.0, 113.0
2700157, B4U62_RS14225, C->A, nonsense, 0.281918884895, 0.0786, 7, 1, 1, 1, 1, 1, PASS, 11.0, 312.0, 3.0, 59.0, 5.0, 64.0, 4.0, 77.0, 6.0, 35.0, 7.0, 129.0, 10.0, 118.0
2700160, B4U62_RS14225, G->T, missense, -8.12, 0.4095, 7, 1, 1, 1, 1, 1, FAIL, 3.0, 310.0, 0.0, 57.0, 0.0, 65.0, 1.0, 76.0, 4.0, 35.0, 2.0, 134.0, 0.0, 121.0
2701348, B4U62_RS14230, C->G, synonymous, 0.212565318068, 0.3255, 7, 1, 1, 1, 1, 1, FAIL, 1.0, 265.0, 1.0, 60.0, 1.0, 44.0, 4.0, 77.0, 3.0, 23.0, 2.0, 85.0, 1.0, 111.0
2701351, B4U62_RS14230, G->T, synonymous, 0.0267407471802, 0.192, 7, 1, 1, 1, 1, 1, FAIL, 36.0, 264.0, 12.0, 60.0, 15.0, 45.0, 20.0, 76.0, 10.0, 23.0, 18.0, 86.0, 25.0, 111.0
2701373, B4U62_RS14230, G->T, synonymous, -0.256677590076, 0.3872, 7, 1, 1, 1, 1, 1, FAIL, 35.0, 221.0, 9.0, 54.0, 6.0, 36.0, 7.0, 61.0, 7.0, 21.0, 10.0, 79.0, 16.0, 102.0
2701378, intergenic, G->T, noncoding, 0.0488452584072, 0.0569, 7, 1, 1, 1, 1, 1, PASS, 32.0, 216.0, 16.0, 50.0, 14.0, 37.0, 20.0, 60.0, 10.0, 22.0, 20.0, 77.0, 24.0, 93.0
2701381, intergenic, T->A, noncoding, -0.0707174942495, 0.3803, 7, 1, 1, 1, 1, 1, FAIL, 15.0, 218.0, 6.0, 50.0, 7.0, 37.0, 5.0, 63.0, 0.0, 22.0, 4.0, 80.0, 12.0, 95.0
2701385, intergenic, G->T, noncoding, 0.0260468937036, 0.2451, 7, 1, 1, 1, 1, 1, FAIL, 30.0, 216.0, 12.0, 51.0, 12.0, 38.0, 14.0, 64.0, 8.0, 23.0, 13.0, 82.0, 16.0, 90.0
2701389, intergenic, T->C, noncoding, -3.97368421053, 0.4053, 7, 1, 1, 1, 1, 1, FAIL, 6.0, 218.0, 1.0, 49.0, 6.0, 38.0, 2.0, 68.0, 0.0, 24.0, 0.0, 81.0, 3.0, 89.0
2701411, intergenic, G->T, noncoding, -0.00838272509671, 0.2904, 7, 1, 1, 1, 1, 1, FAIL, 36.0, 227.0, 17.0, 53.0, 14.0, 44.0, 24.0, 76.0, 8.0, 24.0, 14.0, 87.0, 27.0, 96.0
2724992, intergenic, C->A, noncoding, -0.389919881235, 0.3613, 7, 1, 1, 1, 1, 1, FAIL, 5.0, 248.0, 7.0, 48.0, 1.0, 37.0, 3.0, 39.0, 0.0, 27.0, 1.0, 23.0, 4.0, 93.0
2751790, intergenic, C->A, noncoding, -0.406112862735, 0.3823, 7, 1, 1, 1, 1, 1, FAIL, 15.0, 372.0, 2.0, 85.0, 1.0, 72.0, 2.0, 105.0, 3.0, 21.0, 2.0, 141.0, 8.0, 152.0
2772462, B4U62_RS14655, G->T, missense, -0.0555776703788, 0.386, 7, 1, 1, 1, 1, 1, FAIL, 4.0, 257.0, 2.0, 55.0, 2.0, 64.0, 0.0, 52.0, 3.0, 21.0, 5.0, 136.0, 2.0, 122.0
2786581, B4U62_RS14715, C->A, missense, -1.02430376793, 0.3928, 7, 1, 1, 1, 1, 1, FAIL, 4.0, 203.0, 2.0, 61.0, 2.0, 49.0, 1.0, 64.0, 3.0, 17.0, 1.0, 126.0, 1.0, 102.0
2808403, B4U62_RS14835, G->T, missense, -1.94550591558, 0.4062, 7, 1, 1, 1, 1, 1, FAIL, 4.0, 236.0, 2.0, 71.0, 0.0, 64.0, 1.0, 84.0, 3.0, 23.0, 1.0, 121.0, 1.0, 121.0
2810621, B4U62_RS14850, T->G, missense, -0.576225467536, 0.3843, 7, 1, 1, 1, 1, 1, FAIL, 6.0, 349.0, 4.0, 104.0, 1.0, 84.0, 1.0, 92.0, 5.0, 34.0, 7.0, 243.0, 3.0, 167.0
2828104, B4U62_RS14925, C->T, missense, 0.600470182575, 0.0507, 7, 1, 1, 1, 1, 1, PASS, 0.0, 306.0, 26.0, 67.0, 75.0, 86.0, 81.0, 81.0, 26.0, 26.0, 172.0, 172.0, 136.0, 139.0
2833580, B4U62_RS14955, G->T, missense, -2.35987450858, 0.413, 7, 1, 1, 1, 1, 1, FAIL, 1.0, 265.0, 1.0, 69.0, 2.0, 94.0, 0.0, 80.0, 4.0, 28.0, 3.0, 163.0, 1.0, 141.0
2843244, B4U62_RS15015, G->T, synonymous, -10.9431818182, 0.4152, 7, 1, 1, 1, 1, 1, FAIL, 3.0, 364.0, 1.0, 82.0, 0.0, 97.0, 0.0, 89.0, 3.0, 24.0, 2.0, 204.0, 2.0, 191.0
2848792, B4U62_RS15040, C->A, synonymous, -0.0401161783928, 0.3991, 7, 1, 1, 1, 1, 1, FAIL, 12.0, 242.0, 4.0, 68.0, 2.0, 58.0, 6.0, 88.0, 5.0, 17.0, 9.0, 123.0, 5.0, 118.0
2861120, B4U62_RS15120, C->A, missense, -1.04658477099, 0.4028, 7, 1, 1, 1, 1, 1, FAIL, 7.0, 348.0, 3.0, 110.0, 3.0, 86.0, 3.0, 110.0, 6.0, 41.0, 5.0, 212.0, 5.0, 184.0
2864038, B4U62_RS15135, C->A, missense, -3.04682222191, 0.3928, 7, 1, 1, 1, 1, 1, FAIL, 5.0, 308.0, 0.0, 69.0, 3.0, 70.0, 0.0, 92.0, 3.0, 25.0, 1.0, 182.0, 3.0, 149.0
2880732, B4U62_RS15210, T->G, synonymous, 1.59547043519, 0.0613, 7, 1, 1, 1, 1, 1, PASS, 3.0, 393.0, 0.0, 65.0, 2.0, 67.0, 4.0, 90.0, 3.0, 24.0, 2.0, 160.0, 2.0, 151.0
2886778, B4U62_RS15225, C->A, nonsense, 0.00860477575909, 0.3829, 7, 1, 1, 1, 1, 1, FAIL, 14.0, 257.0, 9.0, 54.0, 5.0, 55.0, 1.0, 70.0, 0.0, 28.0, 9.0, 112.0, 6.0, 120.0
2893620, B4U62_RS15250, G->A, missense, 0.619730950302, 0.0611, 7, 1, 1, 1, 1, 1, PASS, 0.0, 275.0, 18.0, 64.0, 56.0, 70.0, 70.0, 70.0, 17.0, 17.0, 145.0, 145.0, 132.0, 132.0
2893746, B4U62_RS15255, C->A, synonymous, -2.02211429428, 0.4076, 7, 1, 1, 1, 1, 1, FAIL, 2.0, 334.0, 0.0, 78.0, 2.0, 88.0, 1.0, 93.0, 6.0, 35.0, 2.0, 182.0, 2.0, 166.0
2897362, intergenic, C->A, noncoding, -2.63109503128, 0.405, 7, 1, 1, 1, 1, 1, FAIL, 11.0, 303.0, 0.0, 67.0, 2.0, 59.0, 3.0, 79.0, 4.0, 26.0, 5.0, 133.0, 2.0, 133.0
2901227, B4U62_RS15305, C->A, nonsense, 0.0982351300267, 0.4041, 7, 1, 1, 1, 1, 1, FAIL, 2.0, 197.0, 0.0, 37.0, 1.0, 59.0, 0.0, 63.0, 3.0, 22.0, 3.0, 88.0, 0.0, 89.0
2903364, B4U62_RS15315, G->A, missense, 2.23286494426, 0.0877, 7, 1, 1, 1, 1, 1, PASS, 0.0, 334.0, 0.0, 76.0, 0.0, 59.0, 2.0, 73.0, 6.0, 23.0, 6.0, 108.0, 0.0, 123.0
2921289, B4U62_RS15415, C->A, missense, 1.33164784415, 0.1098, 7, 1, 1, 1, 1, 1, FAIL, 2.0, 185.0, 0.0, 50.0, 0.0, 44.0, 0.0, 44.0, 3.0, 21.0, 3.0, 81.0, 1.0, 79.0
2926842, B4U62_RS15435, G->A, missense, 1.18833100045, 0.0406, 7, 1, 1, 1, 1, 1, PASS, 0.0, 219.0, 0.0, 76.0, 0.0, 83.0, 30.0, 75.0, 21.0, 21.0, 115.0, 115.0, 128.0, 129.0
2972946, B4U62_RS15665, A->G, missense, 0.731903380251, 0.0214, 7, 1, 1, 1, 1, 1, PASS, 0.0, 300.0, 0.0, 83.0, 70.0, 97.0, 123.0, 125.0, 57.0, 57.0, 198.0, 198.0, 176.0, 177.0
2984185, B4U62_RS15705, C->A, missense, -0.217065286763, 0.3921, 7, 1, 1, 1, 1, 1, FAIL, 10.0, 223.0, 3.0, 70.0, 1.0, 78.0, 1.0, 71.0, 3.0, 21.0, 5.0, 148.0, 7.0, 115.0
2987087, B4U62_RS15720, G->A, missense, 0.790754031366, 0.3117, 7, 1, 1, 1, 1, 1, FAIL, 344.0, 538.0, 151.0, 151.0, 140.0, 142.0, 158.0, 158.0, 60.0, 60.0, 301.0, 304.0, 234.0, 236.0
2989277, B4U62_RS15730, C->A, missense, -0.396754530203, 0.4095, 7, 1, 1, 1, 1, 1, FAIL, 4.0, 234.0, 0.0, 52.0, 0.0, 53.0, 0.0, 63.0, 3.0, 20.0, 4.0, 146.0, 0.0, 90.0
2997410, B4U62_RS15770, T->C, missense, 0.630284033624, 0.0596, 7, 1, 1, 1, 1, 1, PASS, 0.0, 334.0, 30.0, 95.0, 86.0, 93.0, 97.0, 97.0, 34.0, 34.0, 227.0, 228.0, 137.0, 138.0
3010827, B4U62_RS15845, C->A, nonsense, 0.0310008680709, 0.0894, 7, 1, 1, 1, 1, 1, PASS, 32.0, 218.0, 19.0, 79.0, 12.0, 55.0, 22.0, 69.0, 8.0, 25.0, 28.0, 110.0, 22.0, 125.0
3010838, B4U62_RS15845, C->G, missense, -0.715452897592, 0.3969, 7, 1, 1, 1, 1, 1, FAIL, 8.0, 236.0, 2.0, 81.0, 2.0, 58.0, 0.0, 72.0, 3.0, 23.0, 2.0, 115.0, 2.0, 130.0
3010860, B4U62_RS15845, A->C, missense, 0.0999240618788, 0.3055, 7, 1, 1, 1, 1, 1, FAIL, 10.0, 240.0, 7.0, 84.0, 2.0, 58.0, 4.0, 68.0, 4.0, 22.0, 4.0, 122.0, 4.0, 124.0
3010870, B4U62_RS15845, C->A, missense, -0.0201853417467, 0.3026, 7, 1, 1, 1, 1, 1, FAIL, 21.0, 231.0, 14.0, 85.0, 14.0, 55.0, 13.0, 69.0, 5.0, 19.0, 24.0, 119.0, 22.0, 121.0
3013057, B4U62_RS15855, C->A, nonsense, -1.4821560638, 0.4153, 7, 1, 1, 1, 1, 1, FAIL, 2.0, 247.0, 1.0, 85.0, 1.0, 51.0, 0.0, 86.0, 3.0, 26.0, 2.0, 116.0, 1.0, 111.0
3024771, B4U62_RS15920, A->G, synonymous, 1.27077655585, 0.1235, 7, 1, 1, 1, 1, 1, FAIL, 0.0, 271.0, 0.0, 84.0, 0.0, 75.0, 0.0, 86.0, 5.0, 29.0, 43.0, 158.0, 47.0, 150.0
3029775, B4U62_RS15945, C->A, nonsense, 0.109714753189, 0.2653, 7, 1, 1, 1, 1, 1, FAIL, 16.0, 194.0, 2.0, 55.0, 4.0, 47.0, 8.0, 65.0, 6.0, 27.0, 12.0, 81.0, 9.0, 100.0
3029820, B4U62_RS15945, C->A, nonsense, 0.0709117959931, 0.3854, 7, 1, 1, 1, 1, 1, FAIL, 8.0, 188.0, 1.0, 67.0, 4.0, 47.0, 5.0, 70.0, 5.0, 24.0, 11.0, 113.0, 10.0, 113.0
3036551, intergenic, C->A, noncoding, 0.171466589715, 0.212, 7, 1, 1, 1, 1, 1, FAIL, 7.0, 293.0, 2.0, 94.0, 3.0, 81.0, 2.0, 107.0, 4.0, 25.0, 1.0, 93.0, 1.0, 145.0
3043610, B4U62_RS16015, A->C, synonymous, -2.1933661446, 0.4042, 7, 1, 1, 1, 1, 1, FAIL, 6.0, 204.0, 0.0, 47.0, 0.0, 37.0, 1.0, 43.0, 3.0, 15.0, 3.0, 94.0, 1.0, 75.0
3047249, B4U62_RS16035, G->A, nonsense, 0.55452760477, 0.195, 7, 1, 1, 1, 1, 1, FAIL, 0.0, 393.0, 64.0, 106.0, 110.0, 110.0, 107.0, 109.0, 19.0, 19.0, 275.0, 275.0, 174.0, 174.0
3054077, B4U62_RS16060, C->A, synonymous, -0.142079334724, 0.3912, 7, 1, 1, 1, 1, 1, FAIL, 4.0, 273.0, 1.0, 70.0, 1.0, 58.0, 1.0, 71.0, 3.0, 16.0, 5.0, 134.0, 4.0, 107.0
3054536, B4U62_RS16065, C->A, noncoding, -3.11945012649, 0.3894, 7, 1, 1, 1, 1, 1, FAIL, 4.0, 281.0, 2.0, 60.0, 7.0, 34.0, 3.0, 67.0, 0.0, 19.0, 3.0, 109.0, 1.0, 76.0
3054555, B4U62_RS16065, C->A, noncoding, -0.642401885981, 0.3814, 7, 1, 1, 1, 1, 1, FAIL, 9.0, 289.0, 0.0, 56.0, 3.0, 35.0, 2.0, 71.0, 3.0, 17.0, 0.0, 105.0, 3.0, 82.0
3057254, B4U62_RS16085, C->A, missense, -0.996268476272, 0.4094, 7, 1, 1, 1, 1, 1, FAIL, 3.0, 271.0, 0.0, 99.0, 0.0, 86.0, 2.0, 95.0, 3.0, 22.0, 1.0, 157.0, 0.0, 138.0
3069666, B4U62_RS16140, C->A, synonymous, -0.479123641611, 0.3875, 7, 1, 1, 1, 1, 1, FAIL, 5.0, 137.0, 8.0, 50.0, 0.0, 27.0, 7.0, 62.0, 3.0, 12.0, 6.0, 73.0, 3.0, 65.0
3070231, intergenic, C->A, noncoding, -1.41808821971, 0.4026, 7, 1, 1, 1, 1, 1, FAIL, 5.0, 220.0, 1.0, 47.0, 0.0, 59.0, 0.0, 75.0, 3.0, 23.0, 1.0, 88.0, 3.0, 115.0
3073021, B4U62_RS16160, A->C, missense, 0.28739418184, 0.2459, 7, 1, 1, 1, 1, 1, FAIL, 2.0, 270.0, 1.0, 65.0, 2.0, 79.0, 0.0, 78.0, 3.0, 25.0, 4.0, 107.0, 1.0, 150.0
3094374, B4U62_RS16250, T->G, missense, -3.81614437478, 0.4007, 7, 1, 1, 1, 1, 1, FAIL, 2.0, 237.0, 2.0, 76.0, 1.0, 74.0, 2.0, 70.0, 5.0, 33.0, 1.0, 121.0, 2.0, 135.0
3099050, B4U62_RS16270, C->A, synonymous, -0.116263805151, 0.3744, 7, 1, 1, 1, 1, 1, FAIL, 8.0, 270.0, 9.0, 82.0, 4.0, 65.0, 5.0, 63.0, 0.0, 25.0, 12.0, 136.0, 19.0, 105.0
3099085, B4U62_RS16270, G->T, synonymous, 0.0163807994484, 0.402, 7, 1, 1, 1, 1, 1, FAIL, 14.0, 254.0, 12.0, 84.0, 9.0, 72.0, 18.0, 74.0, 2.0, 26.0, 30.0, 169.0, 30.0, 120.0
3099090, B4U62_RS16270, G->T, missense, 0.0285615640205, 0.3758, 7, 1, 1, 1, 1, 1, FAIL, 20.0, 260.0, 16.0, 85.0, 18.0, 70.0, 19.0, 73.0, 3.0, 28.0, 51.0, 169.0, 34.0, 120.0
3101522, B4U62_RS16285, A->C, synonymous, -10.0444444444, 0.4105, 7, 1, 1, 1, 1, 1, FAIL, 5.0, 494.0, 1.0, 129.0, 1.0, 127.0, 1.0, 161.0, 5.0, 45.0, 0.0, 301.0, 2.0, 234.0
3134602, B4U62_RS16440, C->T, synonymous, 1.71814813728, 0.1043, 7, 1, 1, 1, 1, 1, FAIL, 0.0, 268.0, 0.0, 73.0, 0.0, 98.0, 0.0, 82.0, 5.0, 23.0, 15.0, 160.0, 2.0, 148.0
3146119, B4U62_RS16525, A->T, synonymous, -1.11587540279, 0.4031, 7, 1, 1, 1, 1, 1, FAIL, 12.0, 306.0, 3.0, 67.0, 2.0, 63.0, 3.0, 89.0, 3.0, 21.0, 4.0, 135.0, 3.0, 133.0
3152229, B4U62_RS16550, T->A, synonymous, 0.138155703844, 0.0613, 7, 1, 1, 1, 1, 1, PASS, 10.0, 340.0, 10.0, 91.0, 5.0, 78.0, 10.0, 98.0, 6.0, 33.0, 17.0, 172.0, 9.0, 141.0
3183836, B4U62_RS16785, C->A, noncoding, -7.64, 0.3929, 7, 1, 1, 1, 1, 1, FAIL, 4.0, 293.0, 1.0, 82.0, 0.0, 78.0, 1.0, 91.0, 3.0, 25.0, 2.0, 88.0, 0.0, 135.0
3211785, B4U62_RS16905, C->A, missense, 0.789646950341, 0.0626, 7, 1, 1, 1, 1, 1, PASS, 3.0, 379.0, 3.0, 90.0, 2.0, 81.0, 1.0, 99.0, 3.0, 24.0, 2.0, 169.0, 3.0, 150.0
3218325, B4U62_RS16940, G->T, nonsense, -0.255737784538, 0.3798, 7, 1, 1, 1, 1, 1, FAIL, 7.0, 178.0, 3.0, 34.0, 0.0, 34.0, 1.0, 38.0, 3.0, 20.0, 5.0, 66.0, 3.0, 89.0
3221666, B4U62_RS16965, G->T, nonsense, -0.0728718494341, 0.3906, 7, 1, 1, 1, 1, 1, FAIL, 5.0, 242.0, 0.0, 68.0, 0.0, 48.0, 2.0, 52.0, 3.0, 17.0, 0.0, 93.0, 0.0, 69.0
3222359, B4U62_RS16970, G->T, missense, -2.67263791955, 0.4048, 7, 1, 1, 1, 1, 1, FAIL, 1.0, 343.0, 3.0, 89.0, 1.0, 66.0, 0.0, 87.0, 4.0, 28.0, 2.0, 160.0, 1.0, 137.0
3226541, B4U62_RS16990, G->T, synonymous, -0.044535243677, 0.3936, 7, 1, 1, 1, 1, 1, FAIL, 16.0, 270.0, 6.0, 78.0, 5.0, 73.0, 4.0, 97.0, 4.0, 23.0, 7.0, 168.0, 4.0, 154.0
3228137, B4U62_RS17000, G->A, missense, 0.57696697632, 0.1165, 7, 1, 1, 1, 1, 1, FAIL, 0.0, 262.0, 24.0, 77.0, 59.0, 66.0, 60.0, 60.0, 19.0, 19.0, 118.0, 119.0, 98.0, 98.0
3228718, B4U62_RS17005, G->T, noncoding, -2.34467935247, 0.3935, 7, 1, 1, 1, 1, 1, FAIL, 5.0, 254.0, 0.0, 65.0, 0.0, 56.0, 1.0, 72.0, 3.0, 20.0, 0.0, 110.0, 5.0, 109.0
3236319, intergenic, C->A, noncoding, 0.0312835620816, 0.4046, 7, 1, 1, 1, 1, 1, FAIL, 15.0, 261.0, 6.0, 61.0, 6.0, 86.0, 8.0, 99.0, 5.0, 28.0, 4.0, 113.0, 6.0, 156.0
3237976, B4U62_RS17055, G->T, nonsense, -1.1256403636, 0.3865, 7, 1, 1, 1, 1, 1, FAIL, 8.0, 310.0, 3.0, 89.0, 2.0, 73.0, 0.0, 79.0, 3.0, 24.0, 2.0, 149.0, 2.0, 140.0
3242617, B4U62_RS17070, G->T, nonsense, -0.227750968958, 0.388, 7, 1, 1, 1, 1, 1, FAIL, 15.0, 230.0, 2.0, 73.0, 3.0, 64.0, 4.0, 78.0, 4.0, 24.0, 6.0, 163.0, 6.0, 156.0
3248774, B4U62_RS17095, T->G, synonymous, -3.98635158139, 0.394, 7, 1, 1, 1, 1, 1, FAIL, 3.0, 286.0, 3.0, 75.0, 2.0, 73.0, 2.0, 67.0, 5.0, 22.0, 2.0, 131.0, 4.0, 111.0
3265607, B4U62_RS17215, C->A, missense, -1.78250335457, 0.4056, 7, 1, 1, 1, 1, 1, FAIL, 2.0, 217.0, 2.0, 68.0, 0.0, 69.0, 1.0, 82.0, 3.0, 25.0, 1.0, 105.0, 1.0, 116.0
3274555, B4U62_RS17235, C->A, synonymous, -0.177013528157, 0.3872, 7, 1, 1, 1, 1, 1, FAIL, 8.0, 219.0, 5.0, 42.0, 2.0, 46.0, 2.0, 43.0, 1.0, 16.0, 5.0, 87.0, 14.0, 77.0
3317477, B4U62_RS17430, G->T, noncoding, -1.20057222172, 0.3871, 7, 1, 1, 1, 1, 1, FAIL, 3.0, 285.0, 0.0, 62.0, 2.0, 73.0, 1.0, 78.0, 3.0, 25.0, 1.0, 141.0, 5.0, 127.0
3319913, B4U62_RS17450, A->C, synonymous, -1.88210248207, 0.4174, 7, 1, 1, 1, 1, 1, FAIL, 6.0, 295.0, 1.0, 80.0, 0.0, 76.0, 0.0, 68.0, 3.0, 20.0, 1.0, 167.0, 2.0, 124.0
3326852, B4U62_RS17490, G->T, missense, -0.112209467731, 0.3897, 7, 1, 1, 1, 1, 1, FAIL, 9.0, 298.0, 3.0, 86.0, 5.0, 81.0, 5.0, 101.0, 3.0, 21.0, 6.0, 182.0, 2.0, 130.0
3335681, intergenic, G->T, noncoding, 0.597134716763, 0.0604, 7, 1, 1, 1, 1, 1, PASS, 4.0, 334.0, 7.0, 116.0, 2.0, 87.0, 2.0, 93.0, 4.0, 23.0, 6.0, 143.0, 5.0, 151.0
3335690, intergenic, G->T, noncoding, -0.131122258155, 0.3836, 7, 1, 1, 1, 1, 1, FAIL, 15.0, 336.0, 7.0, 118.0, 8.0, 86.0, 3.0, 94.0, 4.0, 23.0, 9.0, 151.0, 13.0, 157.0
3342816, B4U62_RS17560, G->T, missense, 0.0168084879801, 0.2649, 7, 1, 1, 1, 1, 1, FAIL, 65.0, 401.0, 20.0, 121.0, 24.0, 153.0, 25.0, 150.0, 10.0, 36.0, 54.0, 256.0, 40.0, 230.0
3354497, B4U62_RS17620, G->T, missense, 0.0118792044302, 0.3983, 7, 1, 1, 1, 1, 1, FAIL, 20.0, 347.0, 4.0, 88.0, 6.0, 75.0, 5.0, 95.0, 5.0, 22.0, 5.0, 117.0, 7.0, 146.0
3356527, B4U62_RS17635, T->C, missense, 1.3668788733, 0.0795, 7, 1, 1, 1, 1, 1, PASS, 0.0, 548.0, 0.0, 112.0, 0.0, 114.0, 47.0, 126.0, 42.0, 42.0, 257.0, 258.0, 181.0, 182.0
3360524, B4U62_RS17655, G->A, missense, 1.22028176076, 0.06, 7, 1, 1, 1, 1, 1, PASS, 0.0, 342.0, 0.0, 87.0, 3.0, 107.0, 41.0, 76.0, 26.0, 26.0, 168.0, 168.0, 135.0, 136.0
3365838, B4U62_RS17700, C->A, synonymous, -3.51956819819, 0.3948, 7, 1, 1, 1, 1, 1, FAIL, 0.0, 291.0, 1.0, 72.0, 3.0, 71.0, 0.0, 82.0, 3.0, 18.0, 2.0, 111.0, 1.0, 99.0
3376611, intergenic, G->T, noncoding, -1.4575003824, 0.4128, 7, 1, 1, 1, 1, 1, FAIL, 5.0, 300.0, 0.0, 82.0, 0.0, 84.0, 1.0, 60.0, 3.0, 24.0, 2.0, 105.0, 3.0, 129.0
3399496, B4U62_RS17895, A->C, missense, -3.75647544233, 0.4153, 7, 1, 1, 1, 1, 1, FAIL, 6.0, 355.0, 3.0, 106.0, 2.0, 105.0, 0.0, 119.0, 5.0, 41.0, 2.0, 206.0, 4.0, 192.0
3411716, B4U62_RS17960, T->C, synonymous, 1.43959287583, 0.0987, 7, 1, 1, 1, 1, 1, PASS, 0.0, 309.0, 0.0, 103.0, 0.0, 118.0, 0.0, 100.0, 4.0, 24.0, 29.0, 152.0, 47.0, 155.0
3419489, B4U62_RS18000, A->T, missense, 0.697844506943, 0.0641, 7, 1, 1, 1, 1, 1, PASS, 1.0, 209.0, 0.0, 58.0, 35.0, 47.0, 67.0, 69.0, 27.0, 27.0, 52.0, 52.0, 98.0, 99.0
3426816, B4U62_RS18045, C->A, missense, -5.42398667872, 0.4124, 7, 1, 1, 1, 1, 1, FAIL, 5.0, 272.0, 1.0, 75.0, 0.0, 58.0, 1.0, 83.0, 3.0, 22.0, 3.0, 142.0, 0.0, 102.0
3441043, B4U62_RS18090, T->C, noncoding, 0.532924904656, 0.1573, 7, 1, 1, 1, 1, 1, FAIL, 0.0, 302.0, 31.0, 69.0, 61.0, 63.0, 83.0, 85.0, 29.0, 29.0, 72.0, 73.0, 101.0, 102.0
3448847, B4U62_RS18130, C->A, missense, -1.06755787021, 0.3949, 7, 1, 1, 1, 1, 1, FAIL, 7.0, 439.0, 2.0, 145.0, 4.0, 152.0, 3.0, 140.0, 6.0, 43.0, 4.0, 188.0, 2.0, 229.0
3457493, B4U62_RS18185, G->T, missense, -0.114595597021, 0.384, 7, 1, 1, 1, 1, 1, FAIL, 15.0, 218.0, 9.0, 65.0, 1.0, 51.0, 13.0, 60.0, 2.0, 16.0, 17.0, 133.0, 14.0, 110.0
3475694, B4U62_RS18290, C->A, missense, -0.16030304527, 0.3915, 7, 1, 1, 1, 1, 1, FAIL, 10.0, 295.0, 4.0, 79.0, 7.0, 77.0, 4.0, 87.0, 1.0, 19.0, 19.0, 111.0, 5.0, 97.0
3479504, B4U62_RS18310, G->T, missense, 0.692528035434, 0.3318, 7, 1, 1, 1, 1, 1, FAIL, 125.0, 331.0, 81.0, 82.0, 110.0, 111.0, 110.0, 110.0, 31.0, 31.0, 194.0, 195.0, 188.0, 189.0
3494206, B4U62_RS18375, A->C, missense, -0.412457504857, 0.4011, 7, 1, 1, 1, 1, 1, FAIL, 2.0, 348.0, 2.0, 95.0, 3.0, 109.0, 2.0, 133.0, 3.0, 26.0, 1.0, 221.0, 3.0, 175.0
3507550, B4U62_RS18435, C->A, nonsense, -0.518513350779, 0.3893, 7, 1, 1, 1, 1, 1, FAIL, 4.0, 224.0, 1.0, 50.0, 1.0, 34.0, 2.0, 44.0, 3.0, 13.0, 5.0, 94.0, 3.0, 84.0
3511223, B4U62_RS18450, G->A, missense, 0.728317597255, 0.3856, 7, 1, 1, 1, 1, 1, FAIL, 0.0, 277.0, 0.0, 117.0, 0.0, 89.0, 0.0, 102.0, 8.0, 40.0, 45.0, 161.0, 2.0, 153.0
3519462, B4U62_RS18490, G->T, missense, -0.0251333313978, 0.3822, 7, 1, 1, 1, 1, 1, FAIL, 26.0, 256.0, 15.0, 71.0, 20.0, 65.0, 9.0, 65.0, 6.0, 30.0, 29.0, 135.0, 25.0, 138.0
3532789, B4U62_RS18555, C->A, synonymous, 0.299190067953, 0.1414, 7, 1, 1, 1, 1, 1, FAIL, 8.0, 296.0, 0.0, 79.0, 1.0, 61.0, 1.0, 87.0, 3.0, 15.0, 6.0, 155.0, 3.0, 124.0
3532825, B4U62_RS18555, C->A, noncoding, -2.08227172662, 0.4005, 7, 1, 1, 1, 1, 1, FAIL, 8.0, 280.0, 0.0, 87.0, 1.0, 70.0, 1.0, 80.0, 3.0, 19.0, 4.0, 160.0, 1.0, 135.0
3554596, B4U62_RS18665, C->A, nonsense, -0.00310246927332, 0.3868, 7, 1, 1, 1, 1, 1, FAIL, 22.0, 243.0, 4.0, 69.0, 10.0, 67.0, 14.0, 58.0, 3.0, 27.0, 12.0, 123.0, 17.0, 99.0
3554744, B4U62_RS18665, C->A, synonymous, 0.223167816815, 0.3585, 7, 1, 1, 1, 1, 1, FAIL, 5.0, 191.0, 0.0, 70.0, 4.0, 61.0, 3.0, 54.0, 3.0, 19.0, 11.0, 108.0, 0.0, 100.0
3555877, B4U62_RS18665, G->T, noncoding, -3.77948576156, 0.3859, 7, 1, 1, 1, 1, 1, FAIL, 1.0, 291.0, 2.0, 81.0, 3.0, 79.0, 0.0, 81.0, 3.0, 24.0, 1.0, 104.0, 0.0, 125.0
3583780, B4U62_RS18800, T->C, missense, 0.516787161638, 0.1505, 7, 1, 1, 1, 1, 1, FAIL, 3.0, 469.0, 90.0, 139.0, 142.0, 146.0, 133.0, 136.0, 36.0, 38.0, 292.0, 292.0, 231.0, 233.0
3613255, B4U62_RS18950, C->A, synonymous, -0.0923392610075, 0.3821, 7, 1, 1, 1, 1, 1, FAIL, 48.0, 297.0, 4.0, 80.0, 15.0, 102.0, 12.0, 76.0, 7.0, 29.0, 24.0, 166.0, 15.0, 150.0
3613284, B4U62_RS18950, C->A, missense, 0.010661845286, 0.3926, 7, 1, 1, 1, 1, 1, FAIL, 34.0, 282.0, 8.0, 78.0, 16.0, 102.0, 13.0, 80.0, 6.0, 25.0, 22.0, 160.0, 16.0, 140.0
3615681, intergenic, G->T, noncoding, 1.4160171126, 0.0728, 7, 1, 1, 1, 1, 1, PASS, 0.0, 255.0, 0.0, 58.0, 0.0, 55.0, 25.0, 58.0, 29.0, 29.0, 86.0, 86.0, 95.0, 95.0
3626352, B4U62_RS19005, T->C, missense, 0.865325033419, 0.3253, 7, 1, 1, 1, 1, 1, FAIL, 0.0, 400.0, 0.0, 93.0, 0.0, 96.0, 2.0, 103.0, 6.0, 21.0, 66.0, 191.0, 6.0, 163.0
3655160, B4U62_RS19160, C->A, missense, 0.0944489396218, 0.3876, 7, 1, 1, 1, 1, 1, FAIL, 2.0, 302.0, 3.0, 69.0, 2.0, 86.0, 2.0, 85.0, 3.0, 23.0, 0.0, 137.0, 1.0, 134.0
3658892, B4U62_RS19175, G->T, missense, -0.053159966187, 0.3906, 7, 1, 1, 1, 1, 1, FAIL, 45.0, 430.0, 11.0, 103.0, 9.0, 104.0, 18.0, 77.0, 3.0, 31.0, 16.0, 155.0, 20.0, 166.0
3715029, B4U62_RS19425, C->A, synonymous, 0.205452418421, 0.0664, 7, 1, 1, 1, 1, 1, PASS, 8.0, 205.0, 5.0, 34.0, 5.0, 32.0, 6.0, 33.0, 3.0, 14.0, 8.0, 56.0, 7.0, 91.0
3717458, B4U62_RS19435, T->A, missense, -0.00210188430789, 0.3696, 7, 1, 1, 1, 1, 1, FAIL, 2.0, 145.0, 4.0, 19.0, 2.0, 24.0, 3.0, 27.0, 2.0, 8.0, 4.0, 30.0, 3.0, 32.0
3717459, B4U62_RS19435, C->A, synonymous, 0.216547353624, 0.3717, 7, 1, 1, 1, 1, 1, FAIL, 2.0, 145.0, 3.0, 17.0, 3.0, 24.0, 1.0, 26.0, 0.0, 8.0, 4.0, 30.0, 0.0, 32.0
3717498, B4U62_RS19435, C->A, synonymous, 0.382457475498, 0.2364, 7, 1, 1, 1, 1, 1, FAIL, 4.0, 118.0, 4.0, 11.0, 6.0, 21.0, 3.0, 25.0, 1.0, 11.0, 4.0, 24.0, 1.0, 29.0
3717515, B4U62_RS19435, C->A, missense, 0.270182249445, 0.365, 7, 1, 1, 1, 1, 1, FAIL, 3.0, 122.0, 1.0, 12.0, 1.0, 20.0, 5.0, 26.0, 0.0, 11.0, 6.0, 32.0, 4.0, 29.0
3717537, B4U62_RS19435, C->A, synonymous, 0.187291431997, 0.2868, 7, 1, 1, 1, 1, 1, FAIL, 3.0, 133.0, 4.0, 18.0, 3.0, 26.0, 5.0, 24.0, 1.0, 10.0, 5.0, 38.0, 2.0, 27.0
3717548, B4U62_RS19435, G->T, synonymous, -1.62134796152, 0.3794, 7, 1, 1, 1, 1, 1, FAIL, 4.0, 132.0, 2.0, 18.0, 1.0, 27.0, 5.0, 25.0, 1.0, 10.0, 3.0, 38.0, 0.0, 32.0
3717552, B4U62_RS19435, C->A, missense, 0.228351442421, 0.3687, 7, 1, 1, 1, 1, 1, FAIL, 5.0, 142.0, 3.0, 17.0, 2.0, 26.0, 1.0, 24.0, 0.0, 10.0, 5.0, 38.0, 4.0, 30.0
3717591, B4U62_RS19435, C->A, missense, 0.914061885464, 0.1243, 7, 1, 1, 1, 1, 1, FAIL, 2.0, 132.0, 0.0, 27.0, 3.0, 24.0, 3.0, 27.0, 2.0, 11.0, 2.0, 40.0, 3.0, 38.0
3717630, B4U62_RS19435, C->A, missense, 0.243071253034, 0.354, 7, 1, 1, 1, 1, 1, FAIL, 6.0, 159.0, 1.0, 31.0, 1.0, 32.0, 3.0, 30.0, 2.0, 11.0, 7.0, 45.0, 1.0, 43.0
3726301, B4U62_RS19495, C->T, synonymous, 0.953917664437, 0.2567, 7, 1, 1, 1, 1, 1, FAIL, 399.0, 401.0, 82.0, 84.0, 94.0, 94.0, 83.0, 84.0, 21.0, 21.0, 140.0, 142.0, 124.0, 126.0
3734768, B4U62_RS19545, G->T, nonsense, -1.40419447267, 0.4155, 7, 1, 1, 1, 1, 1, FAIL, 6.0, 276.0, 0.0, 58.0, 0.0, 65.0, 1.0, 85.0, 3.0, 24.0, 2.0, 107.0, 3.0, 122.0
3739747, B4U62_RS19565, C->A, missense, -0.562762303094, 0.4095, 7, 1, 1, 1, 1, 1, FAIL, 14.0, 322.0, 4.0, 107.0, 1.0, 90.0, 3.0, 131.0, 5.0, 32.0, 3.0, 192.0, 5.0, 161.0
3743270, intergenic, G->T, noncoding, -0.0405202065163, 0.3917, 7, 1, 1, 1, 1, 1, FAIL, 11.0, 235.0, 1.0, 83.0, 1.0, 58.0, 1.0, 68.0, 3.0, 19.0, 7.0, 148.0, 2.0, 109.0
3755645, B4U62_RS19660, T->C, missense, 0.6921051709, 0.0865, 7, 1, 1, 1, 1, 1, PASS, 0.0, 307.0, 0.0, 104.0, 92.0, 109.0, 89.0, 89.0, 31.0, 31.0, 197.0, 199.0, 174.0, 174.0
3760392, B4U62_RS19690, T->G, missense, 0.227060242897, 0.2021, 7, 1, 1, 1, 1, 1, FAIL, 5.0, 312.0, 1.0, 81.0, 2.0, 60.0, 2.0, 77.0, 3.0, 23.0, 4.0, 132.0, 5.0, 116.0
3773271, B4U62_RS19780, G->T, missense, 0.0821606398308, 0.0662, 7, 1, 1, 1, 1, 1, PASS, 25.0, 384.0, 11.0, 94.0, 15.0, 76.0, 13.0, 93.0, 6.0, 50.0, 15.0, 189.0, 14.0, 159.0
3773338, B4U62_RS19780, T->G, missense, -0.157991385337, 0.3902, 7, 1, 1, 1, 1, 1, FAIL, 29.0, 389.0, 10.0, 104.0, 6.0, 116.0, 9.0, 103.0, 10.0, 50.0, 9.0, 172.0, 16.0, 186.0
3798824, B4U62_RS19950, G->T, noncoding, -2.54940768178, 0.4124, 7, 1, 1, 1, 1, 1, FAIL, 5.0, 343.0, 2.0, 79.0, 2.0, 86.0, 1.0, 105.0, 4.0, 30.0, 1.0, 172.0, 3.0, 136.0
3807532, intergenic, C->A, noncoding, 0.0, 0.2724, 7, 1, 1, 1, 1, 1, FAIL, 2.0, 296.0, 0.0, 93.0, 0.0, 82.0, 0.0, 83.0, 3.0, 26.0, 2.0, 177.0, 1.0, 141.0
3812734, B4U62_RS20015, C->A, missense, -0.256328022304, 0.3731, 7, 1, 1, 1, 1, 1, FAIL, 11.0, 332.0, 9.0, 51.0, 5.0, 55.0, 4.0, 63.0, 0.0, 15.0, 6.0, 94.0, 5.0, 95.0
3812966, B4U62_RS20015, C->A, synonymous, 0.153788260638, 0.3118, 7, 1, 1, 1, 1, 1, FAIL, 12.0, 279.0, 6.0, 64.0, 9.0, 71.0, 4.0, 61.0, 6.0, 29.0, 2.0, 94.0, 5.0, 109.0
3816578, B4U62_RS20025, C->A, noncoding, 0.249152137254, 0.2584, 7, 1, 1, 1, 1, 1, FAIL, 1.0, 426.0, 3.0, 101.0, 3.0, 119.0, 2.0, 112.0, 5.0, 42.0, 1.0, 178.0, 0.0, 180.0
3819485, B4U62_RS20045, A->C, synonymous, 0.627561642953, 0.1293, 7, 1, 1, 1, 1, 1, FAIL, 2.0, 337.0, 2.0, 100.0, 1.0, 85.0, 0.0, 73.0, 3.0, 25.0, 0.0, 194.0, 0.0, 150.0
3821248, B4U62_RS20050, A->G, missense, 1.1040651658, 0.0706, 7, 1, 1, 1, 1, 1, PASS, 1.0, 395.0, 0.0, 119.0, 0.0, 75.0, 36.0, 91.0, 20.0, 32.0, 206.0, 231.0, 192.0, 193.0
3834520, B4U62_RS20105, C->A, nonsense, 0.188300423442, 0.2845, 7, 1, 1, 1, 1, 1, FAIL, 14.0, 327.0, 2.0, 105.0, 2.0, 88.0, 7.0, 74.0, 4.0, 26.0, 4.0, 155.0, 6.0, 141.0
3851793, B4U62_RS20200, T->A, synonymous, -7.3305785124, 0.4218, 7, 1, 1, 1, 1, 1, FAIL, 3.0, 193.0, 0.0, 78.0, 1.0, 68.0, 1.0, 84.0, 3.0, 22.0, 2.0, 129.0, 1.0, 98.0
3853951, B4U62_RS20225, G->A, nonsense, 1.68842113123, 0.0858, 7, 1, 1, 1, 1, 1, PASS, 0.0, 459.0, 0.0, 119.0, 0.0, 101.0, 4.0, 120.0, 25.0, 39.0, 111.0, 204.0, 54.0, 172.0
3872305, B4U62_RS20310, G->T, missense, 0.334239549071, 0.1734, 7, 1, 1, 1, 1, 1, FAIL, 1.0, 309.0, 3.0, 82.0, 1.0, 67.0, 1.0, 106.0, 3.0, 21.0, 1.0, 171.0, 3.0, 165.0
3872394, B4U62_RS20310, C->A, synonymous, -0.00341341006842, 0.3966, 7, 1, 1, 1, 1, 1, FAIL, 9.0, 421.0, 3.0, 136.0, 2.0, 120.0, 4.0, 137.0, 4.0, 33.0, 3.0, 238.0, 3.0, 250.0
3880562, B4U62_RS20340, C->A, noncoding, -3.40347902046, 0.389, 7, 1, 1, 1, 1, 1, FAIL, 1.0, 190.0, 2.0, 46.0, 7.0, 55.0, 1.0, 42.0, 1.0, 18.0, 2.0, 77.0, 0.0, 105.0
3890433, B4U62_RS20395, C->A, missense, 0.0111841049852, 0.3867, 7, 1, 1, 1, 1, 1, FAIL, 32.0, 404.0, 13.0, 131.0, 4.0, 114.0, 13.0, 132.0, 11.0, 50.0, 24.0, 245.0, 13.0, 203.0
3906796, B4U62_RS20490, C->A, missense, -2.84850549052, 0.4059, 7, 1, 1, 1, 1, 1, FAIL, 4.0, 281.0, 3.0, 109.0, 1.0, 78.0, 2.0, 73.0, 4.0, 27.0, 1.0, 147.0, 2.0, 127.0
3907428, B4U62_RS20495, G->T, noncoding, -0.296045186661, 0.3748, 7, 1, 1, 1, 1, 1, FAIL, 19.0, 327.0, 4.0, 90.0, 5.0, 70.0, 4.0, 98.0, 6.0, 32.0, 8.0, 161.0, 5.0, 153.0
3918084, B4U62_RS20540, T->G, missense, -0.0907180082916, 0.3576, 7, 1, 1, 1, 1, 1, FAIL, 12.0, 277.0, 13.0, 90.0, 8.0, 73.0, 4.0, 67.0, 6.0, 27.0, 13.0, 126.0, 13.0, 94.0
3918089, B4U62_RS20540, G->T, nonsense, -0.01808620878, 0.2406, 7, 1, 1, 1, 1, 1, FAIL, 32.0, 286.0, 27.0, 94.0, 16.0, 77.0, 12.0, 66.0, 11.0, 30.0, 32.0, 130.0, 21.0, 97.0
3918097, B4U62_RS20540, C->A, missense, -0.00503109353462, 0.3315, 7, 1, 1, 1, 1, 1, FAIL, 54.0, 283.0, 32.0, 96.0, 27.0, 78.0, 14.0, 72.0, 11.0, 28.0, 45.0, 129.0, 36.0, 101.0
3918121, B4U62_RS20540, A->C, missense, -0.0411218799387, 0.3465, 7, 1, 1, 1, 1, 1, FAIL, 40.0, 232.0, 22.0, 81.0, 18.0, 69.0, 15.0, 63.0, 8.0, 25.0, 20.0, 112.0, 31.0, 93.0
3918122, B4U62_RS20540, G->C, synonymous, 0.0309563877147, 0.0668, 7, 1, 1, 1, 1, 1, FAIL, 48.0, 233.0, 20.0, 81.0, 24.0, 68.0, 16.0, 62.0, 11.0, 25.0, 31.0, 109.0, 29.0, 93.0
3924720, B4U62_RS20580, C->A, missense, -1.4230607877, 0.3906, 7, 1, 1, 1, 1, 1, FAIL, 5.0, 218.0, 2.0, 75.0, 1.0, 50.0, 1.0, 80.0, 3.0, 21.0, 1.0, 165.0, 5.0, 121.0
3935788, B4U62_RS20635, A->T, synonymous, -1.72410741807, 0.3951, 7, 1, 1, 1, 1, 1, FAIL, 8.0, 235.0, 0.0, 57.0, 2.0, 69.0, 2.0, 62.0, 3.0, 21.0, 3.0, 81.0, 0.0, 99.0
3937602, B4U62_RS20650, C->A, missense, -0.920371595748, 0.3945, 7, 1, 1, 1, 1, 1, FAIL, 3.0, 338.0, 3.0, 124.0, 0.0, 76.0, 0.0, 78.0, 4.0, 28.0, 2.0, 135.0, 3.0, 161.0
3946013, B4U62_RS20680, C->A, synonymous, -3.26096363116, 0.3965, 7, 1, 1, 1, 1, 1, FAIL, 0.0, 319.0, 1.0, 95.0, 2.0, 87.0, 1.0, 88.0, 3.0, 22.0, 3.0, 136.0, 2.0, 128.0
3955451, B4U62_RS20735, C->A, missense, -4.09858764885, 0.4121, 7, 1, 1, 1, 1, 1, FAIL, 6.0, 306.0, 1.0, 78.0, 1.0, 80.0, 1.0, 81.0, 3.0, 23.0, 1.0, 157.0, 2.0, 130.0
3963385, B4U62_RS20770, A->C, missense, -0.248587559845, 0.3922, 7, 1, 1, 1, 1, 1, FAIL, 1.0, 316.0, 3.0, 97.0, 3.0, 82.0, 2.0, 87.0, 4.0, 32.0, 2.0, 147.0, 5.0, 128.0
3969555, B4U62_RS20800, A->C, missense, 0.0251557505757, 0.3848, 7, 1, 1, 1, 1, 1, FAIL, 13.0, 281.0, 4.0, 70.0, 8.0, 59.0, 6.0, 86.0, 4.0, 24.0, 7.0, 125.0, 8.0, 108.0
3969568, B4U62_RS20800, C->A, nonsense, 0.0430470501406, 0.1192, 7, 1, 1, 1, 1, 1, FAIL, 26.0, 297.0, 7.0, 70.0, 10.0, 51.0, 11.0, 83.0, 5.0, 21.0, 18.0, 124.0, 11.0, 114.0
3969572, B4U62_RS20800, C->A, synonymous, 0.0286859752139, 0.341, 7, 1, 1, 1, 1, 1, FAIL, 26.0, 291.0, 9.0, 71.0, 8.0, 54.0, 11.0, 80.0, 5.0, 20.0, 17.0, 126.0, 11.0, 113.0
3969574, B4U62_RS20800, C->A, missense, -0.253017199506, 0.3835, 7, 1, 1, 1, 1, 1, FAIL, 11.0, 297.0, 4.0, 73.0, 1.0, 55.0, 4.0, 83.0, 3.0, 20.0, 5.0, 129.0, 4.0, 112.0
3969576, B4U62_RS20800, T->G, missense, 0.180414052394, 0.2637, 7, 1, 1, 1, 1, 1, FAIL, 8.0, 298.0, 2.0, 74.0, 3.0, 55.0, 2.0, 84.0, 4.0, 20.0, 1.0, 129.0, 1.0, 110.0
3969583, B4U62_RS20800, T->A, missense, -0.241758525149, 0.3842, 7, 1, 1, 1, 1, 1, FAIL, 10.0, 285.0, 8.0, 71.0, 2.0, 52.0, 3.0, 83.0, 3.0, 19.0, 12.0, 132.0, 1.0, 112.0
3969588, B4U62_RS20800, T->A, missense, -1.62152477721, 0.397, 7, 1, 1, 1, 1, 1, FAIL, 9.0, 286.0, 2.0, 73.0, 1.0, 54.0, 2.0, 82.0, 3.0, 20.0, 4.0, 134.0, 2.0, 112.0
3969620, B4U62_RS20800, G->T, nonsense, 0.301455371274, 0.1691, 7, 1, 1, 1, 1, 1, FAIL, 5.0, 265.0, 1.0, 72.0, 1.0, 64.0, 3.0, 69.0, 3.0, 21.0, 7.0, 144.0, 3.0, 117.0
3969674, B4U62_RS20805, G->T, missense, 0.124454641262, 0.3804, 7, 1, 1, 1, 1, 1, FAIL, 11.0, 292.0, 3.0, 75.0, 1.0, 76.0, 4.0, 57.0, 4.0, 29.0, 1.0, 163.0, 0.0, 141.0
3983232, B4U62_RS20870, C->A, missense, -0.0139058105846, 0.3798, 7, 1, 1, 1, 1, 1, FAIL, 16.0, 254.0, 16.0, 106.0, 11.0, 102.0, 15.0, 93.0, 4.0, 30.0, 36.0, 152.0, 17.0, 144.0
3997375, B4U62_RS20940, A->C, synonymous, 0.440109037725, 0.2675, 7, 1, 1, 1, 1, 1, FAIL, 2.0, 177.0, 5.0, 48.0, 3.0, 42.0, 1.0, 47.0, 2.0, 11.0, 1.0, 80.0, 0.0, 61.0
3998117, B4U62_RS20945, C->A, synonymous, -0.224468815998, 0.3851, 7, 1, 1, 1, 1, 1, FAIL, 16.0, 251.0, 2.0, 75.0, 6.0, 40.0, 1.0, 58.0, 1.0, 25.0, 3.0, 108.0, 2.0, 92.0
4024757, B4U62_RS21090, C->A, missense, -8.4, 0.4114, 7, 1, 1, 1, 1, 1, FAIL, 5.0, 376.0, 0.0, 75.0, 1.0, 85.0, 1.0, 99.0, 3.0, 20.0, 3.0, 149.0, 2.0, 136.0
4036688, B4U62_RS21120, C->A, missense, 1.64175434767, 0.3234, 7, 1, 1, 1, 1, 1, FAIL, 0.0, 253.0, 0.0, 33.0, 2.0, 36.0, 0.0, 38.0, 0.0, 9.0, 5.0, 38.0, 2.0, 55.0
4037482, B4U62_RS21125, C->G, missense, -0.314495583312, 0.3773, 7, 1, 1, 1, 1, 1, FAIL, 8.0, 403.0, 4.0, 74.0, 1.0, 81.0, 0.0, 74.0, 4.0, 25.0, 5.0, 128.0, 3.0, 137.0
4039911, B4U62_RS21140, T->C, missense, 0.835062648156, 0.2527, 7, 1, 1, 1, 1, 1, FAIL, 0.0, 365.0, 0.0, 92.0, 0.0, 115.0, 0.0, 118.0, 3.0, 32.0, 75.0, 219.0, 58.0, 207.0
4068448, B4U62_RS21290, G->T, missense, -0.762741376332, 0.4003, 7, 1, 1, 1, 1, 1, FAIL, 12.0, 437.0, 4.0, 125.0, 1.0, 151.0, 2.0, 122.0, 4.0, 30.0, 4.0, 181.0, 3.0, 213.0
4068535, B4U62_RS21290, C->A, missense, 2.73407204919, 0.026, 7, 1, 1, 1, 1, 1, PASS, 0.0, 463.0, 0.0, 142.0, 0.0, 151.0, 3.0, 114.0, 4.0, 36.0, 3.0, 249.0, 4.0, 226.0
4075211, B4U62_RS21325, T->G, missense, -0.424288174115, 0.3932, 7, 1, 1, 1, 1, 1, FAIL, 12.0, 323.0, 2.0, 98.0, 2.0, 90.0, 4.0, 109.0, 5.0, 36.0, 3.0, 201.0, 4.0, 165.0
4088661, B4U62_RS21385, G->C, missense, -0.195179741184, 0.3781, 7, 1, 1, 1, 1, 1, FAIL, 13.0, 289.0, 8.0, 95.0, 2.0, 101.0, 2.0, 112.0, 6.0, 38.0, 10.0, 239.0, 13.0, 197.0
4088662, B4U62_RS21385, A->C, synonymous, 0.0725455877759, 0.3313, 7, 1, 1, 1, 1, 1, FAIL, 9.0, 287.0, 6.0, 95.0, 3.0, 100.0, 3.0, 109.0, 6.0, 36.0, 6.0, 240.0, 6.0, 196.0
4088676, B4U62_RS21385, G->T, missense, -0.0115656570277, 0.3901, 7, 1, 1, 1, 1, 1, FAIL, 16.0, 293.0, 11.0, 93.0, 7.0, 89.0, 6.0, 105.0, 8.0, 41.0, 27.0, 238.0, 21.0, 188.0
4088682, B4U62_RS21385, G->T, missense, 0.00711947080123, 0.342, 7, 1, 1, 1, 1, 1, FAIL, 24.0, 326.0, 12.0, 98.0, 14.0, 111.0, 11.0, 110.0, 11.0, 48.0, 30.0, 263.0, 27.0, 209.0
4109370, B4U62_RS21485, G->T, synonymous, -1.14838790989, 0.3932, 7, 1, 1, 1, 1, 1, FAIL, 13.0, 417.0, 4.0, 144.0, 3.0, 131.0, 2.0, 116.0, 5.0, 39.0, 0.0, 170.0, 5.0, 212.0
4134785, B4U62_RS21610, C->A, missense, 0.934743573637, 0.1546, 7, 1, 1, 1, 1, 1, FAIL, 4.0, 284.0, 0.0, 78.0, 0.0, 76.0, 2.0, 77.0, 4.0, 30.0, 1.0, 76.0, 7.0, 117.0
4134821, B4U62_RS21610, C->A, nonsense, 0.00504030793428, 0.3845, 7, 1, 1, 1, 1, 1, FAIL, 31.0, 332.0, 7.0, 81.0, 20.0, 79.0, 13.0, 90.0, 5.0, 35.0, 15.0, 90.0, 18.0, 135.0
4134833, B4U62_RS21610, C->A, nonsense, -0.104508501301, 0.2274, 7, 1, 1, 1, 1, 1, FAIL, 19.0, 301.0, 19.0, 75.0, 11.0, 73.0, 14.0, 82.0, 6.0, 32.0, 13.0, 83.0, 16.0, 126.0
4134862, B4U62_RS21610, G->T, missense, -0.11815726129, 0.3763, 7, 1, 1, 1, 1, 1, FAIL, 17.0, 360.0, 15.0, 79.0, 9.0, 86.0, 12.0, 92.0, 2.0, 35.0, 9.0, 94.0, 11.0, 138.0
4134890, B4U62_RS21610, C->A, nonsense, -0.0958705748652, 0.3019, 7, 1, 1, 1, 1, 1, FAIL, 11.0, 346.0, 9.0, 68.0, 14.0, 76.0, 4.0, 88.0, 5.0, 27.0, 9.0, 96.0, 13.0, 131.0
4141716, intergenic, G->A, noncoding, 0.586104919371, 0.1267, 7, 1, 1, 1, 1, 1, FAIL, 0.0, 292.0, 25.0, 96.0, 63.0, 72.0, 87.0, 87.0, 24.0, 24.0, 104.0, 104.0, 125.0, 127.0
4143510, B4U62_RS21670, C->A, missense, -0.00940380724085, 0.4113, 7, 1, 1, 1, 1, 1, FAIL, 1.0, 315.0, 0.0, 111.0, 1.0, 105.0, 1.0, 128.0, 4.0, 35.0, 3.0, 151.0, 4.0, 196.0
4146995, B4U62_RS21680, G->C, missense, -0.1973358175, 0.3846, 7, 1, 1, 1, 1, 1, FAIL, 13.0, 274.0, 3.0, 67.0, 2.0, 78.0, 4.0, 77.0, 5.0, 26.0, 7.0, 124.0, 1.0, 119.0
4155088, B4U62_RS21730, C->A, noncoding, -0.233517839046, 0.3931, 7, 1, 1, 1, 1, 1, FAIL, 21.0, 355.0, 4.0, 104.0, 4.0, 87.0, 2.0, 94.0, 5.0, 31.0, 7.0, 179.0, 8.0, 136.0
4177276, B4U62_RS21875, C->A, missense, -2.27206907436, 0.4228, 7, 1, 1, 1, 1, 1, FAIL, 2.0, 433.0, 0.0, 102.0, 0.0, 85.0, 0.0, 126.0, 4.0, 36.0, 2.0, 206.0, 2.0, 162.0
4202235, B4U62_RS22025, C->A, missense, -0.267070421292, 0.3858, 7, 1, 1, 1, 1, 1, FAIL, 13.0, 220.0, 0.0, 53.0, 4.0, 63.0, 1.0, 46.0, 3.0, 20.0, 4.0, 94.0, 3.0, 90.0
4213664, B4U62_RS22080, G->T, missense, 1.4211623911, 0.1107, 7, 1, 1, 1, 1, 1, FAIL, 0.0, 325.0, 0.0, 42.0, 1.0, 47.0, 19.0, 49.0, 15.0, 19.0, 140.0, 147.0, 83.0, 84.0
