100, 200, 300, 400, 500, 600, 700
79.0, 52.0, 45.0, 28.0, 0.0, 0.0, 0.0
0.0, 0.0, 0.0, 0.0, 0.0, 24.0, 28.0
0.0, 0.0, 2.0, 13.0, 22.0, 22.0, 24.0
0.0, 27.0, 32.0, 38.0, 57.0, 33.0, 27.0
0, 0, 0, 0, 3, 1, 1
0, 0, 0, 0, 3, 1, 1
0, 0, 0, 0, 3, 1, 1
0, 0, 0, 3, 3, 3, 3
0, 0, 0, 0, 3, 3, 3
0, 0, 3, 2, 2, 2, 2
0, 3, 3, 3, 3, 3, 3
0, 3, 3, 3, 3, 3, 3
0, 3, 3, 3, 3, 3, 3
0, 3, 3, 3, 3, 3, 3
0, 0, 0, 3, 3, 3, 2
0, 0, 0, 0, 3, 1, 1
0, 0, 0, 0, 3, 1, 1
0, 3, 3, 3, 3, 3, 3
0, 0, 0, 3, 3, 3, 1
0, 0, 0, 0, 3, 3, 3
0, 0, 0, 0, 3, 1, 1
0, 0, 0, 0, 3, 1, 1
0, 3, 3, 3, 3, 3, 3
0, 0, 3, 3, 3, 3, 3
0, 3, 3, 3, 3, 3, 3
0, 0, 0, 0, 3, 1, 1
0, 0, 0, 3, 2, 2, 2
0, 0, 0, 3, 2, 2, 2
0, 0, 0, 0, 3, 1, 1
0, 3, 3, 2, 2, 2, 2
0, 3, 3, 3, 3, 3, 3
0, 0, 0, 0, 3, 1, 1
0, 0, 3, 2, 2, 2, 2
0, 0, 0, 0, 3, 1, 1
0, 0, 0, 3, 3, 3, 3
0, 3, 2, 2, 2, 2, 2
0, 0, 0, 0, 3, 1, 1
0, 0, 0, 3, 2, 2, 2
0, 0, 0, 0, 3, 1, 1
0, 0, 0, 3, 2, 2, 2
0, 3, 3, 2, 2, 2, 2
0, 0, 0, 0, 3, 1, 1
0, 3, 3, 3, 3, 3, 3
0, 3, 3, 3, 3, 3, 3
0, 3, 3, 3, 3, 3, 3
0, 0, 0, 0, 3, 1, 1
0, 0, 0, 3, 2, 2, 2
0, 0, 3, 2, 2, 2, 2
0, 3, 3, 3, 3, 3, 3
0, 0, 0, 0, 3, 1, 1
0, 3, 3, 3, 3, 3, 3
0, 3, 3, 3, 3, 3, 3
0, 3, 3, 3, 3, 3, 3
0, 3, 3, 3, 3, 3, 3
0, 0, 0, 0, 3, 1, 1
0, 3, 2, 2, 2, 2, 2
0, 0, 0, 0, 3, 1, 1
0, 0, 0, 0, 3, 1, 1
0, 0, 0, 3, 3, 3, 1
0, 0, 0, 0, 3, 1, 1
0, 3, 3, 3, 3, 3, 3
0, 3, 3, 2, 2, 2, 2
0, 0, 0, 0, 3, 1, 1
0, 3, 3, 2, 2, 2, 2
0, 0, 0, 0, 3, 3, 1
0, 0, 0, 3, 2, 2, 2
0, 0, 3, 2, 2, 2, 2
0, 3, 3, 2, 2, 2, 2
0, 3, 3, 3, 3, 3, 3
0, 0, 0, 3, 3, 3, 1
0, 0, 0, 0, 3, 1, 1
0, 0, 0, 0, 3, 1, 1
0, 0, 0, 3, 2, 2, 2
0, 0, 0, 3, 2, 2, 2
0, 0, 0, 0, 3, 3, 3
0, 0, 3, 2, 2, 2, 2
0, 0, 0, 3, 2, 2, 2
0, 3, 3, 3, 3, 3, 3
0, 0, 3, 2, 2, 2, 2
0, 3, 3, 3, 3, 3, 3
0, 0, 0, 3, 3, 3, 2
0, 0, 0, 3, 3, 3, 3
0, 0, 0, 0, 3, 1, 1
