100, 200, 300, 400, 500, 600, 700
70.0, 66.0, 57.0, 3.0, 3.0, 1.0, 0.0
0.0, 0.0, 0.0, 0.0, 33.0, 35.0, 52.0
0.0, 0.0, 0.0, 0.0, 0.0, 0.0, 0.0
0.0, 4.0, 13.0, 67.0, 34.0, 34.0, 18.0
0, 0, 0, 3, 1, 1, 1
0, 0, 0, 3, 3, 3, 1
0, 0, 0, 3, 1, 1, 1
0, 3, 3, 3, 3, 3, 3
0, 0, 3, 3, 3, 3, 1
0, 0, 3, 3, 3, 3, 1
0, 0, 0, 3, 1, 1, 1
0, 0, 0, 3, 1, 1, 1
0, 0, 0, 3, 1, 1, 1
0, 0, 0, 3, 3, 3, 3
0, 0, 0, 3, 3, 3, 3
0, 0, 0, 3, 1, 1, 1
0, 0, 0, 3, 1, 1, 1
0, 0, 0, 3, 1, 1, 1
0, 0, 0, 3, 1, 1, 1
0, 0, 0, 3, 1, 1, 1
0, 0, 0, 3, 3, 3, 3
0, 0, 0, 3, 3, 1, 1
0, 0, 0, 3, 3, 3, 1
0, 0, 0, 0, 0, 3, 1
0, 0, 3, 3, 3, 3, 3
0, 0, 3, 3, 1, 1, 1
0, 0, 0, 3, 1, 1, 1
0, 0, 3, 3, 3, 3, 3
0, 0, 0, 3, 3, 3, 1
0, 3, 3, 3, 3, 3, 3
0, 0, 0, 3, 3, 1, 1
0, 0, 0, 3, 1, 1, 1
0, 0, 0, 3, 3, 3, 1
0, 0, 0, 0, 0, 0, 3
0, 0, 3, 3, 3, 3, 1
0, 0, 0, 3, 1, 1, 1
0, 0, 0, 3, 1, 1, 1
0, 0, 0, 3, 1, 1, 1
0, 3, 3, 3, 3, 3, 3
0, 0, 0, 3, 1, 1, 1
0, 0, 0, 3, 1, 1, 1
0, 0, 0, 3, 3, 3, 3
0, 0, 3, 3, 3, 3, 1
0, 0, 0, 3, 3, 3, 1
0, 0, 0, 3, 3, 3, 1
0, 0, 0, 3, 3, 3, 1
0, 0, 0, 3, 3, 3, 1
0, 0, 3, 3, 3, 3, 1
0, 0, 0, 3, 1, 1, 1
0, 0, 0, 3, 1, 1, 1
0, 0, 0, 3, 1, 1, 1
0, 0, 0, 3, 3, 3, 3
0, 0, 0, 3, 1, 1, 1
0, 0, 0, 3, 1, 1, 1
0, 0, 0, 3, 1, 1, 1
0, 0, 0, 0, 0, 3, 1
0, 0, 0, 3, 3, 3, 3
0, 0, 0, 3, 1, 1, 1
0, 0, 0, 3, 3, 3, 3
0, 0, 0, 3, 3, 3, 3
0, 0, 0, 3, 3, 3, 3
0, 3, 3, 3, 3, 3, 1
0, 0, 3, 3, 3, 3, 1
0, 0, 0, 3, 1, 1, 1
0, 0, 0, 3, 3, 3, 3
0, 0, 0, 3, 1, 1, 1
0, 0, 0, 3, 1, 1, 1
0, 0, 0, 3, 3, 3, 3
0, 0, 0, 3, 1, 1, 1
0, 0, 0, 3, 1, 1, 1
0, 0, 0, 3, 3, 3, 3
0, 0, 0, 3, 1, 1, 1
0, 0, 0, 3, 1, 1, 1
0, 0, 0, 3, 1, 1, 1
