Position, Gene, Allele, Annotation, Test statistic, P-value, Deletion index, Fold reduction, Deletion P-value, Duplication index, Fold increase, Duplication pvalue, Passed?, AC:100, DP:100, AC:200, DP:200, AC:300, DP:300, AC:400, DP:400, AC:500, DP:500, AC:600, DP:600, AC:700, DP:700
531, B4U62_RS22100, G->T, missense, -0.115732449394, 0.3731, 7, 1, 1, 1, 1, 1, FAIL, 4.0, 285.0, 2.0, 47.0, 17.0, 878.0, 2.0, 145.0, 3.0, 94.0, 4.0, 25.0, 1.0, 43.0
1276, B4U62_RS00005, G->T, missense, -0.985377271847, 0.3762, 7, 1, 1, 1, 1, 1, FAIL, 2.0, 189.0, 1.0, 50.0, 9.0, 697.0, 2.0, 80.0, 0.0, 62.0, 3.0, 24.0, 0.0, 39.0
3016, B4U62_RS00010, C->A, synonymous, -0.710750290095, 0.3871, 7, 1, 1, 1, 1, 1, FAIL, 9.0, 360.0, 6.0, 47.0, 7.0, 627.0, 3.0, 84.0, 0.0, 39.0, 0.0, 2.0, 0.0, 0.0
4732, B4U62_RS22125, C->A, missense, -0.092645611117, 0.3519, 7, 1, 1, 1, 1, 1, FAIL, 23.0, 267.0, 3.0, 18.0, 43.0, 436.0, 13.0, 45.0, 2.0, 25.0, 0.0, 0.0, 0.0, 0.0
6298, B4U62_RS00030, G->T, synonymous, -0.0537517451189, 0.3608, 7, 1, 1, 1, 1, 1, FAIL, 16.0, 268.0, 7.0, 28.0, 71.0, 368.0, 8.0, 51.0, 3.0, 25.0, 0.0, 0.0, 0.0, 0.0
6299, B4U62_RS00030, T->A, missense, -0.0964169227982, 0.366, 7, 1, 1, 1, 1, 1, FAIL, 18.0, 263.0, 5.0, 27.0, 31.0, 353.0, 0.0, 50.0, 3.0, 25.0, 0.0, 0.0, 0.0, 0.0
6302, B4U62_RS00030, G->T, synonymous, -0.0407855496019, 0.3717, 7, 1, 1, 1, 1, 1, FAIL, 11.0, 260.0, 2.0, 29.0, 35.0, 355.0, 10.0, 49.0, 1.0, 27.0, 0.0, 0.0, 0.0, 0.0
11724, B4U62_RS22165, C->A, missense, -3.63868213728, 0.4132, 7, 1, 1, 1, 1, 1, FAIL, 3.0, 438.0, 0.0, 50.0, 13.0, 748.0, 2.0, 117.0, 5.0, 42.0, 0.0, 0.0, 0.0, 0.0
11997, B4U62_RS22165, C->A, nonsense, 0.0894785654144, 0.2415, 7, 1, 1, 1, 1, 1, FAIL, 45.0, 469.0, 7.0, 50.0, 85.0, 718.0, 18.0, 107.0, 10.0, 44.0, 0.0, 0.0, 0.0, 0.0
25696, B4U62_RS22225, G->T, synonymous, -1.5722583095, 0.4083, 7, 1, 1, 1, 1, 1, FAIL, 8.0, 390.0, 3.0, 22.0, 7.0, 506.0, 1.0, 74.0, 0.0, 45.0, 0.0, 0.0, 0.0, 0.0
35988, B4U62_RS22295, C->A, synonymous, -0.0593147685368, 0.3607, 7, 1, 1, 1, 1, 1, FAIL, 19.0, 341.0, 5.0, 29.0, 61.0, 788.0, 5.0, 160.0, 4.0, 107.0, 0.0, 2.0, 4.0, 14.0
39301, B4U62_RS22320, G->A, synonymous, 0.0623856634564, 0.328, 7, 1, 1, 1, 1, 1, FAIL, 1.0, 280.0, 14.0, 28.0, 430.0, 912.0, 75.0, 139.0, 56.0, 98.0, 8.0, 11.0, 23.0, 23.0
44931, B4U62_RS22370, G->T, missense, 0.0608195622686, 0.3381, 7, 1, 1, 1, 1, 1, FAIL, 7.0, 271.0, 0.0, 21.0, 21.0, 435.0, 2.0, 49.0, 5.0, 23.0, 0.0, 0.0, 0.0, 0.0
47785, B4U62_RS22375, C->A, missense, -3.46921452854, 0.4054, 7, 1, 1, 1, 1, 1, FAIL, 2.0, 243.0, 3.0, 23.0, 5.0, 351.0, 0.0, 39.0, 0.0, 16.0, 0.0, 0.0, 0.0, 0.0
52266, B4U62_RS00275, C->A, synonymous, 0.173259268202, 0.1884, 7, 1, 1, 1, 1, 1, FAIL, 9.0, 301.0, 0.0, 1.0, 8.0, 220.0, 5.0, 35.0, 2.0, 22.0, 0.0, 0.0, 0.0, 0.0
80495, B4U62_RS22550, G->A, synonymous, 6.5832131127, 0.0204, 7, 1, 1, 1, 1, 1, PASS, 0.0, 192.0, 0.0, 60.0, 0.0, 722.0, 1.0, 122.0, 5.0, 72.0, 25.0, 46.0, 44.0, 63.0
82679, B4U62_RS00435, G->T, synonymous, -0.226650660498, 0.377, 7, 1, 1, 1, 1, 1, FAIL, 5.0, 248.0, 1.0, 7.0, 4.0, 232.0, 3.0, 26.0, 1.0, 26.0, 0.0, 0.0, 0.0, 0.0
107748, B4U62_RS00585, C->T, synonymous, 2.81497047467, 0.0149, 7, 1, 1, 1, 1, 1, PASS, 0.0, 227.0, 0.0, 81.0, 16.0, 767.0, 49.0, 110.0, 41.0, 69.0, 39.0, 45.0, 63.0, 66.0
122772, B4U62_RS00685, A->G, nonsense, 0.151674315949, 0.207, 7, 1, 1, 1, 1, 1, FAIL, 0.0, 191.0, 0.0, 6.0, 240.0, 517.0, 74.0, 123.0, 30.0, 63.0, 1.0, 1.0, 0.0, 0.0
123910, B4U62_RS00685, G->A, missense, 0.0785377323205, 0.3142, 7, 1, 1, 1, 1, 1, FAIL, 0.0, 335.0, 77.0, 359.0, 456.0, 1659.0, 89.0, 250.0, 71.0, 145.0, 33.0, 286.0, 28.0, 315.0
125905, B4U62_RS00690, A->G, missense, 3.09538389314, 0.0954, 7, 1, 1, 1, 1, 1, PASS, 0.0, 312.0, 0.0, 275.0, 1.0, 1658.0, 1.0, 214.0, 3.0, 143.0, 42.0, 202.0, 23.0, 213.0
177038, B4U62_RS01025, C->G, noncoding, -0.0756939457993, 0.3364, 7, 1, 1, 1, 1, 1, FAIL, 16.0, 183.0, 0.0, 0.0, 70.0, 320.0, 9.0, 57.0, 24.0, 66.0, 0.0, 0.0, 0.0, 0.0
177055, B4U62_RS01025, T->G, noncoding, -0.148581908759, 0.331, 7, 1, 1, 1, 1, 1, FAIL, 14.0, 171.0, 0.0, 0.0, 70.0, 297.0, 6.0, 51.0, 20.0, 56.0, 0.0, 0.0, 0.0, 0.0
177078, B4U62_RS01025, C->A, noncoding, -0.0644858849796, 0.3284, 7, 1, 1, 1, 1, 1, FAIL, 18.0, 186.0, 0.0, 0.0, 105.0, 341.0, 16.0, 58.0, 24.0, 64.0, 0.0, 0.0, 0.0, 0.0
177081, B4U62_RS01025, T->A, noncoding, -0.00638551825565, 0.3294, 7, 1, 1, 1, 1, 1, FAIL, 20.0, 184.0, 0.0, 0.0, 72.0, 335.0, 13.0, 58.0, 21.0, 64.0, 0.0, 0.0, 0.0, 0.0
177092, B4U62_RS01025, C->G, noncoding, -0.015838204086, 0.3168, 7, 1, 1, 1, 1, 1, FAIL, 16.0, 178.0, 0.0, 0.0, 91.0, 337.0, 11.0, 51.0, 25.0, 61.0, 0.0, 0.0, 0.0, 0.0
177106, B4U62_RS01025, A->T, noncoding, -0.0802851853048, 0.3447, 7, 1, 1, 1, 1, 1, FAIL, 15.0, 221.0, 0.0, 1.0, 77.0, 414.0, 8.0, 58.0, 20.0, 70.0, 0.0, 0.0, 0.0, 0.0
188760, B4U62_RS01070, C->T, missense, 3.53550524609, 0.0746, 7, 1, 1, 1, 1, 1, PASS, 0.0, 231.0, 0.0, 241.0, 0.0, 1417.0, 2.0, 173.0, 6.0, 115.0, 126.0, 190.0, 177.0, 207.0
218447, B4U62_RS01230, G->T, synonymous, 0.196210324862, 0.1969, 7, 1, 1, 1, 1, 1, FAIL, 6.0, 266.0, 0.0, 23.0, 48.0, 739.0, 10.0, 141.0, 6.0, 86.0, 3.0, 12.0, 3.0, 29.0
218451, B4U62_RS01230, A->C, missense, 0.0870889627276, 0.2566, 7, 1, 1, 1, 1, 1, FAIL, 5.0, 260.0, 0.0, 21.0, 28.0, 712.0, 7.0, 138.0, 4.0, 83.0, 1.0, 11.0, 4.0, 27.0
218466, B4U62_RS01230, G->C, missense, 0.00895478873687, 0.3766, 7, 1, 1, 1, 1, 1, FAIL, 19.0, 237.0, 0.0, 17.0, 104.0, 636.0, 16.0, 121.0, 10.0, 70.0, 2.0, 8.0, 5.0, 14.0
218471, B4U62_RS01230, C->A, synonymous, -0.00203721374524, 0.3818, 7, 1, 1, 1, 1, 1, FAIL, 22.0, 231.0, 0.0, 17.0, 98.0, 627.0, 18.0, 122.0, 10.0, 71.0, 0.0, 8.0, 3.0, 12.0
218652, B4U62_RS01230, C->A, missense, -0.00353366881137, 0.3746, 7, 1, 1, 1, 1, 1, FAIL, 24.0, 302.0, 3.0, 28.0, 117.0, 886.0, 16.0, 174.0, 20.0, 87.0, 5.0, 25.0, 9.0, 39.0
218675, B4U62_RS01230, C->A, synonymous, 0.0357075306164, 0.0769, 7, 1, 1, 1, 1, 1, PASS, 16.0, 287.0, 6.0, 28.0, 109.0, 918.0, 21.0, 164.0, 18.0, 80.0, 5.0, 26.0, 8.0, 42.0
218684, B4U62_RS01230, C->A, synonymous, -0.0238090018263, 0.3719, 7, 1, 1, 1, 1, 1, FAIL, 26.0, 279.0, 9.0, 29.0, 162.0, 919.0, 26.0, 167.0, 22.0, 79.0, 6.0, 26.0, 10.0, 42.0
218702, B4U62_RS01230, C->A, synonymous, -0.0820927450625, 0.3807, 7, 1, 1, 1, 1, 1, FAIL, 17.0, 323.0, 6.0, 32.0, 99.0, 993.0, 14.0, 173.0, 19.0, 86.0, 3.0, 26.0, 5.0, 42.0
220988, B4U62_RS01245, C->A, missense, 0.313528418274, 0.1694, 7, 1, 1, 1, 1, 1, FAIL, 3.0, 285.0, 0.0, 30.0, 16.0, 1146.0, 2.0, 180.0, 3.0, 117.0, 0.0, 1.0, 3.0, 18.0
231449, B4U62_RS01310, T->A, nonsense, 0.256428187562, 0.1515, 7, 1, 1, 1, 1, 1, FAIL, 0.0, 241.0, 0.0, 34.0, 320.0, 796.0, 48.0, 92.0, 25.0, 47.0, 10.0, 13.0, 21.0, 22.0
232050, B4U62_RS01310, A->G, synonymous, 0.0394850937908, 0.3746, 7, 1, 1, 1, 1, 1, FAIL, 0.0, 192.0, 36.0, 79.0, 365.0, 664.0, 43.0, 89.0, 31.0, 75.0, 13.0, 49.0, 8.0, 94.0
235816, B4U62_RS01330, C->A, synonymous, -3.67965928192, 0.3611, 7, 1, 1, 1, 1, 1, FAIL, 5.0, 278.0, 2.0, 36.0, 13.0, 661.0, 0.0, 99.0, 1.0, 81.0, 3.0, 21.0, 0.0, 27.0
282208, B4U62_RS01560, C->A, noncoding, -0.0496741151645, 0.3651, 7, 1, 1, 1, 1, 1, FAIL, 1.0, 219.0, 3.0, 55.0, 11.0, 1111.0, 1.0, 120.0, 1.0, 110.0, 3.0, 18.0, 2.0, 45.0
297294, B4U62_RS01650, G->T, missense, 2.97933285659, 0.1271, 7, 1, 1, 1, 1, 1, FAIL, 1.0, 236.0, 0.0, 51.0, 5.0, 1006.0, 3.0, 149.0, 0.0, 115.0, 0.0, 23.0, 3.0, 25.0
314630, B4U62_RS01735, T->C, synonymous, 0.344673918759, 0.1403, 7, 1, 1, 1, 1, 1, FAIL, 0.0, 235.0, 0.0, 176.0, 172.0, 1097.0, 48.0, 145.0, 30.0, 81.0, 17.0, 96.0, 13.0, 132.0
342495, B4U62_RS01870, G->T, missense, -0.525318802111, 0.3753, 7, 1, 1, 1, 1, 1, FAIL, 5.0, 204.0, 6.0, 22.0, 21.0, 690.0, 3.0, 118.0, 3.0, 92.0, 0.0, 6.0, 2.0, 13.0
367393, B4U62_RS01975, C->A, synonymous, -0.395428486678, 0.387, 7, 1, 1, 1, 1, 1, FAIL, 0.0, 212.0, 1.0, 59.0, 6.0, 709.0, 2.0, 138.0, 0.0, 79.0, 0.0, 16.0, 4.0, 36.0
372691, B4U62_RS02005, G->T, noncoding, -1.76309867603, 0.3722, 7, 1, 1, 1, 1, 1, FAIL, 1.0, 178.0, 3.0, 18.0, 8.0, 501.0, 1.0, 77.0, 3.0, 41.0, 0.0, 11.0, 1.0, 14.0
393800, B4U62_RS02035, A->G, missense, 0.969032498519, 0.3214, 7, 1, 1, 1, 1, 1, FAIL, 197.0, 209.0, 232.0, 234.0, 979.0, 984.0, 147.0, 147.0, 95.0, 95.0, 188.0, 188.0, 212.0, 213.0
419823, B4U62_RS02135, G->T, nonsense, -0.21324887186, 0.373, 7, 1, 1, 1, 1, 1, FAIL, 19.0, 266.0, 4.0, 54.0, 46.0, 725.0, 9.0, 132.0, 5.0, 77.0, 4.0, 16.0, 3.0, 33.0
469348, intergenic, G->T, noncoding, -3.61392930168, 0.3747, 7, 1, 1, 1, 1, 1, FAIL, 4.0, 188.0, 3.0, 10.0, 9.0, 611.0, 2.0, 88.0, 1.0, 62.0, 0.0, 0.0, 0.0, 1.0
470953, B4U62_RS02395, G->A, missense, 0.0604792215608, 0.3165, 7, 1, 1, 1, 1, 1, FAIL, 2.0, 203.0, 25.0, 76.0, 321.0, 612.0, 69.0, 139.0, 44.0, 87.0, 5.0, 39.0, 9.0, 59.0
490609, B4U62_RS02485, T->A, missense, -0.0879640944428, 0.3737, 7, 1, 1, 1, 1, 1, FAIL, 13.0, 138.0, 3.0, 11.0, 23.0, 380.0, 7.0, 79.0, 6.0, 61.0, 0.0, 0.0, 0.0, 4.0
490612, B4U62_RS02485, G->C, missense, -0.16237588024, 0.3553, 7, 1, 1, 1, 1, 1, FAIL, 12.0, 138.0, 4.0, 11.0, 49.0, 382.0, 10.0, 78.0, 8.0, 61.0, 0.0, 0.0, 0.0, 4.0
491214, B4U62_RS02495, C->A, synonymous, -9.16965285076, 0.3972, 7, 1, 1, 1, 1, 1, FAIL, 1.0, 204.0, 3.0, 19.0, 8.0, 713.0, 2.0, 106.0, 0.0, 90.0, 0.0, 12.0, 0.0, 22.0
492485, B4U62_RS02495, G->A, noncoding, 0.996180962102, 0.6368, 7, 1, 1, 1, 1, 1, FAIL, 284.0, 284.0, 66.0, 66.0, 1021.0, 1024.0, 160.0, 160.0, 102.0, 102.0, 28.0, 28.0, 49.0, 49.0
494674, B4U62_RS02515, C->A, missense, 0.464259352059, 0.2675, 7, 1, 1, 1, 1, 1, FAIL, 1.0, 136.0, 2.0, 36.0, 5.0, 251.0, 0.0, 42.0, 0.0, 28.0, 2.0, 14.0, 3.0, 28.0
494678, B4U62_RS02515, G->T, missense, 0.797067528154, 0.1274, 7, 1, 1, 1, 1, 1, FAIL, 1.0, 128.0, 1.0, 34.0, 4.0, 233.0, 2.0, 41.0, 1.0, 27.0, 2.0, 14.0, 3.0, 27.0
494701, B4U62_RS02515, C->A, missense, -1.18602461001, 0.363, 7, 1, 1, 1, 1, 1, FAIL, 2.0, 127.0, 1.0, 33.0, 11.0, 241.0, 4.0, 43.0, 0.0, 29.0, 0.0, 14.0, 4.0, 28.0
494746, B4U62_RS02515, G->T, synonymous, -0.028036519127, 0.3946, 7, 1, 1, 1, 1, 1, FAIL, 6.0, 123.0, 5.0, 26.0, 17.0, 208.0, 6.0, 36.0, 3.0, 38.0, 4.0, 13.0, 2.0, 19.0
494764, B4U62_RS02515, T->A, missense, 1.19362078864, 0.1685, 7, 1, 1, 1, 1, 1, FAIL, 1.0, 123.0, 0.0, 22.0, 5.0, 194.0, 3.0, 36.0, 1.0, 40.0, 0.0, 12.0, 3.0, 21.0
501447, B4U62_RS02550, G->T, nonsense, -0.478937169902, 0.3785, 7, 1, 1, 1, 1, 1, FAIL, 9.0, 311.0, 2.0, 55.0, 33.0, 901.0, 9.0, 163.0, 1.0, 107.0, 4.0, 27.0, 1.0, 54.0
504208, B4U62_RS02565, G->T, missense, -0.422824525359, 0.4038, 7, 1, 1, 1, 1, 1, FAIL, 3.0, 187.0, 0.0, 87.0, 8.0, 570.0, 1.0, 108.0, 0.0, 71.0, 0.0, 42.0, 11.0, 86.0
508059, B4U62_RS02595, C->A, nonsense, -0.0752535414102, 0.3754, 7, 1, 1, 1, 1, 1, FAIL, 13.0, 248.0, 3.0, 11.0, 57.0, 781.0, 19.0, 155.0, 12.0, 101.0, 0.0, 2.0, 0.0, 3.0
512770, B4U62_RS02620, C->A, noncoding, -3.42845421613, 0.4001, 7, 1, 1, 1, 1, 1, FAIL, 0.0, 162.0, 3.0, 24.0, 3.0, 474.0, 2.0, 79.0, 0.0, 63.0, 0.0, 10.0, 1.0, 34.0
520434, B4U62_RS02665, C->A, synonymous, -1.32696379813, 0.3644, 7, 1, 1, 1, 1, 1, FAIL, 6.0, 221.0, 0.0, 47.0, 22.0, 903.0, 3.0, 110.0, 0.0, 79.0, 3.0, 21.0, 1.0, 42.0
539161, B4U62_RS02840, G->T, missense, -7.03843113408, 0.3976, 7, 1, 1, 1, 1, 1, FAIL, 2.0, 232.0, 4.0, 23.0, 4.0, 715.0, 1.0, 120.0, 0.0, 83.0, 0.0, 3.0, 0.0, 12.0
539243, B4U62_RS02840, C->A, synonymous, 0.0225233325349, 0.3454, 7, 1, 1, 1, 1, 1, FAIL, 22.0, 227.0, 5.0, 33.0, 68.0, 775.0, 8.0, 110.0, 7.0, 76.0, 2.0, 10.0, 8.0, 44.0
561358, intergenic, G->T, noncoding, 0.107206698376, 0.3111, 7, 1, 1, 1, 1, 1, FAIL, 8.0, 165.0, 3.0, 16.0, 23.0, 340.0, 2.0, 61.0, 3.0, 44.0, 0.0, 18.0, 1.0, 53.0
599569, intergenic, G->T, noncoding, -11.3061798867, 0.3692, 7, 1, 1, 1, 1, 1, FAIL, 2.0, 237.0, 1.0, 53.0, 2.0, 706.0, 0.0, 109.0, 1.0, 73.0, 1.0, 19.0, 3.0, 20.0
619465, B4U62_RS03275, C->A, missense, 0.628752503283, 0.2427, 7, 1, 1, 1, 1, 1, FAIL, 3.0, 251.0, 0.0, 61.0, 12.0, 836.0, 1.0, 176.0, 1.0, 109.0, 4.0, 28.0, 4.0, 65.0
644908, B4U62_RS03420, C->A, nonsense, -1.42120991241, 0.3528, 7, 1, 1, 1, 1, 1, FAIL, 2.0, 202.0, 0.0, 29.0, 11.0, 649.0, 0.0, 118.0, 1.0, 75.0, 1.0, 9.0, 3.0, 24.0
653830, B4U62_RS03475, G->T, missense, -0.414376882883, 0.391, 7, 1, 1, 1, 1, 1, FAIL, 4.0, 328.0, 3.0, 25.0, 12.0, 1008.0, 1.0, 165.0, 4.0, 107.0, 0.0, 1.0, 0.0, 5.0
665504, B4U62_RS03535, T->G, missense, 0.0197055758522, 0.3801, 7, 1, 1, 1, 1, 1, FAIL, 6.0, 122.0, 11.0, 85.0, 77.0, 428.0, 14.0, 76.0, 9.0, 33.0, 6.0, 60.0, 10.0, 78.0
680906, B4U62_RS03595, G->T, missense, 0.00237474879079, 0.3759, 7, 1, 1, 1, 1, 1, FAIL, 9.0, 189.0, 1.0, 25.0, 33.0, 617.0, 2.0, 85.0, 2.0, 75.0, 4.0, 22.0, 4.0, 56.0
726172, intergenic, C->A, noncoding, -0.224319918331, 0.3657, 7, 1, 1, 1, 1, 1, FAIL, 12.0, 216.0, 1.0, 61.0, 36.0, 687.0, 6.0, 117.0, 2.0, 82.0, 4.0, 22.0, 1.0, 59.0
726187, intergenic, A->T, noncoding, -1.20839048684, 0.3905, 7, 1, 1, 1, 1, 1, FAIL, 4.0, 181.0, 0.0, 48.0, 5.0, 610.0, 2.0, 106.0, 2.0, 72.0, 3.0, 19.0, 1.0, 53.0
736371, intergenic, C->A, noncoding, -13.2603365653, 0.4104, 7, 1, 1, 1, 1, 1, FAIL, 2.0, 327.0, 3.0, 18.0, 3.0, 997.0, 1.0, 184.0, 0.0, 104.0, 0.0, 4.0, 0.0, 10.0
737206, B4U62_RS03840, A->G, missense, 0.0699062081751, 0.3406, 7, 1, 1, 1, 1, 1, FAIL, 0.0, 149.0, 20.0, 90.0, 411.0, 698.0, 59.0, 116.0, 29.0, 81.0, 16.0, 67.0, 9.0, 116.0
745916, B4U62_RS03870, G->T, missense, 0.0, 0.138, 7, 1, 1, 1, 1, 1, FAIL, 2.0, 230.0, 0.0, 9.0, 4.0, 391.0, 1.0, 88.0, 0.0, 50.0, 0.0, 0.0, 3.0, 25.0
884217, B4U62_RS04540, C->A, synonymous, 2.10326386708, 0.0787, 7, 1, 1, 1, 1, 1, PASS, 0.0, 226.0, 1.0, 435.0, 7.0, 1592.0, 0.0, 216.0, 7.0, 109.0, 63.0, 334.0, 32.0, 311.0
911906, B4U62_RS04670, G->T, nonsense, -0.115931356285, 0.3726, 7, 1, 1, 1, 1, 1, FAIL, 9.0, 170.0, 8.0, 66.0, 46.0, 706.0, 5.0, 121.0, 3.0, 65.0, 5.0, 29.0, 0.0, 51.0
913919, B4U62_RS04680, C->A, noncoding, -0.049947365229, 0.3588, 7, 1, 1, 1, 1, 1, FAIL, 9.0, 219.0, 2.0, 14.0, 36.0, 668.0, 7.0, 101.0, 9.0, 75.0, 0.0, 1.0, 1.0, 3.0
919646, B4U62_RS04705, C->A, nonsense, -1.8239919501, 0.3747, 7, 1, 1, 1, 1, 1, FAIL, 2.0, 158.0, 4.0, 28.0, 6.0, 399.0, 1.0, 65.0, 0.0, 43.0, 1.0, 24.0, 1.0, 27.0
919651, B4U62_RS04705, C->A, missense, -3.04869387044, 0.376, 7, 1, 1, 1, 1, 1, FAIL, 0.0, 158.0, 4.0, 29.0, 2.0, 393.0, 2.0, 68.0, 2.0, 41.0, 0.0, 22.0, 0.0, 26.0
931700, B4U62_RS04785, G->T, synonymous, -0.114285966009, 0.3735, 7, 1, 1, 1, 1, 1, FAIL, 6.0, 136.0, 1.0, 12.0, 36.0, 363.0, 4.0, 77.0, 2.0, 47.0, 0.0, 5.0, 3.0, 11.0
931711, B4U62_RS04785, G->T, missense, -0.203692997027, 0.371, 7, 1, 1, 1, 1, 1, FAIL, 10.0, 150.0, 0.0, 9.0, 58.0, 406.0, 8.0, 78.0, 1.0, 47.0, 0.0, 3.0, 3.0, 12.0
952017, B4U62_RS04900, C->T, unknown, 0.208818141101, 0.1051, 7, 1, 1, 1, 1, 1, FAIL, 0.0, 182.0, 39.0, 208.0, 392.0, 876.0, 68.0, 128.0, 35.0, 57.0, 118.0, 145.0, 166.0, 183.0
974656, B4U62_RS05080, C->A, synonymous, -3.47652223707, 0.402, 7, 1, 1, 1, 1, 1, FAIL, 1.0, 166.0, 0.0, 61.0, 5.0, 620.0, 2.0, 118.0, 0.0, 65.0, 5.0, 35.0, 0.0, 48.0
1007348, B4U62_RS05250, G->T, missense, -1.71679001554, 0.3848, 7, 1, 1, 1, 1, 1, FAIL, 4.0, 197.0, 1.0, 86.0, 5.0, 977.0, 1.0, 153.0, 0.0, 80.0, 3.0, 27.0, 1.0, 67.0
1070967, B4U62_RS05565, C->A, missense, -0.0834881550985, 0.3783, 7, 1, 1, 1, 1, 1, FAIL, 18.0, 177.0, 4.0, 42.0, 35.0, 540.0, 6.0, 93.0, 4.0, 69.0, 5.0, 27.0, 2.0, 50.0
1071927, B4U62_RS05580, G->T, missense, -0.0202493409481, 0.3513, 7, 1, 1, 1, 1, 1, FAIL, 26.0, 248.0, 1.0, 4.0, 97.0, 739.0, 17.0, 139.0, 7.0, 95.0, 0.0, 0.0, 0.0, 0.0
1097120, B4U62_RS05715, A->G, synonymous, 0.108515841178, 0.1831, 7, 1, 1, 1, 1, 1, FAIL, 23.0, 200.0, 56.0, 121.0, 293.0, 624.0, 85.0, 140.0, 36.0, 71.0, 106.0, 125.0, 150.0, 164.0
1097511, B4U62_RS05715, T->C, missense, 1.92224524147, 0.075, 7, 1, 1, 1, 1, 1, PASS, 0.0, 222.0, 0.0, 79.0, 1.0, 953.0, 63.0, 118.0, 32.0, 69.0, 96.0, 114.0, 146.0, 162.0
1122878, B4U62_RS05855, C->A, noncoding, 0.239499521431, 0.271, 7, 1, 1, 1, 1, 1, FAIL, 1.0, 134.0, 0.0, 4.0, 7.0, 276.0, 3.0, 56.0, 4.0, 39.0, 0.0, 2.0, 1.0, 1.0
1131266, B4U62_RS05890, G->A, missense, 1.78429409548, 0.2046, 7, 1, 1, 1, 1, 1, FAIL, 0.0, 194.0, 0.0, 323.0, 2.0, 1179.0, 0.0, 158.0, 0.0, 88.0, 42.0, 267.0, 21.0, 263.0
1147968, B4U62_RS05930, A->G, synonymous, 0.1254880157, 0.1687, 7, 1, 1, 1, 1, 1, FAIL, 0.0, 280.0, 196.0, 462.0, 769.0, 1665.0, 132.0, 246.0, 92.0, 137.0, 325.0, 391.0, 383.0, 421.0
1162349, B4U62_RS06020, C->A, missense, -1.75606508699, 0.3887, 7, 1, 1, 1, 1, 1, FAIL, 2.0, 202.0, 3.0, 25.0, 7.0, 544.0, 2.0, 96.0, 1.0, 72.0, 0.0, 19.0, 1.0, 32.0
1173708, B4U62_RS06080, C->T, synonymous, 1.96974755204, 0.0165, 7, 1, 1, 1, 1, 1, PASS, 0.0, 182.0, 0.0, 114.0, 0.0, 818.0, 69.0, 116.0, 40.0, 68.0, 57.0, 65.0, 118.0, 123.0
1182524, B4U62_RS06125, C->A, nonsense, 0.00139816318139, 0.3649, 7, 1, 1, 1, 1, 1, FAIL, 11.0, 133.0, 4.0, 43.0, 67.0, 595.0, 9.0, 99.0, 6.0, 57.0, 3.0, 13.0, 6.0, 38.0
1182552, B4U62_RS06125, C->A, synonymous, 0.204702889815, 0.1701, 7, 1, 1, 1, 1, 1, FAIL, 6.0, 144.0, 3.0, 39.0, 33.0, 606.0, 2.0, 98.0, 3.0, 56.0, 2.0, 12.0, 5.0, 38.0
1182563, B4U62_RS06125, C->A, missense, -0.0890383930122, 0.3674, 7, 1, 1, 1, 1, 1, FAIL, 9.0, 147.0, 4.0, 37.0, 48.0, 595.0, 4.0, 94.0, 4.0, 54.0, 0.0, 11.0, 7.0, 37.0
1182567, B4U62_RS06125, G->T, synonymous, -0.323429677734, 0.3648, 7, 1, 1, 1, 1, 1, FAIL, 2.0, 147.0, 1.0, 37.0, 21.0, 586.0, 3.0, 94.0, 0.0, 54.0, 0.0, 12.0, 5.0, 37.0
1183351, B4U62_RS06130, C->A, missense, -0.00109064288018, 0.3828, 7, 1, 1, 1, 1, 1, FAIL, 2.0, 136.0, 3.0, 90.0, 13.0, 519.0, 0.0, 86.0, 1.0, 57.0, 7.0, 49.0, 5.0, 97.0
1183385, B4U62_RS06130, G->T, missense, 0.0238723510706, 0.3547, 7, 1, 1, 1, 1, 1, FAIL, 3.0, 134.0, 4.0, 76.0, 23.0, 513.0, 2.0, 85.0, 3.0, 50.0, 7.0, 41.0, 6.0, 83.0
1183409, B4U62_RS06130, G->T, missense, 0.0421799295068, 0.3199, 7, 1, 1, 1, 1, 1, FAIL, 7.0, 119.0, 8.0, 68.0, 33.0, 498.0, 4.0, 84.0, 5.0, 53.0, 9.0, 39.0, 11.0, 74.0
1184823, B4U62_RS06140, C->A, synonymous, -0.645921899953, 0.3959, 7, 1, 1, 1, 1, 1, FAIL, 2.0, 193.0, 2.0, 79.0, 7.0, 605.0, 2.0, 108.0, 2.0, 84.0, 6.0, 45.0, 2.0, 85.0
1185875, B4U62_RS06150, C->A, synonymous, -0.208699066116, 0.3822, 7, 1, 1, 1, 1, 1, FAIL, 2.0, 158.0, 3.0, 23.0, 17.0, 583.0, 2.0, 102.0, 0.0, 67.0, 0.0, 5.0, 0.0, 20.0
1191947, B4U62_RS06185, C->T, missense, 2.62342755028, 0.0649, 7, 1, 1, 1, 1, 1, PASS, 0.0, 168.0, 0.0, 130.0, 0.0, 667.0, 0.0, 102.0, 3.0, 64.0, 22.0, 143.0, 14.0, 137.0
1220398, B4U62_RS06330, G->T, missense, 0.0341764120418, 0.0841, 7, 1, 1, 1, 1, 1, PASS, 33.0, 263.0, 13.0, 95.0, 93.0, 1039.0, 12.0, 166.0, 11.0, 104.0, 7.0, 33.0, 17.0, 93.0
1222117, B4U62_RS06335, C->T, synonymous, 0.885365107245, 0.2286, 7, 1, 1, 1, 1, 1, FAIL, 169.0, 190.0, 192.0, 195.0, 1230.0, 1253.0, 158.0, 164.0, 80.0, 85.0, 180.0, 181.0, 204.0, 211.0
1251194, B4U62_RS06505, G->T, missense, -0.519650667842, 0.3728, 7, 1, 1, 1, 1, 1, FAIL, 1.0, 168.0, 1.0, 28.0, 5.0, 490.0, 0.0, 83.0, 2.0, 76.0, 0.0, 16.0, 3.0, 24.0
1267351, B4U62_RS06625, G->T, missense, -4.95618728734, 0.3696, 7, 1, 1, 1, 1, 1, FAIL, 3.0, 205.0, 3.0, 27.0, 4.0, 787.0, 1.0, 112.0, 1.0, 88.0, 1.0, 21.0, 0.0, 19.0
1280489, B4U62_RS06700, G->T, missense, -0.0488061070753, 0.3805, 7, 1, 1, 1, 1, 1, FAIL, 9.0, 158.0, 4.0, 21.0, 30.0, 389.0, 10.0, 89.0, 6.0, 63.0, 3.0, 13.0, 1.0, 17.0
1315855, B4U62_RS06880, G->T, noncoding, -1.61126731337, 0.3673, 7, 1, 1, 1, 1, 1, FAIL, 5.0, 150.0, 2.0, 7.0, 15.0, 348.0, 1.0, 82.0, 6.0, 59.0, 0.0, 0.0, 0.0, 2.0
1318510, B4U62_RS06895, G->T, missense, -0.131198831223, 0.3762, 7, 1, 1, 1, 1, 1, FAIL, 7.0, 131.0, 2.0, 53.0, 25.0, 353.0, 2.0, 79.0, 4.0, 59.0, 4.0, 23.0, 5.0, 71.0
1318524, intergenic, G->T, noncoding, -0.056391286014, 0.3913, 7, 1, 1, 1, 1, 1, FAIL, 4.0, 123.0, 2.0, 46.0, 23.0, 337.0, 4.0, 73.0, 2.0, 55.0, 3.0, 18.0, 5.0, 63.0
1330776, B4U62_RS06985, C->T, synonymous, 2.68935883207, 0.0797, 7, 1, 1, 1, 1, 1, PASS, 0.0, 210.0, 0.0, 307.0, 1.0, 1094.0, 1.0, 160.0, 3.0, 80.0, 158.0, 235.0, 176.0, 210.0
1335133, B4U62_RS07030, G->T, missense, -0.0406371597256, 0.3721, 7, 1, 1, 1, 1, 1, FAIL, 5.0, 135.0, 0.0, 11.0, 21.0, 212.0, 5.0, 41.0, 2.0, 23.0, 2.0, 7.0, 0.0, 14.0
1335807, B4U62_RS07030, G->T, nonsense, -0.937759749554, 0.3863, 7, 1, 1, 1, 1, 1, FAIL, 0.0, 105.0, 3.0, 18.0, 9.0, 344.0, 3.0, 63.0, 2.0, 57.0, 0.0, 5.0, 1.0, 26.0
1338830, B4U62_RS07030, C->T, synonymous, 0.27724162931, 0.1422, 7, 1, 1, 1, 1, 1, FAIL, 0.0, 263.0, 0.0, 105.0, 340.0, 772.0, 61.0, 109.0, 30.0, 75.0, 32.0, 37.0, 62.0, 63.0
1351059, B4U62_RS07120, C->A, nonsense, -0.0216153427051, 0.3732, 7, 1, 1, 1, 1, 1, FAIL, 4.0, 172.0, 0.0, 10.0, 18.0, 470.0, 3.0, 68.0, 7.0, 69.0, 1.0, 3.0, 0.0, 7.0
1351089, B4U62_RS07120, C->A, nonsense, 0.00582213866238, 0.3068, 7, 1, 1, 1, 1, 1, FAIL, 9.0, 138.0, 0.0, 5.0, 34.0, 324.0, 5.0, 53.0, 10.0, 48.0, 0.0, 1.0, 0.0, 3.0
1382306, B4U62_RS07275, G->A, synonymous, 0.02151489169, 0.3808, 7, 1, 1, 1, 1, 1, FAIL, 4.0, 180.0, 58.0, 178.0, 425.0, 880.0, 63.0, 165.0, 44.0, 95.0, 16.0, 124.0, 17.0, 94.0
1398564, B4U62_RS07375, C->A, missense, -0.734856861686, 0.3613, 7, 1, 1, 1, 1, 1, FAIL, 2.0, 221.0, 3.0, 25.0, 5.0, 592.0, 0.0, 124.0, 2.0, 76.0, 0.0, 15.0, 1.0, 21.0
1412994, B4U62_RS07435, G->T, missense, -0.144163759941, 0.3448, 7, 1, 1, 1, 1, 1, FAIL, 8.0, 175.0, 4.0, 33.0, 22.0, 607.0, 3.0, 96.0, 2.0, 63.0, 2.0, 10.0, 2.0, 27.0
1414088, B4U62_RS07440, G->T, noncoding, -0.570131898356, 0.3811, 7, 1, 1, 1, 1, 1, FAIL, 5.0, 224.0, 0.0, 15.0, 13.0, 628.0, 3.0, 116.0, 2.0, 90.0, 0.0, 12.0, 3.0, 22.0
1421197, B4U62_RS07475, G->T, missense, -0.0485980884807, 0.3688, 7, 1, 1, 1, 1, 1, FAIL, 9.0, 162.0, 3.0, 19.0, 48.0, 480.0, 13.0, 90.0, 4.0, 72.0, 1.0, 3.0, 0.0, 6.0
1439223, riboswitch_11, G->T, noncoding, 0.50636507471, 0.1869, 7, 1, 1, 1, 1, 1, FAIL, 2.0, 188.0, 0.0, 22.0, 10.0, 606.0, 6.0, 131.0, 4.0, 74.0, 1.0, 7.0, 3.0, 13.0
1449862, B4U62_RS07640, C->A, synonymous, -0.0501292555583, 0.359, 7, 1, 1, 1, 1, 1, FAIL, 25.0, 166.0, 11.0, 60.0, 96.0, 859.0, 16.0, 132.0, 9.0, 77.0, 1.0, 16.0, 10.0, 35.0
1451700, B4U62_RS07650, T->G, missense, 0.00140330468853, 0.3763, 7, 1, 1, 1, 1, 1, FAIL, 0.0, 136.0, 5.0, 14.0, 191.0, 422.0, 44.0, 82.0, 30.0, 51.0, 5.0, 8.0, 16.0, 18.0
1452295, B4U62_RS07650, T->C, synonymous, 2.30743704132, 0.0643, 7, 1, 1, 1, 1, 1, PASS, 0.0, 180.0, 0.0, 331.0, 0.0, 1492.0, 1.0, 185.0, 7.0, 119.0, 62.0, 301.0, 29.0, 289.0
1462879, B4U62_RS07700, C->A, missense, -0.785696134164, 0.3799, 7, 1, 1, 1, 1, 1, FAIL, 2.0, 212.0, 3.0, 23.0, 12.0, 774.0, 4.0, 121.0, 2.0, 93.0, 0.0, 3.0, 1.0, 16.0
1474055, B4U62_RS07740, C->A, missense, -9.96795952782, 0.394, 7, 1, 1, 1, 1, 1, FAIL, 2.0, 180.0, 1.0, 25.0, 3.0, 593.0, 0.0, 100.0, 0.0, 74.0, 3.0, 14.0, 0.0, 22.0
1480856, B4U62_RS07770, C->T, nonsense, 0.88359134127, 0.2107, 7, 1, 1, 1, 1, 1, FAIL, 0.0, 207.0, 0.0, 32.0, 35.0, 666.0, 29.0, 97.0, 19.0, 69.0, 0.0, 11.0, 4.0, 35.0
1483679, intergenic, C->A, noncoding, -0.879122362593, 0.3712, 7, 1, 1, 1, 1, 1, FAIL, 3.0, 177.0, 2.0, 29.0, 9.0, 756.0, 2.0, 122.0, 0.0, 93.0, 4.0, 32.0, 1.0, 50.0
1546162, B4U62_RS08135, G->T, synonymous, -0.17258027828, 0.3757, 7, 1, 1, 1, 1, 1, FAIL, 15.0, 183.0, 0.0, 10.0, 59.0, 560.0, 12.0, 115.0, 14.0, 72.0, 0.0, 0.0, 1.0, 4.0
1546184, B4U62_RS08135, G->T, missense, -0.0621247457623, 0.3746, 7, 1, 1, 1, 1, 1, FAIL, 24.0, 176.0, 1.0, 15.0, 54.0, 590.0, 7.0, 118.0, 15.0, 68.0, 0.0, 0.0, 0.0, 7.0
1548472, B4U62_RS08145, C->A, missense, -0.109560919106, 0.3609, 7, 1, 1, 1, 1, 1, FAIL, 14.0, 160.0, 8.0, 48.0, 83.0, 559.0, 14.0, 99.0, 7.0, 82.0, 5.0, 12.0, 2.0, 31.0
1548507, B4U62_RS08145, C->A, synonymous, 0.0139853838407, 0.3665, 7, 1, 1, 1, 1, 1, FAIL, 6.0, 185.0, 4.0, 51.0, 45.0, 608.0, 7.0, 101.0, 5.0, 90.0, 3.0, 13.0, 2.0, 40.0
1555006, B4U62_RS08180, C->A, synonymous, -3.61148116749, 0.4095, 7, 1, 1, 1, 1, 1, FAIL, 2.0, 171.0, 0.0, 49.0, 5.0, 718.0, 1.0, 104.0, 0.0, 84.0, 3.0, 23.0, 1.0, 63.0
1561705, B4U62_RS08200, G->C, missense, -0.0804153782768, 0.3698, 7, 1, 1, 1, 1, 1, FAIL, 11.0, 138.0, 5.0, 71.0, 62.0, 662.0, 6.0, 84.0, 9.0, 43.0, 4.0, 55.0, 11.0, 85.0
1561726, B4U62_RS08200, G->C, missense, 0.00574938756964, 0.3803, 7, 1, 1, 1, 1, 1, FAIL, 5.0, 145.0, 8.0, 70.0, 47.0, 672.0, 9.0, 87.0, 6.0, 45.0, 6.0, 53.0, 15.0, 81.0
1572949, B4U62_RS08275, G->T, missense, -0.388639845437, 0.4092, 7, 1, 1, 1, 1, 1, FAIL, 3.0, 206.0, 3.0, 26.0, 4.0, 713.0, 1.0, 131.0, 0.0, 95.0, 0.0, 21.0, 0.0, 25.0
1579065, B4U62_RS08315, A->T, synonymous, -1.1023569181, 0.3859, 7, 1, 1, 1, 1, 1, FAIL, 4.0, 181.0, 1.0, 53.0, 5.0, 677.0, 2.0, 115.0, 2.0, 70.0, 3.0, 26.0, 1.0, 66.0
1581543, B4U62_RS08325, C->T, missense, 1.49017291468, 0.0198, 7, 1, 1, 1, 1, 1, PASS, 0.0, 137.0, 0.0, 115.0, 9.0, 496.0, 43.0, 77.0, 30.0, 55.0, 65.0, 79.0, 90.0, 107.0
1586321, B4U62_RS08345, G->T, noncoding, 0.065000628909, 0.3172, 7, 1, 1, 1, 1, 1, FAIL, 10.0, 155.0, 5.0, 33.0, 16.0, 487.0, 1.0, 87.0, 4.0, 60.0, 2.0, 15.0, 1.0, 22.0
1599487, B4U62_RS08405, G->T, nonsense, -0.600415664644, 0.3426, 7, 1, 1, 1, 1, 1, FAIL, 6.0, 123.0, 0.0, 1.0, 13.0, 237.0, 1.0, 49.0, 4.0, 37.0, 1.0, 1.0, 0.0, 3.0
1603807, B4U62_RS08410, G->T, noncoding, -0.352810622564, 0.385, 7, 1, 1, 1, 1, 1, FAIL, 3.0, 143.0, 1.0, 27.0, 12.0, 327.0, 0.0, 63.0, 4.0, 40.0, 1.0, 7.0, 2.0, 37.0
1603812, B4U62_RS08410, G->T, nonsense, -0.700843131311, 0.3731, 7, 1, 1, 1, 1, 1, FAIL, 9.0, 139.0, 7.0, 25.0, 28.0, 306.0, 5.0, 52.0, 4.0, 35.0, 1.0, 7.0, 2.0, 38.0
1603818, B4U62_RS08410, C->A, missense, -0.556470193579, 0.3683, 7, 1, 1, 1, 1, 1, FAIL, 3.0, 142.0, 4.0, 25.0, 9.0, 311.0, 1.0, 50.0, 0.0, 34.0, 0.0, 7.0, 3.0, 39.0
1603839, B4U62_RS08410, G->T, synonymous, -0.0941327928209, 0.3841, 7, 1, 1, 1, 1, 1, FAIL, 7.0, 143.0, 5.0, 23.0, 22.0, 323.0, 3.0, 46.0, 0.0, 34.0, 0.0, 7.0, 2.0, 41.0
1615854, B4U62_RS08470, G->T, missense, 0.0, 0.2432, 7, 1, 1, 1, 1, 1, FAIL, 2.0, 140.0, 3.0, 25.0, 7.0, 540.0, 0.0, 74.0, 0.0, 55.0, 0.0, 27.0, 0.0, 43.0
1616339, B4U62_RS08475, G->T, missense, 0.479472156949, 0.1987, 7, 1, 1, 1, 1, 1, FAIL, 5.0, 159.0, 1.0, 34.0, 17.0, 458.0, 0.0, 79.0, 6.0, 77.0, 3.0, 13.0, 0.0, 23.0
1616360, B4U62_RS08475, G->T, nonsense, -0.180510876127, 0.3829, 7, 1, 1, 1, 1, 1, FAIL, 3.0, 141.0, 1.0, 35.0, 24.0, 437.0, 1.0, 76.0, 2.0, 75.0, 3.0, 13.0, 1.0, 24.0
1620044, B4U62_RS08495, G->T, missense, 1.63450120904, 0.0547, 7, 1, 1, 1, 1, 1, PASS, 1.0, 182.0, 1.0, 278.0, 4.0, 1017.0, 57.0, 127.0, 40.0, 78.0, 171.0, 216.0, 213.0, 233.0
1626048, B4U62_RS08515, G->T, synonymous, 0.699649704684, 0.0674, 7, 1, 1, 1, 1, 1, PASS, 2.0, 229.0, 0.0, 147.0, 3.0, 1017.0, 4.0, 166.0, 17.0, 96.0, 9.0, 119.0, 13.0, 146.0
1642152, B4U62_RS08595, C->A, synonymous, 0.00768063101539, 0.348, 7, 1, 1, 1, 1, 1, FAIL, 4.0, 140.0, 4.0, 88.0, 21.0, 535.0, 2.0, 90.0, 1.0, 60.0, 7.0, 39.0, 5.0, 88.0
1667032, B4U62_RS08725, G->T, missense, -1.3590284058, 0.3883, 7, 1, 1, 1, 1, 1, FAIL, 3.0, 213.0, 3.0, 20.0, 13.0, 897.0, 3.0, 175.0, 2.0, 82.0, 0.0, 5.0, 1.0, 19.0
1686301, B4U62_RS08820, G->T, missense, -2.29841052807, 0.3938, 7, 1, 1, 1, 1, 1, FAIL, 3.0, 154.0, 0.0, 55.0, 3.0, 600.0, 2.0, 97.0, 0.0, 66.0, 3.0, 18.0, 0.0, 31.0
1690675, B4U62_RS08840, G->A, missense, 0.995381217086, 0.6285, 7, 1, 1, 1, 1, 1, FAIL, 140.0, 140.0, 88.0, 88.0, 485.0, 487.0, 66.0, 66.0, 38.0, 38.0, 79.0, 79.0, 91.0, 91.0
1700553, B4U62_RS08900, G->T, missense, 0.961063608467, 0.3406, 7, 1, 1, 1, 1, 1, FAIL, 122.0, 138.0, 55.0, 56.0, 771.0, 772.0, 129.0, 129.0, 79.0, 79.0, 43.0, 43.0, 37.0, 37.0
1700558, B4U62_RS08900, G->A, missense, 0.972615197959, 0.3272, 7, 1, 1, 1, 1, 1, FAIL, 115.0, 131.0, 56.0, 56.0, 784.0, 785.0, 129.0, 129.0, 80.0, 80.0, 43.0, 43.0, 36.0, 36.0
1736113, B4U62_RS09075, A->G, missense, 1.28152357407, 0.0958, 7, 1, 1, 1, 1, 1, PASS, 0.0, 162.0, 0.0, 66.0, 22.0, 625.0, 31.0, 101.0, 28.0, 72.0, 9.0, 35.0, 10.0, 70.0
1760871, B4U62_RS09200, G->T, noncoding, -0.835207086761, 0.3849, 7, 1, 1, 1, 1, 1, FAIL, 7.0, 191.0, 4.0, 20.0, 35.0, 663.0, 7.0, 117.0, 3.0, 75.0, 0.0, 8.0, 0.0, 9.0
1766503, B4U62_RS09225, C->A, missense, -1.06569071958, 0.3846, 7, 1, 1, 1, 1, 1, FAIL, 0.0, 194.0, 1.0, 41.0, 5.0, 743.0, 2.0, 126.0, 0.0, 68.0, 0.0, 2.0, 3.0, 14.0
1774890, intergenic, G->T, noncoding, 0.376595000606, 0.2272, 7, 1, 1, 1, 1, 1, FAIL, 7.0, 174.0, 3.0, 16.0, 13.0, 571.0, 2.0, 132.0, 0.0, 75.0, 0.0, 6.0, 0.0, 21.0
1775973, B4U62_RS09270, C->T, synonymous, 5.96538675505, 0.0299, 7, 1, 1, 1, 1, 1, PASS, 0.0, 162.0, 0.0, 60.0, 0.0, 529.0, 1.0, 91.0, 3.0, 67.0, 6.0, 40.0, 6.0, 41.0
1784435, B4U62_RS09305, C->A, synonymous, -0.467476154059, 0.3825, 7, 1, 1, 1, 1, 1, FAIL, 6.0, 170.0, 2.0, 70.0, 6.0, 490.0, 1.0, 138.0, 1.0, 64.0, 0.0, 31.0, 6.0, 40.0
1821390, B4U62_RS09350, C->A, synonymous, 1.05172263867, 0.1803, 7, 1, 1, 1, 1, 1, FAIL, 0.0, 127.0, 0.0, 37.0, 4.0, 449.0, 2.0, 84.0, 0.0, 51.0, 0.0, 23.0, 3.0, 24.0
1836363, B4U62_RS09360, C->A, missense, 1.20714033862, 0.1289, 7, 1, 1, 1, 1, 1, FAIL, 3.0, 228.0, 1.0, 75.0, 8.0, 949.0, 1.0, 178.0, 3.0, 100.0, 4.0, 30.0, 0.0, 50.0
1852185, B4U62_RS09365, G->T, missense, 0.791631624982, 0.1278, 7, 1, 1, 1, 1, 1, FAIL, 0.0, 117.0, 3.0, 29.0, 11.0, 317.0, 1.0, 56.0, 2.0, 44.0, 2.0, 10.0, 1.0, 33.0
1855570, B4U62_RS09365, G->A, nonsense, 1.66560204854, 0.0201, 7, 1, 1, 1, 1, 1, PASS, 0.0, 119.0, 0.0, 128.0, 18.0, 625.0, 35.0, 86.0, 35.0, 54.0, 100.0, 112.0, 119.0, 135.0
1859882, B4U62_RS09370, G->T, noncoding, 0.0582406221021, 0.2894, 7, 1, 1, 1, 1, 1, FAIL, 11.0, 181.0, 0.0, 16.0, 55.0, 568.0, 10.0, 94.0, 5.0, 58.0, 0.0, 3.0, 2.0, 7.0
1859951, intergenic, G->T, noncoding, -0.045922950715, 0.3674, 7, 1, 1, 1, 1, 1, FAIL, 13.0, 206.0, 4.0, 26.0, 68.0, 652.0, 9.0, 125.0, 7.0, 84.0, 2.0, 9.0, 2.0, 19.0
1861385, B4U62_RS09380, C->A, noncoding, -7.93869238225, 0.3921, 7, 1, 1, 1, 1, 1, FAIL, 1.0, 220.0, 3.0, 23.0, 8.0, 740.0, 2.0, 142.0, 0.0, 94.0, 0.0, 5.0, 0.0, 7.0
1868482, intergenic, T->C, noncoding, 1.67352607994, 0.0502, 7, 1, 1, 1, 1, 1, PASS, 0.0, 263.0, 0.0, 12.0, 19.0, 616.0, 56.0, 110.0, 64.0, 105.0, 2.0, 5.0, 7.0, 7.0
1878111, B4U62_RS09485, A->G, synonymous, -0.116406706301, 0.37, 7, 1, 1, 1, 1, 1, FAIL, 0.0, 178.0, 3.0, 16.0, 154.0, 480.0, 28.0, 87.0, 26.0, 74.0, 2.0, 9.0, 1.0, 21.0
1884794, B4U62_RS09525, C->A, synonymous, -0.0364107740574, 0.3708, 7, 1, 1, 1, 1, 1, FAIL, 2.0, 159.0, 0.0, 14.0, 39.0, 472.0, 9.0, 77.0, 4.0, 46.0, 1.0, 5.0, 0.0, 4.0
1884828, B4U62_RS09525, G->T, missense, -0.102843801976, 0.3758, 7, 1, 1, 1, 1, 1, FAIL, 5.0, 152.0, 2.0, 10.0, 79.0, 416.0, 14.0, 78.0, 4.0, 49.0, 1.0, 3.0, 0.0, 3.0
1884843, B4U62_RS09525, G->T, missense, -0.0275122880004, 0.3653, 7, 1, 1, 1, 1, 1, FAIL, 5.0, 150.0, 3.0, 8.0, 118.0, 458.0, 19.0, 86.0, 10.0, 52.0, 1.0, 2.0, 1.0, 4.0
1884853, B4U62_RS09525, G->T, synonymous, -0.0359809106534, 0.3634, 7, 1, 1, 1, 1, 1, FAIL, 7.0, 146.0, 2.0, 9.0, 125.0, 460.0, 25.0, 85.0, 14.0, 50.0, 0.0, 2.0, 2.0, 4.0
1884864, B4U62_RS09525, C->A, missense, 0.00864076296356, 0.3709, 7, 1, 1, 1, 1, 1, FAIL, 2.0, 159.0, 0.0, 8.0, 46.0, 487.0, 9.0, 85.0, 6.0, 53.0, 0.0, 2.0, 2.0, 5.0
1884870, B4U62_RS09525, G->T, missense, -0.0392085575978, 0.3446, 7, 1, 1, 1, 1, 1, FAIL, 10.0, 163.0, 5.0, 8.0, 152.0, 509.0, 30.0, 89.0, 13.0, 55.0, 1.0, 2.0, 2.0, 5.0
1887076, intergenic, T->C, noncoding, 0.236965682838, 0.1365, 7, 1, 1, 1, 1, 1, FAIL, 0.0, 204.0, 0.0, 0.0, 62.0, 490.0, 36.0, 134.0, 25.0, 69.0, 0.0, 1.0, 0.0, 0.0
1915981, B4U62_RS09695, G->T, missense, -3.09438636182, 0.394, 7, 1, 1, 1, 1, 1, FAIL, 0.0, 156.0, 4.0, 29.0, 4.0, 467.0, 1.0, 84.0, 2.0, 66.0, 0.0, 17.0, 0.0, 36.0
1958008, B4U62_RS22775, C->A, noncoding, -2.31619296936, 0.3793, 7, 1, 1, 1, 1, 1, FAIL, 9.0, 130.0, 2.0, 16.0, 22.0, 367.0, 2.0, 69.0, 3.0, 49.0, 3.0, 7.0, 0.0, 19.0
2003170, B4U62_RS09995, G->T, missense, 0.0333136114984, 0.3084, 7, 1, 1, 1, 1, 1, FAIL, 13.0, 198.0, 0.0, 14.0, 50.0, 455.0, 13.0, 114.0, 10.0, 88.0, 1.0, 3.0, 1.0, 6.0
2003215, intergenic, G->T, noncoding, -0.0164843973145, 0.381, 7, 1, 1, 1, 1, 1, FAIL, 20.0, 196.0, 0.0, 12.0, 58.0, 513.0, 12.0, 135.0, 5.0, 85.0, 0.0, 3.0, 1.0, 4.0
2003262, intergenic, G->T, noncoding, -0.091643944525, 0.3702, 7, 1, 1, 1, 1, 1, FAIL, 21.0, 243.0, 3.0, 27.0, 38.0, 640.0, 13.0, 157.0, 4.0, 113.0, 3.0, 13.0, 1.0, 11.0
2019996, B4U62_RS10070, G->A, missense, 0.296755965885, 0.132, 7, 1, 1, 1, 1, 1, FAIL, 0.0, 138.0, 0.0, 74.0, 220.0, 513.0, 76.0, 111.0, 34.0, 51.0, 69.0, 80.0, 58.0, 67.0
2034095, B4U62_RS10135, G->T, missense, -0.0526881865189, 0.3665, 7, 1, 1, 1, 1, 1, FAIL, 9.0, 144.0, 6.0, 31.0, 90.0, 646.0, 10.0, 107.0, 9.0, 68.0, 0.0, 1.0, 5.0, 22.0
2071026, B4U62_RS10350, T->C, synonymous, -0.0582507350744, 0.3309, 7, 1, 1, 1, 1, 1, FAIL, 0.0, 131.0, 2.0, 4.0, 91.0, 224.0, 37.0, 59.0, 10.0, 31.0, 0.0, 0.0, 0.0, 0.0
2091035, B4U62_RS10455, G->T, missense, -1.57106329282, 0.3911, 7, 1, 1, 1, 1, 1, FAIL, 4.0, 119.0, 3.0, 21.0, 4.0, 239.0, 1.0, 49.0, 0.0, 33.0, 0.0, 6.0, 0.0, 8.0
2093648, B4U62_RS10465, G->T, missense, 0.0892568550886, 0.2487, 7, 1, 1, 1, 1, 1, FAIL, 2.0, 132.0, 1.0, 42.0, 22.0, 611.0, 6.0, 116.0, 3.0, 60.0, 3.0, 21.0, 2.0, 47.0
2093660, B4U62_RS10465, C->A, synonymous, 0.154303528071, 0.2698, 7, 1, 1, 1, 1, 1, FAIL, 2.0, 133.0, 1.0, 43.0, 37.0, 604.0, 4.0, 110.0, 6.0, 55.0, 5.0, 21.0, 2.0, 49.0
2093672, B4U62_RS10465, C->A, missense, 0.0915958099859, 0.2297, 7, 1, 1, 1, 1, 1, FAIL, 1.0, 117.0, 5.0, 41.0, 32.0, 515.0, 5.0, 88.0, 3.0, 51.0, 2.0, 17.0, 8.0, 48.0
2118673, B4U62_RS10590, A->G, missense, 0.309266588075, 0.1323, 7, 1, 1, 1, 1, 1, FAIL, 0.0, 174.0, 1.0, 121.0, 103.0, 594.0, 46.0, 129.0, 26.0, 81.0, 17.0, 75.0, 8.0, 96.0
2119432, B4U62_RS10595, G->T, missense, -0.418544414874, 0.365, 7, 1, 1, 1, 1, 1, FAIL, 3.0, 101.0, 1.0, 3.0, 10.0, 232.0, 0.0, 57.0, 4.0, 38.0, 0.0, 1.0, 0.0, 5.0
2136354, B4U62_RS10700, G->T, noncoding, -0.128745697335, 0.3841, 7, 1, 1, 1, 1, 1, FAIL, 3.0, 136.0, 1.0, 22.0, 11.0, 367.0, 3.0, 63.0, 6.0, 44.0, 0.0, 9.0, 0.0, 24.0
2145840, B4U62_RS22805, G->T, nonsense, -0.0137459526079, 0.3425, 7, 1, 1, 1, 1, 1, FAIL, 36.0, 199.0, 1.0, 11.0, 93.0, 671.0, 18.0, 119.0, 16.0, 114.0, 0.0, 0.0, 1.0, 3.0
2166020, B4U62_RS10955, C->A, missense, -2.94398198317, 0.3973, 7, 1, 1, 1, 1, 1, FAIL, 1.0, 160.0, 3.0, 22.0, 2.0, 503.0, 2.0, 91.0, 1.0, 61.0, 0.0, 14.0, 0.0, 23.0
2169435, B4U62_RS11000, C->A, missense, 0.794813867186, 0.1716, 7, 1, 1, 1, 1, 1, FAIL, 1.0, 242.0, 0.0, 37.0, 8.0, 920.0, 5.0, 165.0, 1.0, 107.0, 3.0, 26.0, 1.0, 54.0
2169525, B4U62_RS11000, C->A, noncoding, 1.29885101581, 0.1106, 7, 1, 1, 1, 1, 1, FAIL, 2.0, 216.0, 1.0, 33.0, 11.0, 847.0, 2.0, 173.0, 1.0, 110.0, 3.0, 22.0, 4.0, 48.0
2242259, B4U62_RS11555, G->T, missense, 2.14192108285, 0.1364, 7, 1, 1, 1, 1, 1, FAIL, 2.0, 161.0, 0.0, 15.0, 1.0, 429.0, 3.0, 96.0, 0.0, 54.0, 0.0, 13.0, 3.0, 25.0
2255050, B4U62_RS11615, G->T, synonymous, -4.39880660591, 0.3872, 7, 1, 1, 1, 1, 1, FAIL, 2.0, 141.0, 4.0, 21.0, 8.0, 369.0, 3.0, 97.0, 0.0, 48.0, 0.0, 14.0, 0.0, 34.0
2255354, B4U62_RS11615, G->T, missense, 2.49309296979, 0.1681, 7, 1, 1, 1, 1, 1, FAIL, 0.0, 144.0, 1.0, 12.0, 2.0, 392.0, 3.0, 66.0, 0.0, 54.0, 4.0, 16.0, 0.0, 10.0
2262949, B4U62_RS11640, C->A, synonymous, -0.212908028884, 0.3765, 7, 1, 1, 1, 1, 1, FAIL, 3.0, 200.0, 1.0, 41.0, 12.0, 606.0, 3.0, 116.0, 3.0, 93.0, 3.0, 16.0, 1.0, 9.0
2274398, B4U62_RS11720, C->A, nonsense, -2.25009928641, 0.378, 7, 1, 1, 1, 1, 1, FAIL, 2.0, 215.0, 4.0, 16.0, 4.0, 584.0, 2.0, 127.0, 0.0, 88.0, 0.0, 3.0, 1.0, 17.0
2274405, B4U62_RS11720, C->A, missense, -3.12458614111, 0.3755, 7, 1, 1, 1, 1, 1, FAIL, 2.0, 209.0, 4.0, 17.0, 9.0, 556.0, 3.0, 121.0, 1.0, 89.0, 0.0, 3.0, 0.0, 19.0
2274406, B4U62_RS11720, C->A, missense, -1.4976012645, 0.3986, 7, 1, 1, 1, 1, 1, FAIL, 2.0, 208.0, 5.0, 17.0, 5.0, 538.0, 0.0, 119.0, 1.0, 89.0, 0.0, 3.0, 0.0, 19.0
2309322, B4U62_RS11935, C->A, nonsense, 0.25758553919, 0.3157, 7, 1, 1, 1, 1, 1, FAIL, 4.0, 151.0, 0.0, 48.0, 8.0, 462.0, 1.0, 78.0, 6.0, 48.0, 3.0, 44.0, 0.0, 57.0
2336829, B4U62_RS12080, C->A, missense, -1.47247302962, 0.3809, 7, 1, 1, 1, 1, 1, FAIL, 3.0, 165.0, 4.0, 27.0, 25.0, 603.0, 6.0, 141.0, 3.0, 61.0, 0.0, 11.0, 1.0, 39.0
2345278, B4U62_RS12140, G->T, missense, -0.776622677704, 0.3686, 7, 1, 1, 1, 1, 1, FAIL, 5.0, 202.0, 7.0, 45.0, 46.0, 869.0, 11.0, 198.0, 5.0, 115.0, 0.0, 2.0, 3.0, 9.0
2345305, B4U62_RS12140, C->A, missense, -0.0930703480379, 0.373, 7, 1, 1, 1, 1, 1, FAIL, 6.0, 170.0, 2.0, 33.0, 26.0, 724.0, 5.0, 160.0, 4.0, 99.0, 0.0, 2.0, 3.0, 14.0
2399927, B4U62_RS12445, C->A, missense, 0.140975470998, 0.2606, 7, 1, 1, 1, 1, 1, FAIL, 2.0, 145.0, 2.0, 40.0, 19.0, 624.0, 4.0, 84.0, 2.0, 78.0, 0.0, 24.0, 5.0, 37.0
2400748, B4U62_RS12450, G->T, synonymous, -0.0529830693129, 0.3894, 7, 1, 1, 1, 1, 1, FAIL, 14.0, 156.0, 5.0, 24.0, 173.0, 659.0, 18.0, 90.0, 14.0, 67.0, 4.0, 12.0, 5.0, 20.0
2400758, B4U62_RS12450, A->T, missense, -0.0534013006702, 0.3626, 7, 1, 1, 1, 1, 1, FAIL, 11.0, 147.0, 2.0, 19.0, 79.0, 595.0, 7.0, 83.0, 4.0, 66.0, 3.0, 11.0, 2.0, 17.0
2400761, B4U62_RS12450, G->T, missense, -0.0580639325907, 0.3729, 7, 1, 1, 1, 1, 1, FAIL, 9.0, 144.0, 4.0, 19.0, 53.0, 592.0, 4.0, 86.0, 7.0, 66.0, 1.0, 9.0, 2.0, 15.0
2400762, B4U62_RS12450, G->T, missense, -0.0437714544965, 0.3603, 7, 1, 1, 1, 1, 1, FAIL, 9.0, 144.0, 8.0, 19.0, 152.0, 592.0, 23.0, 87.0, 14.0, 66.0, 4.0, 9.0, 1.0, 15.0
2400766, B4U62_RS12450, T->A, synonymous, -0.0197562737301, 0.3691, 7, 1, 1, 1, 1, 1, FAIL, 20.0, 145.0, 6.0, 19.0, 110.0, 608.0, 20.0, 94.0, 12.0, 67.0, 1.0, 8.0, 2.0, 14.0
2400768, B4U62_RS12450, C->A, missense, -0.159136579808, 0.3585, 7, 1, 1, 1, 1, 1, FAIL, 10.0, 148.0, 5.0, 19.0, 67.0, 628.0, 11.0, 96.0, 8.0, 68.0, 1.0, 8.0, 1.0, 14.0
2400771, B4U62_RS12450, G->C, missense, -0.0120542484833, 0.3687, 7, 1, 1, 1, 1, 1, FAIL, 18.0, 148.0, 7.0, 19.0, 186.0, 615.0, 24.0, 96.0, 14.0, 66.0, 1.0, 8.0, 5.0, 13.0
2400776, B4U62_RS12450, A->C, missense, -0.0192278939649, 0.3746, 7, 1, 1, 1, 1, 1, FAIL, 23.0, 146.0, 6.0, 16.0, 153.0, 609.0, 19.0, 94.0, 18.0, 68.0, 2.0, 8.0, 2.0, 12.0
2400783, B4U62_RS12450, G->A, missense, 0.110648234437, 0.1622, 7, 1, 1, 1, 1, 1, FAIL, 10.0, 137.0, 2.0, 12.0, 33.0, 515.0, 9.0, 81.0, 9.0, 55.0, 2.0, 6.0, 1.0, 8.0
2400783, B4U62_RS12450, G->T, missense, -0.0494637265386, 0.3864, 7, 1, 1, 1, 1, 1, FAIL, 11.0, 137.0, 4.0, 12.0, 146.0, 515.0, 13.0, 81.0, 11.0, 55.0, 0.0, 6.0, 4.0, 8.0
2400788, B4U62_RS12450, A->C, missense, 0.00755722521371, 0.3828, 7, 1, 1, 1, 1, 1, FAIL, 24.0, 146.0, 5.0, 12.0, 190.0, 559.0, 29.0, 85.0, 26.0, 58.0, 1.0, 6.0, 4.0, 8.0
2401091, B4U62_RS12455, C->A, nonsense, -0.160652905523, 0.3529, 7, 1, 1, 1, 1, 1, FAIL, 7.0, 119.0, 0.0, 14.0, 13.0, 341.0, 3.0, 69.0, 1.0, 38.0, 1.0, 9.0, 3.0, 18.0
2405075, B4U62_RS12470, G->T, noncoding, -0.0476806841251, 0.2714, 7, 1, 1, 1, 1, 1, FAIL, 6.0, 113.0, 1.0, 2.0, 13.0, 244.0, 3.0, 50.0, 5.0, 37.0, 0.0, 1.0, 0.0, 4.0
2429804, B4U62_RS12610, C->A, synonymous, 5.89560545833, 0.1257, 7, 1, 1, 1, 1, 1, FAIL, 0.0, 168.0, 0.0, 40.0, 3.0, 562.0, 0.0, 116.0, 0.0, 72.0, 3.0, 21.0, 2.0, 31.0
2450044, B4U62_RS12755, C->T, missense, 0.0616375255317, 0.1113, 7, 1, 1, 1, 1, 1, FAIL, 19.0, 233.0, 40.0, 86.0, 475.0, 1037.0, 76.0, 132.0, 64.0, 111.0, 25.0, 30.0, 57.0, 60.0
2464771, B4U62_RS12855, G->T, missense, -0.853869339608, 0.3971, 7, 1, 1, 1, 1, 1, FAIL, 0.0, 235.0, 0.0, 250.0, 10.0, 1313.0, 2.0, 200.0, 13.0, 117.0, 1.0, 216.0, 1.0, 283.0
2469457, B4U62_RS12880, G->C, missense, 3.22599026752, 0.0195, 7, 1, 1, 1, 1, 1, PASS, 0.0, 194.0, 0.0, 61.0, 22.0, 816.0, 49.0, 98.0, 46.0, 73.0, 31.0, 38.0, 24.0, 28.0
2476916, B4U62_RS12915, C->A, noncoding, 0.0, 0.2128, 7, 1, 1, 1, 1, 1, FAIL, 2.0, 186.0, 0.0, 37.0, 14.0, 917.0, 2.0, 128.0, 1.0, 102.0, 0.0, 2.0, 3.0, 16.0
2495060, B4U62_RS13010, G->A, synonymous, 0.0972277909698, 0.2553, 7, 1, 1, 1, 1, 1, FAIL, 2.0, 171.0, 31.0, 78.0, 353.0, 709.0, 71.0, 122.0, 33.0, 62.0, 55.0, 60.0, 96.0, 108.0
2519848, B4U62_RS13115, C->A, missense, 0.574645571812, 0.1367, 7, 1, 1, 1, 1, 1, FAIL, 4.0, 107.0, 0.0, 27.0, 20.0, 369.0, 2.0, 57.0, 2.0, 45.0, 2.0, 16.0, 5.0, 27.0
2519858, B4U62_RS13115, C->A, synonymous, -0.721791459226, 0.3602, 7, 1, 1, 1, 1, 1, FAIL, 2.0, 104.0, 4.0, 25.0, 8.0, 355.0, 3.0, 52.0, 0.0, 45.0, 2.0, 15.0, 2.0, 27.0
2519885, B4U62_RS13115, C->A, synonymous, -0.424043754627, 0.3824, 7, 1, 1, 1, 1, 1, FAIL, 5.0, 133.0, 3.0, 31.0, 17.0, 362.0, 2.0, 50.0, 0.0, 50.0, 3.0, 14.0, 3.0, 28.0
2553113, B4U62_RS13310, C->A, missense, -0.0302830479366, 0.3497, 7, 1, 1, 1, 1, 1, FAIL, 22.0, 176.0, 4.0, 11.0, 164.0, 563.0, 28.0, 111.0, 15.0, 73.0, 0.0, 1.0, 1.0, 8.0
2553137, B4U62_RS13310, C->A, nonsense, -0.0235783158225, 0.3549, 7, 1, 1, 1, 1, 1, FAIL, 15.0, 181.0, 4.0, 11.0, 120.0, 570.0, 18.0, 111.0, 10.0, 72.0, 0.0, 1.0, 1.0, 9.0
2553141, B4U62_RS13310, C->A, synonymous, -0.115862689934, 0.3448, 7, 1, 1, 1, 1, 1, FAIL, 12.0, 172.0, 4.0, 11.0, 114.0, 560.0, 20.0, 110.0, 12.0, 71.0, 0.0, 1.0, 1.0, 9.0
2573571, B4U62_RS13450, G->A, synonymous, 12.1771819904, 0.0165, 7, 1, 1, 1, 1, 1, PASS, 0.0, 151.0, 0.0, 16.0, 0.0, 396.0, 3.0, 72.0, 5.0, 53.0, 2.0, 2.0, 12.0, 14.0
2580683, B4U62_RS13500, T->C, noncoding, 0.000246160526437, 0.4033, 7, 1, 1, 1, 1, 1, FAIL, 47.0, 194.0, 57.0, 77.0, 443.0, 964.0, 60.0, 124.0, 46.0, 86.0, 38.0, 44.0, 63.0, 72.0
2594162, B4U62_RS13575, C->A, missense, -4.23210666667, 0.4009, 7, 1, 1, 1, 1, 1, FAIL, 2.0, 175.0, 0.0, 49.0, 4.0, 600.0, 1.0, 134.0, 0.0, 64.0, 3.0, 20.0, 0.0, 42.0
2610911, B4U62_RS13660, C->A, nonsense, -2.60730178824, 0.372, 7, 1, 1, 1, 1, 1, FAIL, 3.0, 180.0, 1.0, 45.0, 11.0, 507.0, 2.0, 104.0, 2.0, 72.0, 3.0, 22.0, 0.0, 50.0
2655482, B4U62_RS13915, G->A, missense, 0.182827782653, 0.193, 7, 1, 1, 1, 1, 1, FAIL, 0.0, 176.0, 8.0, 32.0, 276.0, 608.0, 61.0, 92.0, 37.0, 61.0, 24.0, 27.0, 61.0, 67.0
2667333, B4U62_RS13995, C->A, missense, -2.23013679025, 0.3808, 7, 1, 1, 1, 1, 1, FAIL, 0.0, 234.0, 3.0, 26.0, 7.0, 865.0, 6.0, 159.0, 1.0, 105.0, 0.0, 6.0, 1.0, 21.0
2678502, intergenic, G->T, noncoding, -6.69711563416, 0.3821, 7, 1, 1, 1, 1, 1, FAIL, 0.0, 268.0, 4.0, 21.0, 2.0, 498.0, 3.0, 141.0, 0.0, 107.0, 0.0, 2.0, 0.0, 17.0
2681547, B4U62_RS14080, G->A, missense, 1.61592923495, 0.0219, 7, 1, 1, 1, 1, 1, PASS, 0.0, 192.0, 0.0, 111.0, 22.0, 866.0, 75.0, 144.0, 40.0, 79.0, 50.0, 59.0, 104.0, 120.0
2686818, B4U62_RS14125, C->A, synonymous, -5.42082740214, 0.4117, 7, 1, 1, 1, 1, 1, FAIL, 2.0, 159.0, 0.0, 33.0, 4.0, 562.0, 0.0, 71.0, 1.0, 62.0, 3.0, 16.0, 0.0, 51.0
2686839, B4U62_RS14125, G->T, synonymous, 1.8686634765, 0.1206, 7, 1, 1, 1, 1, 1, FAIL, 2.0, 143.0, 0.0, 34.0, 5.0, 588.0, 0.0, 63.0, 2.0, 62.0, 3.0, 19.0, 1.0, 60.0
2687802, B4U62_RS14125, C->A, missense, -0.462552046417, 0.3665, 7, 1, 1, 1, 1, 1, FAIL, 8.0, 178.0, 1.0, 43.0, 16.0, 727.0, 4.0, 117.0, 2.0, 76.0, 1.0, 19.0, 6.0, 39.0
2700142, B4U62_RS14225, C->A, missense, -0.0332308697763, 0.3695, 7, 1, 1, 1, 1, 1, FAIL, 17.0, 192.0, 6.0, 29.0, 40.0, 542.0, 14.0, 130.0, 3.0, 71.0, 0.0, 8.0, 1.0, 25.0
2700160, B4U62_RS14225, G->T, missense, -0.981811507646, 0.386, 7, 1, 1, 1, 1, 1, FAIL, 5.0, 198.0, 5.0, 35.0, 10.0, 605.0, 4.0, 141.0, 5.0, 78.0, 0.0, 8.0, 0.0, 32.0
2700186, B4U62_RS14225, C->A, missense, -0.0954698749322, 0.3696, 7, 1, 1, 1, 1, 1, FAIL, 8.0, 202.0, 6.0, 32.0, 51.0, 684.0, 13.0, 146.0, 5.0, 77.0, 1.0, 13.0, 0.0, 37.0
2700438, B4U62_RS14225, C->A, missense, 1.78811718734, 0.1672, 7, 1, 1, 1, 1, 1, FAIL, 0.0, 207.0, 0.0, 30.0, 8.0, 751.0, 0.0, 116.0, 2.0, 74.0, 1.0, 6.0, 3.0, 29.0
2700503, B4U62_RS14225, C->A, synonymous, 0.425262931356, 0.1569, 7, 1, 1, 1, 1, 1, FAIL, 3.0, 188.0, 1.0, 32.0, 11.0, 663.0, 1.0, 113.0, 3.0, 88.0, 0.0, 5.0, 3.0, 21.0
2701350, B4U62_RS14230, G->T, missense, 0.219493378979, 0.1704, 7, 1, 1, 1, 1, 1, FAIL, 6.0, 205.0, 0.0, 21.0, 21.0, 470.0, 7.0, 93.0, 4.0, 78.0, 1.0, 10.0, 5.0, 31.0
2701406, intergenic, G->T, noncoding, -0.114106681087, 0.3743, 7, 1, 1, 1, 1, 1, FAIL, 11.0, 194.0, 4.0, 23.0, 21.0, 441.0, 5.0, 92.0, 5.0, 67.0, 1.0, 17.0, 3.0, 34.0
2707653, B4U62_RS14270, G->T, missense, -0.142738509655, 0.3867, 7, 1, 1, 1, 1, 1, FAIL, 8.0, 211.0, 5.0, 28.0, 37.0, 685.0, 8.0, 125.0, 3.0, 77.0, 0.0, 4.0, 1.0, 14.0
2707674, B4U62_RS14270, A->T, synonymous, -4.41246739976, 0.3768, 7, 1, 1, 1, 1, 1, FAIL, 2.0, 226.0, 4.0, 26.0, 13.0, 771.0, 1.0, 155.0, 1.0, 89.0, 0.0, 3.0, 0.0, 9.0
2707678, B4U62_RS14270, G->T, synonymous, -0.125300618943, 0.3765, 7, 1, 1, 1, 1, 1, FAIL, 11.0, 232.0, 8.0, 25.0, 50.0, 773.0, 10.0, 157.0, 1.0, 89.0, 0.0, 3.0, 0.0, 9.0
2707683, B4U62_RS14270, G->T, missense, -0.0506181581775, 0.3534, 7, 1, 1, 1, 1, 1, FAIL, 18.0, 234.0, 8.0, 24.0, 72.0, 784.0, 17.0, 157.0, 5.0, 89.0, 0.0, 3.0, 0.0, 9.0
2707689, B4U62_RS14270, G->T, nonsense, -0.0206056864679, 0.3631, 7, 1, 1, 1, 1, 1, FAIL, 19.0, 236.0, 7.0, 24.0, 82.0, 790.0, 10.0, 154.0, 6.0, 89.0, 1.0, 3.0, 2.0, 9.0
2710220, B4U62_RS14285, G->T, nonsense, -0.241200798459, 0.3815, 7, 1, 1, 1, 1, 1, FAIL, 10.0, 167.0, 3.0, 21.0, 36.0, 366.0, 8.0, 89.0, 1.0, 67.0, 0.0, 11.0, 6.0, 25.0
2724625, B4U62_RS14390, C->T, missense, 0.218789348199, 0.2033, 7, 1, 1, 1, 1, 1, FAIL, 1.0, 240.0, 0.0, 21.0, 289.0, 654.0, 60.0, 103.0, 27.0, 59.0, 5.0, 5.0, 9.0, 11.0
2724670, B4U62_RS14390, C->T, missense, 0.123761043747, 0.359, 7, 1, 1, 1, 1, 1, FAIL, 0.0, 253.0, 0.0, 22.0, 241.0, 629.0, 43.0, 109.0, 18.0, 62.0, 0.0, 10.0, 2.0, 11.0
2724672, B4U62_RS14390, A->T, missense, -0.184985051239, 0.3611, 7, 1, 1, 1, 1, 1, FAIL, 1.0, 248.0, 0.0, 22.0, 73.0, 608.0, 4.0, 106.0, 12.0, 61.0, 0.0, 10.0, 0.0, 11.0
2729587, B4U62_RS14420, C->A, missense, -2.7110453094, 0.4037, 7, 1, 1, 1, 1, 1, FAIL, 2.0, 209.0, 0.0, 49.0, 4.0, 829.0, 0.0, 141.0, 0.0, 80.0, 3.0, 16.0, 1.0, 45.0
2771436, B4U62_RS14655, G->T, missense, -0.779672238183, 0.3796, 7, 1, 1, 1, 1, 1, FAIL, 3.0, 237.0, 1.0, 41.0, 7.0, 1096.0, 0.0, 166.0, 0.0, 95.0, 0.0, 10.0, 3.0, 27.0
2794376, B4U62_RS14760, C->A, missense, -1.06523906745, 0.3873, 7, 1, 1, 1, 1, 1, FAIL, 0.0, 125.0, 1.0, 51.0, 4.0, 506.0, 2.0, 101.0, 1.0, 51.0, 0.0, 25.0, 7.0, 56.0
2824196, B4U62_RS14910, T->C, synonymous, 1.03744551293, 0.2842, 7, 1, 1, 1, 1, 1, FAIL, 0.0, 128.0, 0.0, 85.0, 2.0, 497.0, 15.0, 106.0, 8.0, 73.0, 1.0, 114.0, 0.0, 129.0
2835195, B4U62_RS14970, G->T, missense, -0.305902809075, 0.3828, 7, 1, 1, 1, 1, 1, FAIL, 10.0, 143.0, 4.0, 55.0, 38.0, 463.0, 10.0, 101.0, 11.0, 49.0, 3.0, 40.0, 0.0, 63.0
2858879, B4U62_RS15105, G->A, missense, 0.33592619566, 0.1992, 7, 1, 1, 1, 1, 1, FAIL, 0.0, 139.0, 0.0, 75.0, 79.0, 574.0, 31.0, 99.0, 18.0, 57.0, 18.0, 62.0, 1.0, 81.0
2866624, B4U62_RS15145, G->T, noncoding, -0.0540931497127, 0.3695, 7, 1, 1, 1, 1, 1, FAIL, 6.0, 136.0, 10.0, 52.0, 56.0, 576.0, 8.0, 99.0, 3.0, 62.0, 3.0, 42.0, 5.0, 77.0
2885411, B4U62_RS15220, G->A, missense, 5.76811401398, 0.023, 7, 1, 1, 1, 1, 1, PASS, 0.0, 157.0, 0.0, 72.0, 0.0, 663.0, 0.0, 112.0, 5.0, 61.0, 33.0, 51.0, 54.0, 62.0
2905330, B4U62_RS15330, G->T, synonymous, -0.16585599218, 0.4068, 7, 1, 1, 1, 1, 1, FAIL, 2.0, 197.0, 1.0, 44.0, 10.0, 647.0, 1.0, 108.0, 1.0, 57.0, 4.0, 27.0, 0.0, 35.0
2905540, B4U62_RS15330, C->A, noncoding, -1.15685021924, 0.3768, 7, 1, 1, 1, 1, 1, FAIL, 4.0, 175.0, 0.0, 22.0, 7.0, 460.0, 1.0, 95.0, 1.0, 79.0, 0.0, 6.0, 3.0, 22.0
2908394, B4U62_RS15345, C->T, missense, 2.42570867779, 0.0726, 7, 1, 1, 1, 1, 1, PASS, 0.0, 367.0, 0.0, 326.0, 1.0, 1750.0, 0.0, 269.0, 5.0, 149.0, 54.0, 349.0, 27.0, 342.0
2921415, B4U62_RS15415, C->A, synonymous, -0.578245194144, 0.3803, 7, 1, 1, 1, 1, 1, FAIL, 2.0, 117.0, 3.0, 42.0, 13.0, 324.0, 0.0, 50.0, 1.0, 43.0, 3.0, 20.0, 3.0, 46.0
2921495, B4U62_RS15415, C->A, missense, 0.252090598158, 0.2714, 7, 1, 1, 1, 1, 1, FAIL, 0.0, 116.0, 3.0, 52.0, 8.0, 354.0, 0.0, 54.0, 1.0, 35.0, 5.0, 38.0, 5.0, 48.0
2963969, B4U62_RS15615, C->A, missense, -0.893569806376, 0.3762, 7, 1, 1, 1, 1, 1, FAIL, 3.0, 169.0, 2.0, 35.0, 6.0, 460.0, 0.0, 69.0, 1.0, 65.0, 3.0, 21.0, 0.0, 54.0
2984664, B4U62_RS15710, C->A, missense, 0.334971744873, 0.1971, 7, 1, 1, 1, 1, 1, FAIL, 6.0, 195.0, 4.0, 33.0, 8.0, 649.0, 0.0, 91.0, 1.0, 73.0, 0.0, 3.0, 0.0, 27.0
2987087, B4U62_RS15720, G->A, missense, 0.981697863126, 0.3191, 7, 1, 1, 1, 1, 1, FAIL, 303.0, 303.0, 237.0, 240.0, 1534.0, 1536.0, 273.0, 275.0, 174.0, 174.0, 199.0, 199.0, 259.0, 260.0
2997412, B4U62_RS15770, C->T, missense, 0.230926828192, 0.113, 7, 1, 1, 1, 1, 1, FAIL, 0.0, 206.0, 38.0, 218.0, 454.0, 1029.0, 87.0, 150.0, 41.0, 86.0, 209.0, 245.0, 227.0, 250.0
2998123, B4U62_RS15770, G->A, missense, 0.0375477887792, 0.368, 7, 1, 1, 1, 1, 1, FAIL, 2.0, 232.0, 84.0, 221.0, 739.0, 1418.0, 80.0, 201.0, 67.0, 133.0, 32.0, 191.0, 15.0, 200.0
3007209, B4U62_RS15820, G->A, missense, 0.030686604553, 0.2106, 7, 1, 1, 1, 1, 1, FAIL, 2.0, 152.0, 12.0, 26.0, 177.0, 415.0, 39.0, 71.0, 19.0, 43.0, 6.0, 13.0, 21.0, 29.0
3010832, B4U62_RS15845, C->G, missense, 0.0214026951028, 0.3116, 7, 1, 1, 1, 1, 1, FAIL, 17.0, 151.0, 18.0, 132.0, 73.0, 678.0, 9.0, 114.0, 14.0, 62.0, 17.0, 92.0, 19.0, 138.0
3010870, B4U62_RS15845, C->A, missense, -0.0296991469632, 0.3958, 7, 1, 1, 1, 1, 1, FAIL, 11.0, 138.0, 34.0, 151.0, 128.0, 680.0, 19.0, 116.0, 17.0, 59.0, 16.0, 103.0, 32.0, 162.0
3019308, B4U62_RS15895, C->A, synonymous, -2.62296352924, 0.3864, 7, 1, 1, 1, 1, 1, FAIL, 1.0, 182.0, 2.0, 74.0, 8.0, 705.0, 0.0, 133.0, 1.0, 75.0, 4.0, 35.0, 0.0, 72.0
3029775, B4U62_RS15945, C->A, nonsense, -0.0818208466592, 0.3911, 7, 1, 1, 1, 1, 1, FAIL, 10.0, 140.0, 4.0, 32.0, 48.0, 473.0, 11.0, 94.0, 12.0, 68.0, 1.0, 27.0, 10.0, 46.0
3046913, B4U62_RS16030, G->A, missense, 0.0454076226708, 0.3758, 7, 1, 1, 1, 1, 1, FAIL, 0.0, 173.0, 45.0, 144.0, 380.0, 762.0, 49.0, 115.0, 52.0, 100.0, 20.0, 118.0, 16.0, 132.0
3119936, B4U62_RS16370, G->T, noncoding, -0.488212859515, 0.3752, 7, 1, 1, 1, 1, 1, FAIL, 4.0, 255.0, 3.0, 23.0, 10.0, 969.0, 2.0, 163.0, 0.0, 92.0, 0.0, 9.0, 1.0, 21.0
3127315, B4U62_RS16405, G->T, missense, -3.88334444115, 0.3901, 7, 1, 1, 1, 1, 1, FAIL, 1.0, 241.0, 2.0, 105.0, 3.0, 950.0, 0.0, 118.0, 1.0, 102.0, 5.0, 43.0, 0.0, 109.0
3141089, B4U62_RS16495, C->A, missense, -0.108678144269, 0.3774, 7, 1, 1, 1, 1, 1, FAIL, 13.0, 158.0, 5.0, 27.0, 39.0, 338.0, 7.0, 66.0, 2.0, 41.0, 4.0, 17.0, 8.0, 38.0
3141144, B4U62_RS16495, C->A, synonymous, 0.0760501683433, 0.3995, 7, 1, 1, 1, 1, 1, FAIL, 1.0, 150.0, 2.0, 24.0, 5.0, 313.0, 3.0, 69.0, 1.0, 40.0, 3.0, 11.0, 0.0, 28.0
3146133, B4U62_RS16525, G->T, missense, -0.0188098149619, 0.3685, 7, 1, 1, 1, 1, 1, FAIL, 22.0, 191.0, 3.0, 11.0, 115.0, 630.0, 14.0, 99.0, 10.0, 59.0, 1.0, 9.0, 6.0, 36.0
3146139, B4U62_RS16525, C->A, synonymous, -0.0268970318423, 0.3726, 7, 1, 1, 1, 1, 1, FAIL, 15.0, 187.0, 2.0, 11.0, 44.0, 629.0, 9.0, 97.0, 5.0, 58.0, 1.0, 10.0, 4.0, 33.0
3146148, B4U62_RS16525, A->C, synonymous, -0.0283240230883, 0.3536, 7, 1, 1, 1, 1, 1, FAIL, 14.0, 181.0, 1.0, 9.0, 61.0, 586.0, 7.0, 90.0, 5.0, 55.0, 2.0, 8.0, 3.0, 29.0
3181636, B4U62_RS16770, C->A, synonymous, 0.00233478882438, 0.387, 7, 1, 1, 1, 1, 1, FAIL, 29.0, 195.0, 17.0, 66.0, 145.0, 726.0, 18.0, 111.0, 16.0, 86.0, 12.0, 35.0, 21.0, 74.0
3181650, B4U62_RS16770, C->A, nonsense, -0.0264566332669, 0.3805, 7, 1, 1, 1, 1, 1, FAIL, 24.0, 183.0, 19.0, 60.0, 146.0, 662.0, 19.0, 96.0, 20.0, 81.0, 8.0, 34.0, 14.0, 68.0
3194683, B4U62_RS16845, G->T, missense, -0.328187436157, 0.3643, 7, 1, 1, 1, 1, 1, FAIL, 10.0, 204.0, 1.0, 23.0, 30.0, 592.0, 8.0, 85.0, 1.0, 74.0, 1.0, 9.0, 3.0, 18.0
3195133, B4U62_RS16845, C->A, nonsense, -2.62796629137, 0.3975, 7, 1, 1, 1, 1, 1, FAIL, 0.0, 135.0, 4.0, 32.0, 4.0, 441.0, 2.0, 67.0, 0.0, 37.0, 0.0, 15.0, 0.0, 23.0
3195248, B4U62_RS16845, C->A, missense, -0.126734282433, 0.3774, 7, 1, 1, 1, 1, 1, FAIL, 6.0, 177.0, 3.0, 17.0, 17.0, 373.0, 3.0, 83.0, 2.0, 45.0, 0.0, 13.0, 0.0, 21.0
3196487, B4U62_RS16850, G->T, missense, -0.0905606439662, 0.3582, 7, 1, 1, 1, 1, 1, FAIL, 8.0, 195.0, 3.0, 12.0, 39.0, 488.0, 4.0, 94.0, 4.0, 65.0, 0.0, 1.0, 1.0, 8.0
3210499, B4U62_RS16905, C->A, nonsense, -3.10103646833, 0.4031, 7, 1, 1, 1, 1, 1, FAIL, 2.0, 155.0, 0.0, 33.0, 4.0, 521.0, 1.0, 79.0, 0.0, 48.0, 0.0, 19.0, 3.0, 25.0
3218325, B4U62_RS16940, G->T, nonsense, 0.197797229693, 0.2523, 7, 1, 1, 1, 1, 1, FAIL, 9.0, 138.0, 4.0, 18.0, 13.0, 310.0, 1.0, 67.0, 1.0, 52.0, 1.0, 9.0, 0.0, 6.0
3230247, B4U62_RS17015, C->A, missense, -1.31757402381, 0.3857, 7, 1, 1, 1, 1, 1, FAIL, 5.0, 167.0, 0.0, 41.0, 6.0, 646.0, 1.0, 108.0, 1.0, 81.0, 4.0, 25.0, 1.0, 36.0
3236282, intergenic, C->A, noncoding, 0.00965424036697, 0.367, 7, 1, 1, 1, 1, 1, FAIL, 13.0, 158.0, 1.0, 13.0, 52.0, 412.0, 8.0, 82.0, 12.0, 66.0, 0.0, 4.0, 2.0, 6.0
3253259, B4U62_RS17135, T->C, missense, 0.190528056142, 0.1987, 7, 1, 1, 1, 1, 1, FAIL, 0.0, 369.0, 0.0, 172.0, 339.0, 2016.0, 69.0, 221.0, 36.0, 147.0, 41.0, 151.0, 19.0, 215.0
3263183, B4U62_RS17195, C->A, nonsense, -5.78758169935, 0.3959, 7, 1, 1, 1, 1, 1, FAIL, 2.0, 172.0, 3.0, 26.0, 2.0, 459.0, 1.0, 81.0, 1.0, 68.0, 0.0, 10.0, 0.0, 21.0
3276143, B4U62_RS17240, C->G, noncoding, -4.79237251162, 0.3833, 7, 1, 1, 1, 1, 1, FAIL, 2.0, 232.0, 1.0, 41.0, 4.0, 765.0, 1.0, 127.0, 0.0, 72.0, 3.0, 26.0, 0.0, 54.0
3277118, B4U62_RS17250, A->G, missense, 0.255507397945, 0.2169, 7, 1, 1, 1, 1, 1, FAIL, 0.0, 236.0, 0.0, 150.0, 233.0, 1367.0, 72.0, 177.0, 33.0, 97.0, 12.0, 72.0, 4.0, 94.0
3284296, B4U62_RS17270, G->T, synonymous, 2.30153779936, 0.0962, 7, 1, 1, 1, 1, 1, PASS, 2.0, 283.0, 1.0, 395.0, 6.0, 1771.0, 0.0, 238.0, 6.0, 146.0, 258.0, 392.0, 322.0, 390.0
3286037, B4U62_RS17270, T->C, missense, 0.206338740008, 0.0868, 7, 1, 1, 1, 1, 1, PASS, 0.0, 268.0, 119.0, 493.0, 631.0, 1578.0, 90.0, 193.0, 56.0, 126.0, 280.0, 357.0, 306.0, 335.0
3310711, B4U62_RS17400, T->A, synonymous, 0.0526280692636, 0.3515, 7, 1, 1, 1, 1, 1, FAIL, 4.0, 222.0, 19.0, 48.0, 345.0, 707.0, 57.0, 136.0, 32.0, 61.0, 0.0, 33.0, 2.0, 61.0
3316476, B4U62_RS17425, G->T, missense, -0.601152503863, 0.3796, 7, 1, 1, 1, 1, 1, FAIL, 3.0, 206.0, 2.0, 52.0, 7.0, 671.0, 0.0, 130.0, 0.0, 73.0, 5.0, 31.0, 1.0, 58.0
3335690, intergenic, G->T, noncoding, 0.0580489896117, 0.2022, 7, 1, 1, 1, 1, 1, FAIL, 8.0, 206.0, 4.0, 74.0, 56.0, 844.0, 9.0, 144.0, 7.0, 86.0, 8.0, 45.0, 5.0, 65.0
3337481, B4U62_RS17535, T->A, missense, -0.0723514889976, 0.3594, 7, 1, 1, 1, 1, 1, FAIL, 5.0, 174.0, 1.0, 23.0, 35.0, 1007.0, 6.0, 150.0, 3.0, 78.0, 4.0, 19.0, 1.0, 13.0
3337518, B4U62_RS17535, C->A, missense, -0.185821939248, 0.3683, 7, 1, 1, 1, 1, 1, FAIL, 16.0, 158.0, 1.0, 27.0, 100.0, 908.0, 11.0, 129.0, 15.0, 68.0, 3.0, 23.0, 0.0, 21.0
3341895, B4U62_RS17555, G->A, synonymous, 0.0331528218975, 0.3938, 7, 1, 1, 1, 1, 1, FAIL, 0.0, 145.0, 84.0, 226.0, 375.0, 799.0, 26.0, 89.0, 28.0, 60.0, 30.0, 199.0, 21.0, 227.0
3392797, B4U62_RS17855, C->A, synonymous, -0.174892161639, 0.3703, 7, 1, 1, 1, 1, 1, FAIL, 7.0, 191.0, 4.0, 18.0, 41.0, 557.0, 4.0, 99.0, 1.0, 49.0, 2.0, 4.0, 0.0, 13.0
3392803, B4U62_RS17855, C->G, synonymous, -1.12496078439, 0.3801, 7, 1, 1, 1, 1, 1, FAIL, 3.0, 189.0, 3.0, 17.0, 7.0, 558.0, 1.0, 97.0, 2.0, 52.0, 0.0, 4.0, 0.0, 13.0
3392832, B4U62_RS17855, C->A, missense, 0.00586999204729, 0.3702, 7, 1, 1, 1, 1, 1, FAIL, 14.0, 172.0, 3.0, 17.0, 54.0, 567.0, 6.0, 92.0, 3.0, 50.0, 1.0, 4.0, 2.0, 13.0
3392835, B4U62_RS17855, C->A, missense, -0.0111187631622, 0.3693, 7, 1, 1, 1, 1, 1, FAIL, 14.0, 173.0, 2.0, 17.0, 70.0, 572.0, 5.0, 91.0, 3.0, 52.0, 1.0, 4.0, 0.0, 13.0
3392861, B4U62_RS17855, C->A, synonymous, 0.0150533795415, 0.3625, 7, 1, 1, 1, 1, 1, FAIL, 12.0, 178.0, 3.0, 16.0, 55.0, 649.0, 6.0, 97.0, 1.0, 48.0, 1.0, 4.0, 1.0, 14.0
3392867, B4U62_RS17855, C->A, synonymous, -0.0372450854459, 0.3729, 7, 1, 1, 1, 1, 1, FAIL, 11.0, 183.0, 3.0, 18.0, 50.0, 651.0, 7.0, 93.0, 2.0, 49.0, 1.0, 4.0, 2.0, 14.0
3392883, B4U62_RS17855, G->T, missense, -0.916727497218, 0.3844, 7, 1, 1, 1, 1, 1, FAIL, 2.0, 184.0, 3.0, 19.0, 12.0, 676.0, 5.0, 98.0, 0.0, 52.0, 0.0, 4.0, 0.0, 14.0
3392885, B4U62_RS17855, A->T, synonymous, -0.706332126756, 0.3911, 7, 1, 1, 1, 1, 1, FAIL, 6.0, 184.0, 3.0, 20.0, 4.0, 687.0, 2.0, 102.0, 2.0, 53.0, 0.0, 4.0, 0.0, 14.0
3392889, B4U62_RS17855, C->A, missense, -0.0962804552251, 0.3631, 7, 1, 1, 1, 1, 1, FAIL, 9.0, 187.0, 6.0, 19.0, 75.0, 705.0, 12.0, 102.0, 4.0, 55.0, 1.0, 3.0, 1.0, 14.0
3392895, B4U62_RS17855, C->A, missense, -0.0259568420437, 0.3659, 7, 1, 1, 1, 1, 1, FAIL, 12.0, 170.0, 1.0, 18.0, 80.0, 673.0, 8.0, 97.0, 3.0, 56.0, 1.0, 3.0, 1.0, 13.0
3398368, B4U62_RS17885, C->A, missense, -0.561314620907, 0.3768, 7, 1, 1, 1, 1, 1, FAIL, 4.0, 173.0, 4.0, 36.0, 8.0, 519.0, 2.0, 86.0, 0.0, 66.0, 1.0, 8.0, 3.0, 45.0
3418527, B4U62_RS17995, G->T, missense, -0.372137439691, 0.3969, 7, 1, 1, 1, 1, 1, FAIL, 9.0, 217.0, 2.0, 48.0, 29.0, 630.0, 4.0, 91.0, 1.0, 63.0, 7.0, 20.0, 1.0, 42.0
3418531, B4U62_RS17995, T->A, synonymous, -0.906769169587, 0.3673, 7, 1, 1, 1, 1, 1, FAIL, 2.0, 215.0, 2.0, 50.0, 13.0, 633.0, 2.0, 92.0, 0.0, 64.0, 3.0, 23.0, 1.0, 43.0
3420995, B4U62_RS18005, G->A, missense, 3.56995455308, 0.0384, 7, 1, 1, 1, 1, 1, PASS, 0.0, 230.0, 0.0, 148.0, 2.0, 1126.0, 1.0, 169.0, 7.0, 129.0, 12.0, 92.0, 16.0, 171.0
3433416, B4U62_RS18065, C->A, missense, -0.0175545148301, 0.3643, 7, 1, 1, 1, 1, 1, FAIL, 6.0, 165.0, 3.0, 61.0, 44.0, 669.0, 7.0, 131.0, 4.0, 92.0, 5.0, 28.0, 5.0, 64.0
3437663, B4U62_RS18080, C->A, nonsense, -0.0716675610046, 0.3553, 7, 1, 1, 1, 1, 1, FAIL, 12.0, 182.0, 4.0, 23.0, 77.0, 513.0, 8.0, 107.0, 7.0, 93.0, 2.0, 3.0, 0.0, 2.0
3437672, B4U62_RS18080, C->A, nonsense, -0.0188301047815, 0.3641, 7, 1, 1, 1, 1, 1, FAIL, 26.0, 179.0, 5.0, 25.0, 98.0, 520.0, 9.0, 108.0, 11.0, 91.0, 1.0, 3.0, 0.0, 2.0
3448801, B4U62_RS18130, G->T, nonsense, 0.0017392096763, 0.3747, 7, 1, 1, 1, 1, 1, FAIL, 19.0, 250.0, 28.0, 158.0, 185.0, 1347.0, 31.0, 231.0, 17.0, 136.0, 14.0, 63.0, 22.0, 91.0
3448826, B4U62_RS18130, G->T, missense, 0.0371224509709, 0.3586, 7, 1, 1, 1, 1, 1, FAIL, 9.0, 256.0, 12.0, 149.0, 56.0, 1320.0, 6.0, 222.0, 3.0, 128.0, 9.0, 60.0, 8.0, 86.0
3448832, B4U62_RS18130, G->T, missense, 0.00379993852648, 0.3671, 7, 1, 1, 1, 1, 1, FAIL, 23.0, 251.0, 23.0, 148.0, 177.0, 1306.0, 25.0, 217.0, 17.0, 128.0, 11.0, 59.0, 21.0, 86.0
3457466, B4U62_RS18185, G->T, missense, 0.039512643553, 0.2781, 7, 1, 1, 1, 1, 1, FAIL, 11.0, 158.0, 5.0, 46.0, 91.0, 636.0, 14.0, 101.0, 8.0, 72.0, 5.0, 16.0, 10.0, 43.0
3457483, B4U62_RS18185, C->A, synonymous, 0.0372273796734, 0.285, 7, 1, 1, 1, 1, 1, FAIL, 13.0, 165.0, 3.0, 43.0, 48.0, 616.0, 5.0, 97.0, 8.0, 65.0, 2.0, 11.0, 3.0, 40.0
3457508, B4U62_RS18185, G->T, missense, 0.0083443591576, 0.3843, 7, 1, 1, 1, 1, 1, FAIL, 6.0, 169.0, 3.0, 42.0, 61.0, 633.0, 10.0, 93.0, 7.0, 68.0, 2.0, 10.0, 5.0, 41.0
3475643, B4U62_RS18290, G->T, missense, -0.0582033000872, 0.3685, 7, 1, 1, 1, 1, 1, FAIL, 13.0, 191.0, 6.0, 35.0, 78.0, 770.0, 12.0, 107.0, 5.0, 73.0, 1.0, 20.0, 6.0, 24.0
3475664, B4U62_RS18290, C->A, missense, -0.0457192704607, 0.3643, 7, 1, 1, 1, 1, 1, FAIL, 7.0, 173.0, 9.0, 42.0, 84.0, 670.0, 9.0, 87.0, 14.0, 70.0, 5.0, 31.0, 8.0, 33.0
3478228, B4U62_RS18305, G->C, missense, 0.985660218288, 0.0564, 7, 1, 1, 1, 1, 1, PASS, 1.0, 280.0, 0.0, 303.0, 154.0, 1445.0, 102.0, 194.0, 88.0, 120.0, 289.0, 370.0, 284.0, 315.0
3479219, B4U62_RS18305, C->T, missense, 0.976992626915, 0.3264, 7, 1, 1, 1, 1, 1, FAIL, 215.0, 230.0, 291.0, 291.0, 1557.0, 1560.0, 201.0, 202.0, 115.0, 115.0, 242.0, 242.0, 258.0, 259.0
3479435, B4U62_RS18310, T->C, missense, 0.750984262454, 0.6619, 7, 1, 1, 1, 1, 1, FAIL, 9.0, 237.0, 206.0, 206.0, 1364.0, 1368.0, 196.0, 196.0, 109.0, 109.0, 163.0, 163.0, 205.0, 205.0
3483109, B4U62_RS18325, A->G, missense, 0.977287722616, 0.3203, 7, 1, 1, 1, 1, 1, FAIL, 161.0, 173.0, 126.0, 126.0, 756.0, 757.0, 117.0, 117.0, 73.0, 73.0, 49.0, 49.0, 89.0, 89.0
3492064, B4U62_RS18365, G->A, missense, -0.0915300369495, 0.3822, 7, 1, 1, 1, 1, 1, FAIL, 2.0, 195.0, 53.0, 140.0, 408.0, 817.0, 41.0, 89.0, 36.0, 78.0, 14.0, 62.0, 12.0, 98.0
3494968, B4U62_RS18375, G->A, missense, 3.66938566227, 0.0199, 7, 1, 1, 1, 1, 1, PASS, 0.0, 254.0, 0.0, 283.0, 1.0, 1331.0, 4.0, 140.0, 20.0, 123.0, 17.0, 182.0, 1.0, 282.0
3543544, B4U62_RS18615, C->A, nonsense, 0.199998798126, 0.2651, 7, 1, 1, 1, 1, 1, FAIL, 5.0, 198.0, 0.0, 24.0, 5.0, 584.0, 4.0, 84.0, 1.0, 73.0, 1.0, 11.0, 3.0, 25.0
3546133, intergenic, G->T, noncoding, 0.0265060701559, 0.244, 7, 1, 1, 1, 1, 1, FAIL, 28.0, 227.0, 2.0, 30.0, 125.0, 696.0, 21.0, 123.0, 12.0, 62.0, 5.0, 18.0, 8.0, 48.0
3546989, B4U62_RS18635, C->T, synonymous, 0.234641406457, 0.1458, 7, 1, 1, 1, 1, 1, FAIL, 0.0, 216.0, 0.0, 238.0, 640.0, 1490.0, 97.0, 189.0, 59.0, 111.0, 101.0, 126.0, 150.0, 165.0
3554573, B4U62_RS18665, C->A, synonymous, -0.00786723008321, 0.3638, 7, 1, 1, 1, 1, 1, FAIL, 23.0, 169.0, 2.0, 21.0, 63.0, 746.0, 7.0, 95.0, 4.0, 59.0, 0.0, 0.0, 1.0, 5.0
3557163, B4U62_RS18670, C->A, nonsense, -0.0956595785606, 0.364, 7, 1, 1, 1, 1, 1, FAIL, 10.0, 167.0, 3.0, 48.0, 27.0, 592.0, 3.0, 63.0, 2.0, 84.0, 4.0, 21.0, 3.0, 52.0
3621413, B4U62_RS18975, C->A, missense, -0.327661638705, 0.4, 7, 1, 1, 1, 1, 1, FAIL, 1.0, 241.0, 0.0, 26.0, 7.0, 777.0, 2.0, 117.0, 1.0, 75.0, 0.0, 11.0, 3.0, 27.0
3644685, B4U62_RS19115, C->G, missense, -0.342197593594, 0.3935, 7, 1, 1, 1, 1, 1, FAIL, 8.0, 310.0, 0.0, 30.0, 16.0, 887.0, 2.0, 119.0, 3.0, 92.0, 3.0, 11.0, 0.0, 18.0
3644703, B4U62_RS19115, G->T, missense, -0.00272150169281, 0.3768, 7, 1, 1, 1, 1, 1, FAIL, 21.0, 286.0, 5.0, 29.0, 88.0, 882.0, 10.0, 122.0, 7.0, 91.0, 4.0, 11.0, 3.0, 19.0
3652585, B4U62_RS19150, C->A, noncoding, 3.12738796043, 0.1002, 7, 1, 1, 1, 1, 1, FAIL, 1.0, 320.0, 1.0, 63.0, 3.0, 1303.0, 2.0, 209.0, 3.0, 114.0, 3.0, 16.0, 0.0, 45.0
3683479, B4U62_RS19280, A->T, missense, 0.234399630554, 0.1459, 7, 1, 1, 1, 1, 1, FAIL, 1.0, 200.0, 0.0, 7.0, 200.0, 440.0, 43.0, 74.0, 43.0, 68.0, 1.0, 1.0, 1.0, 3.0
3686493, B4U62_RS19285, C->A, missense, -0.123498814342, 0.3653, 7, 1, 1, 1, 1, 1, FAIL, 18.0, 206.0, 3.0, 69.0, 65.0, 834.0, 9.0, 122.0, 1.0, 77.0, 1.0, 20.0, 7.0, 36.0
3705309, B4U62_RS19375, C->A, synonymous, -5.05048632541, 0.4021, 7, 1, 1, 1, 1, 1, FAIL, 3.0, 234.0, 0.0, 65.0, 6.0, 871.0, 1.0, 120.0, 1.0, 85.0, 3.0, 17.0, 0.0, 37.0
3711333, B4U62_RS19405, C->T, missense, 3.05703400759, 0.1504, 7, 1, 1, 1, 1, 1, FAIL, 0.0, 197.0, 0.0, 47.0, 1.0, 891.0, 7.0, 136.0, 21.0, 98.0, 0.0, 40.0, 4.0, 53.0
3715001, B4U62_RS19425, A->T, missense, -5.68632484244, 0.392, 7, 1, 1, 1, 1, 1, FAIL, 2.0, 164.0, 3.0, 17.0, 2.0, 280.0, 1.0, 56.0, 0.0, 44.0, 0.0, 3.0, 0.0, 15.0
3717437, B4U62_RS19435, C->A, missense, -0.824799603579, 0.3871, 7, 1, 1, 1, 1, 1, FAIL, 4.0, 103.0, 0.0, 1.0, 4.0, 145.0, 2.0, 33.0, 3.0, 21.0, 0.0, 4.0, 0.0, 2.0
3717458, B4U62_RS19435, T->A, missense, -0.0100354239416, 0.2911, 7, 1, 1, 1, 1, 1, FAIL, 3.0, 98.0, 0.0, 1.0, 16.0, 142.0, 2.0, 32.0, 4.0, 21.0, 0.0, 4.0, 0.0, 1.0
3717628, B4U62_RS19435, G->T, missense, -0.0609699730384, 0.3541, 7, 1, 1, 1, 1, 1, FAIL, 7.0, 150.0, 1.0, 3.0, 11.0, 198.0, 1.0, 24.0, 5.0, 21.0, 0.0, 2.0, 0.0, 6.0
3726301, B4U62_RS19495, C->T, synonymous, 0.961288739583, 0.3254, 7, 1, 1, 1, 1, 1, FAIL, 259.0, 265.0, 139.0, 139.0, 1022.0, 1031.0, 130.0, 133.0, 67.0, 68.0, 102.0, 102.0, 119.0, 119.0
3742859, B4U62_RS19590, G->A, missense, 0.34077795544, 0.2579, 7, 1, 1, 1, 1, 1, FAIL, 0.0, 150.0, 0.0, 33.0, 64.0, 472.0, 23.0, 72.0, 16.0, 54.0, 0.0, 10.0, 6.0, 40.0
3766811, B4U62_RS19735, C->A, nonsense, 0.1603373134, 0.1769, 7, 1, 1, 1, 1, 1, FAIL, 15.0, 228.0, 4.0, 70.0, 49.0, 831.0, 7.0, 120.0, 3.0, 81.0, 8.0, 38.0, 10.0, 70.0
3794781, B4U62_RS19920, C->A, nonsense, -0.526633510439, 0.3639, 7, 1, 1, 1, 1, 1, FAIL, 6.0, 138.0, 0.0, 19.0, 10.0, 285.0, 3.0, 55.0, 2.0, 33.0, 0.0, 12.0, 5.0, 33.0
3794823, B4U62_RS19920, C->A, missense, -3.91180219622, 0.3711, 7, 1, 1, 1, 1, 1, FAIL, 3.0, 159.0, 0.0, 34.0, 2.0, 357.0, 1.0, 78.0, 1.0, 47.0, 1.0, 17.0, 5.0, 42.0
3836716, B4U62_RS20125, C->T, synonymous, 0.13485721886, 0.231, 7, 1, 1, 1, 1, 1, FAIL, 0.0, 400.0, 73.0, 444.0, 675.0, 2420.0, 107.0, 234.0, 68.0, 131.0, 48.0, 292.0, 25.0, 312.0
3853755, intergenic, C->A, noncoding, -0.63185560817, 0.382, 7, 1, 1, 1, 1, 1, FAIL, 8.0, 251.0, 1.0, 61.0, 22.0, 865.0, 1.0, 131.0, 0.0, 91.0, 5.0, 35.0, 1.0, 69.0
3854262, B4U62_RS20225, C->T, noncoding, 0.570489285872, 0.1817, 7, 1, 1, 1, 1, 1, FAIL, 1.0, 235.0, 0.0, 21.0, 85.0, 827.0, 31.0, 115.0, 32.0, 78.0, 0.0, 0.0, 1.0, 6.0
3891897, B4U62_RS20400, C->A, missense, -0.224862218235, 0.3623, 7, 1, 1, 1, 1, 1, FAIL, 7.0, 196.0, 3.0, 81.0, 13.0, 848.0, 0.0, 116.0, 2.0, 74.0, 3.0, 23.0, 1.0, 32.0
3902565, B4U62_RS20475, C->T, synonymous, 0.0548683934835, 0.338, 7, 1, 1, 1, 1, 1, FAIL, 0.0, 141.0, 39.0, 128.0, 306.0, 603.0, 28.0, 70.0, 22.0, 59.0, 19.0, 100.0, 14.0, 126.0
3907942, B4U62_RS20500, C->A, synonymous, -0.189465570438, 0.376, 7, 1, 1, 1, 1, 1, FAIL, 8.0, 214.0, 3.0, 20.0, 16.0, 516.0, 4.0, 82.0, 1.0, 54.0, 0.0, 4.0, 1.0, 13.0
3918080, B4U62_RS20540, A->C, synonymous, -0.687578974395, 0.3721, 7, 1, 1, 1, 1, 1, FAIL, 8.0, 201.0, 3.0, 29.0, 70.0, 719.0, 23.0, 109.0, 8.0, 87.0, 1.0, 6.0, 0.0, 6.0
3918088, B4U62_RS20540, G->T, missense, -0.188847592636, 0.3713, 7, 1, 1, 1, 1, 1, FAIL, 3.0, 207.0, 5.0, 29.0, 40.0, 744.0, 12.0, 113.0, 7.0, 89.0, 1.0, 5.0, 0.0, 4.0
3918089, B4U62_RS20540, G->T, nonsense, 0.00489310068575, 0.3676, 7, 1, 1, 1, 1, 1, FAIL, 11.0, 208.0, 5.0, 28.0, 153.0, 749.0, 37.0, 113.0, 19.0, 89.0, 1.0, 6.0, 0.0, 4.0
3918097, B4U62_RS20540, C->A, missense, -0.00211729440414, 0.3675, 7, 1, 1, 1, 1, 1, FAIL, 34.0, 216.0, 6.0, 27.0, 241.0, 771.0, 40.0, 116.0, 22.0, 93.0, 3.0, 5.0, 0.0, 4.0
3918103, B4U62_RS20540, T->A, missense, 0.0380944538364, 0.3081, 7, 1, 1, 1, 1, 1, FAIL, 13.0, 204.0, 4.0, 26.0, 75.0, 750.0, 18.0, 110.0, 10.0, 89.0, 2.0, 5.0, 0.0, 3.0
3918107, B4U62_RS20540, G->T, synonymous, 0.0251630786235, 0.2985, 7, 1, 1, 1, 1, 1, FAIL, 21.0, 200.0, 3.0, 25.0, 73.0, 740.0, 14.0, 109.0, 11.0, 88.0, 2.0, 5.0, 0.0, 4.0
3918108, B4U62_RS20540, G->T, missense, 0.0618616371963, 0.2628, 7, 1, 1, 1, 1, 1, FAIL, 23.0, 201.0, 3.0, 25.0, 190.0, 742.0, 39.0, 109.0, 27.0, 87.0, 1.0, 5.0, 0.0, 4.0
3918115, B4U62_RS20540, G->C, missense, 0.0722906739975, 0.2737, 7, 1, 1, 1, 1, 1, FAIL, 20.0, 196.0, 4.0, 27.0, 152.0, 681.0, 31.0, 95.0, 22.0, 69.0, 2.0, 4.0, 0.0, 5.0
3918118, B4U62_RS20540, C->A, missense, 0.0322488059289, 0.3225, 7, 1, 1, 1, 1, 1, FAIL, 17.0, 190.0, 5.0, 27.0, 106.0, 701.0, 18.0, 103.0, 16.0, 74.0, 2.0, 4.0, 0.0, 5.0
3918121, B4U62_RS20540, A->C, missense, 0.031403027314, 0.3008, 7, 1, 1, 1, 1, 1, FAIL, 28.0, 188.0, 4.0, 26.0, 159.0, 703.0, 35.0, 103.0, 22.0, 74.0, 1.0, 5.0, 0.0, 5.0
3918122, B4U62_RS20540, G->C, synonymous, 0.0343877826871, 0.312, 7, 1, 1, 1, 1, 1, FAIL, 33.0, 188.0, 4.0, 28.0, 208.0, 697.0, 45.0, 102.0, 23.0, 72.0, 2.0, 5.0, 0.0, 5.0
3924079, B4U62_RS20575, C->A, missense, -0.81091061398, 0.3789, 7, 1, 1, 1, 1, 1, FAIL, 3.0, 309.0, 2.0, 62.0, 14.0, 1361.0, 2.0, 224.0, 0.0, 134.0, 3.0, 22.0, 0.0, 64.0
3963361, B4U62_RS20770, T->G, missense, 0.00178758168152, 0.3976, 7, 1, 1, 1, 1, 1, FAIL, 34.0, 243.0, 22.0, 108.0, 250.0, 1093.0, 35.0, 164.0, 25.0, 105.0, 31.0, 96.0, 18.0, 97.0
3972809, B4U62_RS20830, T->C, missense, 0.0932305992137, 0.1788, 7, 1, 1, 1, 1, 1, FAIL, 1.0, 256.0, 226.0, 482.0, 621.0, 1323.0, 104.0, 187.0, 65.0, 120.0, 288.0, 350.0, 343.0, 383.0
3983232, B4U62_RS20870, C->A, missense, -0.0230871277171, 0.378, 7, 1, 1, 1, 1, 1, FAIL, 15.0, 194.0, 32.0, 141.0, 209.0, 1114.0, 22.0, 141.0, 10.0, 113.0, 22.0, 79.0, 26.0, 120.0
3997366, B4U62_RS20940, C->A, synonymous, -1.02917802395, 0.3713, 7, 1, 1, 1, 1, 1, FAIL, 6.0, 176.0, 2.0, 21.0, 9.0, 426.0, 1.0, 63.0, 1.0, 52.0, 1.0, 7.0, 3.0, 17.0
3997542, B4U62_RS20940, T->C, missense, 0.375832457361, 0.206, 7, 1, 1, 1, 1, 1, FAIL, 0.0, 150.0, 0.0, 37.0, 64.0, 475.0, 24.0, 60.0, 11.0, 43.0, 4.0, 26.0, 2.0, 51.0
4023608, B4U62_RS21090, C->A, missense, -0.167264146927, 0.3572, 7, 1, 1, 1, 1, 1, FAIL, 10.0, 235.0, 0.0, 21.0, 39.0, 777.0, 5.0, 134.0, 1.0, 77.0, 3.0, 14.0, 1.0, 14.0
4037488, B4U62_RS21125, T->A, nonsense, -0.0471262915662, 0.3592, 7, 1, 1, 1, 1, 1, FAIL, 16.0, 317.0, 8.0, 58.0, 60.0, 941.0, 10.0, 111.0, 6.0, 69.0, 2.0, 11.0, 4.0, 47.0
4037494, B4U62_RS21125, G->T, missense, -0.0979367279441, 0.3751, 7, 1, 1, 1, 1, 1, FAIL, 19.0, 313.0, 10.0, 58.0, 131.0, 992.0, 8.0, 109.0, 17.0, 72.0, 2.0, 11.0, 4.0, 49.0
4037499, B4U62_RS21125, T->A, missense, 0.00200505876777, 0.3651, 7, 1, 1, 1, 1, 1, FAIL, 23.0, 312.0, 8.0, 59.0, 83.0, 1007.0, 8.0, 116.0, 8.0, 71.0, 3.0, 11.0, 5.0, 50.0
4074912, B4U62_RS21320, C->A, noncoding, -1.19131530375, 0.4028, 7, 1, 1, 1, 1, 1, FAIL, 2.0, 186.0, 1.0, 79.0, 10.0, 941.0, 1.0, 139.0, 1.0, 84.0, 4.0, 34.0, 0.0, 75.0
4134902, B4U62_RS21610, G->T, missense, 0.794071469679, 0.1343, 7, 1, 1, 1, 1, 1, FAIL, 1.0, 225.0, 1.0, 40.0, 11.0, 798.0, 3.0, 134.0, 6.0, 105.0, 0.0, 8.0, 3.0, 19.0
4183158, B4U62_RS21910, T->C, synonymous, 3.4153671135, 0.0206, 7, 1, 1, 1, 1, 1, PASS, 0.0, 292.0, 0.0, 133.0, 2.0, 1182.0, 8.0, 155.0, 14.0, 94.0, 10.0, 73.0, 21.0, 106.0
4209814, B4U62_RS22070, C->A, missense, 2.13962648055, 0.0986, 7, 1, 1, 1, 1, 1, PASS, 0.0, 203.0, 0.0, 32.0, 2.0, 589.0, 2.0, 95.0, 1.0, 66.0, 0.0, 3.0, 3.0, 18.0
4214415, B4U62_RS22085, G->T, missense, -0.162510056557, 0.379, 7, 1, 1, 1, 1, 1, FAIL, 6.0, 261.0, 3.0, 17.0, 32.0, 811.0, 2.0, 88.0, 4.0, 76.0, 0.0, 7.0, 0.0, 8.0
