100, 200, 300, 400, 500, 600, 700
45.0, 22.0, 13.0, 4.0, 0.0, 0.0, 0.0
0.0, 0.0, 1.0, 2.0, 2.0, 3.0, 4.0
0.0, 0.0, 0.0, 2.0, 22.0, 24.0, 25.0
0.0, 23.0, 31.0, 37.0, 21.0, 18.0, 16.0
0, 0, 0, 3, 3, 3, 3
0, 0, 0, 3, 2, 2, 2
0, 3, 3, 3, 3, 3, 3
0, 3, 3, 3, 2, 2, 2
0, 0, 0, 3, 3, 2, 2
0, 0, 0, 3, 3, 3, 2
0, 3, 3, 2, 2, 2, 2
0, 3, 3, 3, 3, 3, 3
0, 0, 3, 3, 2, 2, 2
0, 3, 3, 3, 2, 2, 2
0, 0, 3, 3, 2, 2, 2
0, 0, 0, 3, 3, 2, 2
0, 0, 3, 3, 2, 2, 2
0, 0, 3, 2, 2, 2, 2
0, 0, 0, 0, 3, 3, 3
0, 3, 3, 3, 3, 3, 3
0, 3, 3, 3, 3, 3, 3
0, 0, 0, 0, 3, 1, 1
0, 3, 3, 3, 2, 2, 2
0, 3, 3, 3, 2, 2, 2
0, 0, 0, 3, 2, 2, 2
0, 3, 3, 3, 3, 3, 3
0, 3, 3, 3, 3, 3, 3
0, 3, 3, 3, 3, 3, 3
0, 3, 3, 3, 2, 2, 2
0, 3, 3, 3, 3, 3, 3
0, 3, 3, 3, 3, 3, 3
0, 3, 3, 3, 3, 3, 3
0, 3, 3, 3, 3, 3, 3
0, 3, 1, 1, 1, 1, 1
0, 0, 0, 0, 3, 3, 1
0, 3, 3, 3, 2, 2, 2
0, 3, 3, 3, 2, 2, 2
0, 0, 3, 3, 2, 2, 2
0, 0, 0, 3, 2, 2, 2
0, 0, 0, 3, 2, 2, 2
0, 0, 0, 0, 3, 3, 3
0, 3, 3, 3, 2, 2, 2
0, 0, 3, 3, 2, 2, 2
0, 0, 0, 3, 2, 2, 2
0, 0, 3, 3, 2, 2, 2
0, 0, 3, 3, 2, 2, 2
0, 0, 3, 1, 1, 1, 1
0, 3, 3, 3, 3, 3, 3
0, 3, 3, 3, 3, 3, 3
