Position, Gene, Allele, Annotation, Test statistic, P-value, Deletion index, Fold reduction, Deletion P-value, Duplication index, Fold increase, Duplication pvalue, Passed?, AC:100, DP:100, AC:200, DP:200, AC:300, DP:300, AC:400, DP:400, AC:500, DP:500, AC:600, DP:600, AC:700, DP:700
6292, B4U62_RS00030, G->T, synonymous, 0.0988226538961, 0.0534, 7, 1, 1, 1, 1, 1, PASS, 36.0, 295.0, 8.0, 52.0, 12.0, 46.0, 20.0, 56.0, 13.0, 54.0, 31.0, 111.0, 25.0, 82.0
10716, B4U62_RS00040, G->T, unknown, -7.03561686416, 0.4235, 7, 1, 1, 1, 1, 1, FAIL, 2.0, 395.0, 0.0, 17.0, 3.0, 25.0, 1.0, 98.0, 2.0, 92.0, 2.0, 164.0, 0.0, 126.0
22233, B4U62_RS22210, G->T, missense, -0.146803649468, 0.4027, 7, 1, 1, 1, 1, 1, FAIL, 2.0, 332.0, 0.0, 12.0, 3.0, 22.0, 1.0, 66.0, 2.0, 68.0, 0.0, 129.0, 1.0, 100.0
44502, B4U62_RS00240, G->T, missense, -0.913249421424, 0.3736, 7, 1, 1, 1, 1, 1, FAIL, 10.0, 226.0, 0.0, 2.0, 2.0, 8.0, 0.0, 46.0, 1.0, 44.0, 9.0, 77.0, 1.0, 77.0
129085, B4U62_RS00690, A->G, synonymous, 1.79040625424, 0.0065, 7, 1, 1, 1, 1, 1, PASS, 0.0, 457.0, 0.0, 240.0, 0.0, 148.0, 37.0, 200.0, 68.0, 75.0, 148.0, 182.0, 111.0, 129.0
130448, B4U62_RS00705, T->C, missense, 1.0679204256, 0.0086, 7, 1, 1, 1, 1, 1, PASS, 0.0, 407.0, 0.0, 248.0, 0.0, 180.0, 119.0, 171.0, 79.0, 87.0, 219.0, 229.0, 151.0, 156.0
177034, B4U62_RS01025, T->G, noncoding, -0.118601582302, 0.336, 7, 1, 1, 1, 1, 1, FAIL, 18.0, 163.0, 0.0, 0.0, 5.0, 16.0, 29.0, 67.0, 13.0, 32.0, 14.0, 63.0, 21.0, 51.0
177038, B4U62_RS01025, C->A, noncoding, 0.278377869548, 0.3134, 7, 1, 1, 1, 1, 1, FAIL, 3.0, 162.0, 0.0, 0.0, 0.0, 15.0, 22.0, 66.0, 8.0, 33.0, 12.0, 63.0, 11.0, 51.0
177038, B4U62_RS01025, C->G, noncoding, 0.0634317480751, 0.3582, 7, 1, 1, 1, 1, 1, FAIL, 12.0, 162.0, 0.0, 0.0, 4.0, 15.0, 14.0, 66.0, 8.0, 33.0, 10.0, 63.0, 8.0, 51.0
177043, B4U62_RS01025, C->A, noncoding, -0.247066129574, 0.3537, 7, 1, 1, 1, 1, 1, FAIL, 5.0, 161.0, 0.0, 0.0, 2.0, 15.0, 24.0, 65.0, 8.0, 33.0, 13.0, 61.0, 14.0, 52.0
177043, B4U62_RS01025, C->G, noncoding, 0.0655793399902, 0.3628, 7, 1, 1, 1, 1, 1, FAIL, 5.0, 161.0, 0.0, 0.0, 2.0, 15.0, 10.0, 65.0, 7.0, 33.0, 5.0, 61.0, 6.0, 52.0
177049, B4U62_RS01025, C->A, noncoding, 0.26375976359, 0.2399, 7, 1, 1, 1, 1, 1, FAIL, 5.0, 156.0, 0.0, 0.0, 1.0, 14.0, 24.0, 63.0, 8.0, 28.0, 17.0, 58.0, 11.0, 47.0
177051, B4U62_RS01025, C->A, noncoding, -0.202304086035, 0.348, 7, 1, 1, 1, 1, 1, FAIL, 6.0, 155.0, 0.0, 0.0, 2.0, 14.0, 24.0, 62.0, 8.0, 27.0, 13.0, 59.0, 10.0, 45.0
177051, B4U62_RS01025, C->G, noncoding, -0.17884436938, 0.3712, 7, 1, 1, 1, 1, 1, FAIL, 3.0, 155.0, 0.0, 0.0, 1.0, 14.0, 11.0, 62.0, 5.0, 27.0, 5.0, 59.0, 4.0, 45.0
177055, B4U62_RS01025, T->G, noncoding, -0.106343914792, 0.35, 7, 1, 1, 1, 1, 1, FAIL, 9.0, 155.0, 0.0, 0.0, 3.0, 14.0, 21.0, 64.0, 8.0, 26.0, 9.0, 59.0, 10.0, 45.0
177060, B4U62_RS01025, T->A, noncoding, -0.412289567974, 0.3671, 7, 1, 1, 1, 1, 1, FAIL, 7.0, 152.0, 0.0, 0.0, 2.0, 14.0, 19.0, 64.0, 4.0, 24.0, 4.0, 53.0, 5.0, 45.0
177068, B4U62_RS01025, G->A, noncoding, -0.305727213772, 0.3588, 7, 1, 1, 1, 1, 1, FAIL, 7.0, 147.0, 0.0, 0.0, 3.0, 13.0, 23.0, 64.0, 5.0, 23.0, 11.0, 51.0, 6.0, 47.0
177069, B4U62_RS01025, C->A, noncoding, 0.0108503431468, 0.3741, 7, 1, 1, 1, 1, 1, FAIL, 7.0, 153.0, 0.0, 0.0, 1.0, 13.0, 12.0, 65.0, 5.0, 23.0, 9.0, 53.0, 4.0, 49.0
177070, B4U62_RS01025, T->A, noncoding, 0.0236292916311, 0.368, 7, 1, 1, 1, 1, 1, FAIL, 6.0, 151.0, 0.0, 0.0, 3.0, 13.0, 9.0, 67.0, 3.0, 22.0, 10.0, 53.0, 8.0, 48.0
177071, B4U62_RS01025, C->A, noncoding, -0.0298983086628, 0.3642, 7, 1, 1, 1, 1, 1, FAIL, 5.0, 152.0, 0.0, 0.0, 1.0, 13.0, 17.0, 69.0, 5.0, 22.0, 14.0, 53.0, 10.0, 49.0
177076, B4U62_RS01025, T->A, noncoding, -0.184163819848, 0.3485, 7, 1, 1, 1, 1, 1, FAIL, 8.0, 163.0, 0.0, 1.0, 3.0, 15.0, 25.0, 72.0, 6.0, 25.0, 15.0, 57.0, 13.0, 51.0
177078, B4U62_RS01025, C->A, noncoding, -0.121962345178, 0.3349, 7, 1, 1, 1, 1, 1, FAIL, 13.0, 169.0, 0.0, 1.0, 3.0, 17.0, 32.0, 75.0, 9.0, 25.0, 17.0, 57.0, 16.0, 52.0
177081, B4U62_RS01025, T->A, noncoding, -0.0322520015387, 0.3622, 7, 1, 1, 1, 1, 1, FAIL, 7.0, 173.0, 0.0, 1.0, 3.0, 16.0, 20.0, 74.0, 7.0, 25.0, 14.0, 59.0, 12.0, 52.0
177083, B4U62_RS01025, G->T, noncoding, -0.306998657054, 0.3678, 7, 1, 1, 1, 1, 1, FAIL, 3.0, 167.0, 0.0, 1.0, 2.0, 15.0, 21.0, 74.0, 6.0, 26.0, 6.0, 58.0, 9.0, 53.0
177088, B4U62_RS01025, G->T, noncoding, -0.0734604505689, 0.353, 7, 1, 1, 1, 1, 1, FAIL, 6.0, 151.0, 0.0, 1.0, 2.0, 13.0, 22.0, 72.0, 7.0, 23.0, 14.0, 56.0, 11.0, 51.0
177092, B4U62_RS01025, C->G, noncoding, -0.0859739055243, 0.348, 7, 1, 1, 1, 1, 1, FAIL, 8.0, 149.0, 0.0, 1.0, 3.0, 15.0, 21.0, 70.0, 7.0, 23.0, 14.0, 52.0, 10.0, 52.0
177099, B4U62_RS01025, A->T, noncoding, -0.212093562781, 0.3671, 7, 1, 1, 1, 1, 1, FAIL, 5.0, 171.0, 0.0, 1.0, 2.0, 19.0, 18.0, 87.0, 5.0, 30.0, 7.0, 65.0, 9.0, 58.0
177106, B4U62_RS01025, A->T, noncoding, -0.254456433536, 0.3693, 7, 1, 1, 1, 1, 1, FAIL, 8.0, 180.0, 0.0, 1.0, 4.0, 21.0, 25.0, 90.0, 6.0, 32.0, 11.0, 65.0, 15.0, 58.0
177107, B4U62_RS01025, C->A, noncoding, -0.0731514795416, 0.3485, 7, 1, 1, 1, 1, 1, FAIL, 7.0, 188.0, 0.0, 1.0, 3.0, 21.0, 32.0, 96.0, 11.0, 33.0, 18.0, 68.0, 16.0, 58.0
177114, B4U62_RS01025, G->A, noncoding, 0.128899239246, 0.3404, 7, 1, 1, 1, 1, 1, FAIL, 3.0, 193.0, 0.0, 1.0, 3.0, 24.0, 12.0, 97.0, 8.0, 38.0, 9.0, 65.0, 7.0, 63.0
177129, B4U62_RS01025, G->T, missense, 0.175415376157, 0.2796, 7, 1, 1, 1, 1, 1, FAIL, 9.0, 195.0, 0.0, 2.0, 2.0, 24.0, 21.0, 89.0, 8.0, 41.0, 17.0, 68.0, 11.0, 59.0
177257, B4U62_RS01025, C->A, synonymous, 0.185419903635, 0.3645, 7, 1, 1, 1, 1, 1, FAIL, 6.0, 193.0, 7.0, 35.0, 4.0, 28.0, 7.0, 88.0, 1.0, 37.0, 1.0, 67.0, 4.0, 64.0
218392, B4U62_RS01230, G->T, missense, -0.131258608836, 0.3999, 7, 1, 1, 1, 1, 1, FAIL, 11.0, 325.0, 10.0, 82.0, 9.0, 44.0, 8.0, 105.0, 2.0, 50.0, 14.0, 122.0, 7.0, 101.0
218400, B4U62_RS01230, G->T, missense, -0.382036956276, 0.3892, 7, 1, 1, 1, 1, 1, FAIL, 4.0, 315.0, 2.0, 72.0, 6.0, 41.0, 2.0, 102.0, 1.0, 47.0, 5.0, 112.0, 0.0, 92.0
218403, B4U62_RS01230, G->T, nonsense, -0.0932949765763, 0.368, 7, 1, 1, 1, 1, 1, FAIL, 13.0, 309.0, 12.0, 70.0, 10.0, 41.0, 6.0, 100.0, 4.0, 47.0, 15.0, 108.0, 7.0, 92.0
218407, B4U62_RS01230, G->T, missense, -0.173724453421, 0.3867, 7, 1, 1, 1, 1, 1, FAIL, 11.0, 310.0, 5.0, 69.0, 7.0, 41.0, 3.0, 98.0, 2.0, 47.0, 9.0, 108.0, 5.0, 91.0
218413, B4U62_RS01230, G->T, missense, -0.153945870352, 0.3981, 7, 1, 1, 1, 1, 1, FAIL, 21.0, 306.0, 20.0, 67.0, 6.0, 40.0, 14.0, 96.0, 3.0, 46.0, 14.0, 108.0, 8.0, 88.0
218425, B4U62_RS01230, G->T, missense, 0.0992042377954, 0.0739, 7, 1, 1, 1, 1, 1, PASS, 18.0, 299.0, 19.0, 62.0, 13.0, 37.0, 17.0, 93.0, 5.0, 44.0, 16.0, 109.0, 11.0, 83.0
218427, B4U62_RS01230, A->T, synonymous, -0.394030328322, 0.3803, 7, 1, 1, 1, 1, 1, FAIL, 2.0, 309.0, 3.0, 62.0, 5.0, 36.0, 6.0, 91.0, 2.0, 44.0, 2.0, 110.0, 4.0, 91.0
218431, B4U62_RS01230, C->A, synonymous, -0.114351555895, 0.3973, 7, 1, 1, 1, 1, 1, FAIL, 6.0, 315.0, 3.0, 60.0, 5.0, 35.0, 6.0, 92.0, 1.0, 42.0, 7.0, 111.0, 2.0, 89.0
218434, B4U62_RS01230, G->T, missense, 0.0041554689945, 0.3908, 7, 1, 1, 1, 1, 1, FAIL, 6.0, 307.0, 12.0, 60.0, 5.0, 31.0, 10.0, 91.0, 2.0, 42.0, 6.0, 107.0, 5.0, 87.0
218438, B4U62_RS01230, G->T, synonymous, 0.505295818675, 0.1029, 7, 1, 1, 1, 1, 1, FAIL, 5.0, 314.0, 1.0, 60.0, 6.0, 33.0, 4.0, 99.0, 4.0, 51.0, 4.0, 118.0, 5.0, 99.0
218440, B4U62_RS01230, C->A, synonymous, -0.038558755479, 0.3868, 7, 1, 1, 1, 1, 1, FAIL, 23.0, 317.0, 10.0, 59.0, 9.0, 33.0, 11.0, 101.0, 4.0, 52.0, 16.0, 116.0, 11.0, 100.0
218462, B4U62_RS01230, T->A, synonymous, 0.0922046879662, 0.2306, 7, 1, 1, 1, 1, 1, FAIL, 36.0, 301.0, 9.0, 46.0, 8.0, 28.0, 18.0, 94.0, 10.0, 47.0, 12.0, 112.0, 8.0, 94.0
218475, B4U62_RS01230, A->C, missense, -0.188005304042, 0.3991, 7, 1, 1, 1, 1, 1, FAIL, 29.0, 274.0, 9.0, 37.0, 4.0, 28.0, 7.0, 88.0, 8.0, 47.0, 13.0, 101.0, 10.0, 82.0
218613, B4U62_RS01230, C->A, synonymous, -0.0646179527583, 0.3407, 7, 1, 1, 1, 1, 1, FAIL, 32.0, 300.0, 6.0, 15.0, 7.0, 37.0, 30.0, 132.0, 8.0, 65.0, 17.0, 119.0, 23.0, 115.0
218635, B4U62_RS01230, C->A, missense, -0.131047051077, 0.4124, 7, 1, 1, 1, 1, 1, FAIL, 30.0, 327.0, 3.0, 24.0, 10.0, 46.0, 17.0, 149.0, 6.0, 73.0, 13.0, 127.0, 15.0, 122.0
218643, B4U62_RS01230, C->A, missense, -0.0206483464143, 0.2869, 7, 1, 1, 1, 1, 1, FAIL, 32.0, 332.0, 10.0, 31.0, 7.0, 47.0, 28.0, 158.0, 15.0, 78.0, 14.0, 113.0, 16.0, 119.0
218647, B4U62_RS01230, C->A, missense, -0.177797118103, 0.3989, 7, 1, 1, 1, 1, 1, FAIL, 21.0, 334.0, 2.0, 29.0, 10.0, 46.0, 11.0, 147.0, 9.0, 73.0, 6.0, 106.0, 12.0, 115.0
232056, B4U62_RS01310, C->T, synonymous, 0.639485724841, 0.0233, 7, 1, 1, 1, 1, 1, PASS, 0.0, 218.0, 7.0, 80.0, 32.0, 49.0, 76.0, 90.0, 44.0, 44.0, 87.0, 87.0, 71.0, 71.0
238300, B4U62_RS01345, C->A, nonsense, -0.520447900661, 0.4038, 7, 1, 1, 1, 1, 1, FAIL, 8.0, 237.0, 3.0, 18.0, 0.0, 34.0, 2.0, 100.0, 2.0, 52.0, 3.0, 91.0, 4.0, 65.0
246600, intergenic, G->T, noncoding, -2.71312380407, 0.3949, 7, 1, 1, 1, 1, 1, FAIL, 3.0, 242.0, 0.0, 0.0, 2.0, 38.0, 3.0, 93.0, 5.0, 32.0, 2.0, 100.0, 1.0, 93.0
308615, B4U62_RS01700, T->C, missense, 1.10263631479, 0.0104, 7, 1, 1, 1, 1, 1, PASS, 0.0, 397.0, 0.0, 253.0, 0.0, 174.0, 129.0, 180.0, 78.0, 89.0, 174.0, 180.0, 146.0, 148.0
310262, B4U62_RS01710, C->A, missense, 0.996056381152, 0.0079, 7, 1, 1, 1, 1, 1, PASS, 4.0, 414.0, 1.0, 249.0, 5.0, 190.0, 174.0, 210.0, 67.0, 69.0, 159.0, 177.0, 127.0, 128.0
314378, B4U62_RS01735, G->A, nonsense, 0.624844412141, 0.0399, 7, 1, 1, 1, 1, 1, PASS, 0.0, 241.0, 9.0, 110.0, 51.0, 93.0, 96.0, 102.0, 70.0, 71.0, 86.0, 86.0, 65.0, 68.0
327342, B4U62_RS01795, C->A, missense, -0.812544983363, 0.399, 7, 1, 1, 1, 1, 1, FAIL, 3.0, 178.0, 0.0, 43.0, 2.0, 34.0, 13.0, 82.0, 0.0, 48.0, 2.0, 76.0, 1.0, 64.0
444654, B4U62_RS02260, C->T, missense, -2.10826276782, 0.408, 7, 1, 1, 1, 1, 1, FAIL, 0.0, 245.0, 3.0, 128.0, 18.0, 79.0, 2.0, 123.0, 0.0, 66.0, 0.0, 114.0, 0.0, 107.0
490579, B4U62_RS02480, G->T, nonsense, 0.0461333571851, 0.163, 7, 1, 1, 1, 1, 1, FAIL, 37.0, 214.0, 3.0, 13.0, 8.0, 40.0, 26.0, 112.0, 12.0, 49.0, 34.0, 118.0, 29.0, 82.0
490588, B4U62_RS02480, A->T, synonymous, -0.0726647926032, 0.401, 7, 1, 1, 1, 1, 1, FAIL, 12.0, 201.0, 3.0, 13.0, 2.0, 32.0, 10.0, 102.0, 1.0, 46.0, 11.0, 114.0, 11.0, 75.0
490601, B4U62_RS02485, A->C, synonymous, -0.0119755536547, 0.3917, 7, 1, 1, 1, 1, 1, FAIL, 19.0, 181.0, 1.0, 10.0, 8.0, 29.0, 18.0, 94.0, 8.0, 39.0, 16.0, 105.0, 14.0, 67.0
490613, B4U62_RS02485, A->C, synonymous, -0.0935350471657, 0.3856, 7, 1, 1, 1, 1, 1, FAIL, 10.0, 178.0, 0.0, 6.0, 5.0, 27.0, 7.0, 94.0, 5.0, 37.0, 10.0, 111.0, 14.0, 68.0
492485, B4U62_RS02495, G->A, noncoding, 0.984714129555, 0.2531, 7, 1, 1, 1, 1, 1, FAIL, 369.0, 372.0, 117.0, 118.0, 117.0, 117.0, 136.0, 137.0, 76.0, 76.0, 155.0, 155.0, 116.0, 116.0
494695, B4U62_RS02515, G->T, nonsense, -0.0399109962931, 0.3719, 7, 1, 1, 1, 1, 1, FAIL, 9.0, 161.0, 6.0, 59.0, 1.0, 34.0, 5.0, 48.0, 4.0, 19.0, 4.0, 49.0, 5.0, 54.0
494705, B4U62_RS02515, G->T, missense, -0.126970634845, 0.3903, 7, 1, 1, 1, 1, 1, FAIL, 3.0, 159.0, 5.0, 60.0, 2.0, 33.0, 4.0, 45.0, 4.0, 20.0, 1.0, 52.0, 4.0, 54.0
494725, B4U62_RS02515, T->A, synonymous, -2.14697945227, 0.3845, 7, 1, 1, 1, 1, 1, FAIL, 3.0, 132.0, 2.0, 43.0, 4.0, 23.0, 2.0, 33.0, 1.0, 18.0, 2.0, 48.0, 0.0, 49.0
539243, B4U62_RS02840, C->A, synonymous, -0.17685354301, 0.3766, 7, 1, 1, 1, 1, 1, FAIL, 14.0, 295.0, 6.0, 66.0, 13.0, 73.0, 9.0, 98.0, 6.0, 49.0, 7.0, 89.0, 3.0, 73.0
544833, B4U62_RS02855, G->C, missense, 0.0139584060884, 0.3778, 7, 1, 1, 1, 1, 1, FAIL, 18.0, 255.0, 14.0, 131.0, 18.0, 76.0, 12.0, 91.0, 9.0, 61.0, 16.0, 100.0, 10.0, 105.0
546627, B4U62_RS02870, A->G, missense, 1.10979016785, 0.1539, 7, 1, 1, 1, 1, 1, FAIL, 0.0, 375.0, 0.0, 1.0, 0.0, 7.0, 83.0, 112.0, 55.0, 57.0, 96.0, 103.0, 78.0, 81.0
562206, B4U62_RS02960, G->T, synonymous, -0.440511561248, 0.3912, 7, 1, 1, 1, 1, 1, FAIL, 2.0, 272.0, 4.0, 33.0, 0.0, 41.0, 3.0, 105.0, 0.0, 52.0, 2.0, 108.0, 0.0, 72.0
573983, B4U62_RS03015, A->T, missense, -1.62250608706, 0.4084, 7, 1, 1, 1, 1, 1, FAIL, 3.0, 447.0, 3.0, 117.0, 36.0, 170.0, 3.0, 267.0, 0.0, 101.0, 0.0, 242.0, 0.0, 207.0
617148, B4U62_RS03265, G->T, missense, 0.139502883051, 0.2068, 7, 1, 1, 1, 1, 1, FAIL, 10.0, 302.0, 5.0, 219.0, 2.0, 134.0, 8.0, 150.0, 7.0, 48.0, 3.0, 126.0, 3.0, 142.0
662305, B4U62_RS03515, G->T, missense, 0.5224787787, 0.168, 7, 1, 1, 1, 1, 1, FAIL, 3.0, 288.0, 0.0, 6.0, 3.0, 22.0, 1.0, 80.0, 1.0, 43.0, 2.0, 88.0, 4.0, 69.0
665504, B4U62_RS03535, T->G, missense, 0.124279506894, 0.0436, 7, 1, 1, 1, 1, 1, PASS, 3.0, 149.0, 13.0, 83.0, 11.0, 46.0, 12.0, 58.0, 10.0, 37.0, 9.0, 51.0, 7.0, 36.0
665508, B4U62_RS03535, C->G, missense, 0.0703869323811, 0.1001, 7, 1, 1, 1, 1, 1, FAIL, 1.0, 150.0, 10.0, 83.0, 10.0, 44.0, 7.0, 59.0, 5.0, 37.0, 6.0, 50.0, 5.0, 36.0
665514, B4U62_RS03535, T->G, missense, 0.0368163267691, 0.3248, 7, 1, 1, 1, 1, 1, FAIL, 1.0, 163.0, 8.0, 94.0, 7.0, 48.0, 7.0, 64.0, 8.0, 38.0, 5.0, 53.0, 5.0, 40.0
665518, B4U62_RS03535, C->A, nonsense, 0.0587576642315, 0.3535, 7, 1, 1, 1, 1, 1, FAIL, 1.0, 159.0, 12.0, 95.0, 4.0, 46.0, 9.0, 63.0, 8.0, 39.0, 5.0, 54.0, 4.0, 40.0
665523, B4U62_RS03535, C->A, missense, 0.0798883079045, 0.2568, 7, 1, 1, 1, 1, 1, FAIL, 2.0, 159.0, 16.0, 96.0, 13.0, 49.0, 10.0, 63.0, 7.0, 44.0, 6.0, 50.0, 4.0, 39.0
679861, B4U62_RS03595, G->T, noncoding, 0.00610560837437, 0.3837, 7, 1, 1, 1, 1, 1, FAIL, 19.0, 294.0, 1.0, 5.0, 4.0, 57.0, 11.0, 129.0, 7.0, 67.0, 13.0, 133.0, 13.0, 107.0
733957, B4U62_RS03835, A->G, missense, 1.1892733316, 0.0066, 7, 1, 1, 1, 1, 1, PASS, 1.0, 389.0, 1.0, 291.0, 31.0, 190.0, 107.0, 125.0, 74.0, 75.0, 136.0, 152.0, 121.0, 128.0
759801, B4U62_RS03965, A->C, missense, -0.108399501303, 0.2132, 7, 1, 1, 1, 1, 1, FAIL, 0.0, 237.0, 2.0, 207.0, 0.0, 149.0, 0.0, 132.0, 0.0, 62.0, 3.0, 144.0, 21.0, 109.0
779254, B4U62_RS04035, T->C, missense, 0.40093046772, 0.2927, 7, 1, 1, 1, 1, 1, FAIL, 0.0, 260.0, 28.0, 254.0, 22.0, 139.0, 7.0, 111.0, 0.0, 83.0, 0.0, 112.0, 0.0, 106.0
881153, B4U62_RS04530, G->T, missense, 0.139436455938, 0.1281, 7, 1, 1, 1, 1, 1, FAIL, 10.0, 169.0, 12.0, 146.0, 10.0, 59.0, 6.0, 69.0, 9.0, 44.0, 9.0, 77.0, 5.0, 54.0
909082, B4U62_RS04655, A->G, synonymous, 0.72964848659, 0.0035, 7, 1, 1, 1, 1, 1, PASS, 0.0, 357.0, 19.0, 237.0, 71.0, 111.0, 121.0, 145.0, 54.0, 56.0, 133.0, 135.0, 109.0, 110.0
1067475, B4U62_RS05550, G->A, missense, 0.871614305614, 0.0021, 7, 1, 1, 1, 1, 1, PASS, 0.0, 294.0, 0.0, 273.0, 37.0, 159.0, 146.0, 167.0, 80.0, 80.0, 140.0, 149.0, 116.0, 119.0
1071858, B4U62_RS05580, G->T, missense, -0.097349586961, 0.385, 7, 1, 1, 1, 1, 1, FAIL, 23.0, 327.0, 0.0, 2.0, 4.0, 18.0, 9.0, 151.0, 6.0, 63.0, 11.0, 166.0, 11.0, 116.0
1071927, B4U62_RS05580, G->T, missense, 0.0546673877916, 0.3003, 7, 1, 1, 1, 1, 1, FAIL, 40.0, 290.0, 1.0, 5.0, 5.0, 20.0, 19.0, 114.0, 6.0, 60.0, 21.0, 155.0, 9.0, 113.0
1112590, B4U62_RS05790, G->T, noncoding, -0.172709201846, 0.3833, 7, 1, 1, 1, 1, 1, FAIL, 7.0, 170.0, 0.0, 0.0, 5.0, 30.0, 6.0, 68.0, 0.0, 34.0, 5.0, 65.0, 1.0, 39.0
1122800, B4U62_RS05855, C->A, noncoding, -0.166616054853, 0.371, 7, 1, 1, 1, 1, 1, FAIL, 7.0, 155.0, 0.0, 0.0, 2.0, 8.0, 3.0, 54.0, 1.0, 21.0, 5.0, 34.0, 7.0, 44.0
1153744, B4U62_RS05990, C->A, noncoding, -8.41447368421, 0.4221, 7, 1, 1, 1, 1, 1, FAIL, 0.0, 180.0, 0.0, 5.0, 3.0, 19.0, 1.0, 67.0, 0.0, 39.0, 2.0, 81.0, 2.0, 86.0
1182476, intergenic, T->G, noncoding, -0.0963057074566, 0.3846, 7, 1, 1, 1, 1, 1, FAIL, 12.0, 173.0, 2.0, 81.0, 4.0, 62.0, 4.0, 69.0, 3.0, 30.0, 4.0, 82.0, 10.0, 58.0
1186562, B4U62_RS06155, G->T, synonymous, -0.354786853835, 0.3952, 7, 1, 1, 1, 1, 1, FAIL, 11.0, 221.0, 13.0, 105.0, 5.0, 69.0, 4.0, 93.0, 11.0, 52.0, 10.0, 114.0, 6.0, 100.0
1194930, intergenic, T->G, noncoding, -0.108455647501, 0.3606, 7, 1, 1, 1, 1, 1, FAIL, 33.0, 158.0, 0.0, 1.0, 0.0, 3.0, 24.0, 63.0, 2.0, 30.0, 18.0, 67.0, 18.0, 62.0
1194941, intergenic, G->T, noncoding, -0.0200588701154, 0.3313, 7, 1, 1, 1, 1, 1, FAIL, 30.0, 160.0, 0.0, 0.0, 0.0, 1.0, 21.0, 62.0, 9.0, 29.0, 15.0, 63.0, 13.0, 60.0
1223382, B4U62_RS06340, C->T, missense, 0.888239538805, 0.31, 7, 1, 1, 1, 1, 1, FAIL, 171.0, 203.0, 106.0, 107.0, 68.0, 68.0, 89.0, 90.0, 34.0, 34.0, 72.0, 72.0, 77.0, 78.0
1231561, B4U62_RS06385, A->G, missense, -1.30855242492, 0.4075, 7, 1, 1, 1, 1, 1, FAIL, 0.0, 327.0, 0.0, 168.0, 39.0, 127.0, 3.0, 159.0, 0.0, 81.0, 9.0, 186.0, 2.0, 157.0
1266705, B4U62_RS06620, G->T, synonymous, -1.52212209532, 0.3671, 7, 1, 1, 1, 1, 1, FAIL, 7.0, 164.0, 0.0, 0.0, 0.0, 2.0, 1.0, 47.0, 3.0, 19.0, 0.0, 51.0, 3.0, 37.0
1307486, B4U62_RS06845, A->G, missense, 1.11278362301, 0.019, 7, 1, 1, 1, 1, 1, PASS, 1.0, 225.0, 0.0, 152.0, 0.0, 102.0, 70.0, 93.0, 48.0, 54.0, 85.0, 89.0, 95.0, 97.0
1335158, B4U62_RS07030, G->T, missense, 0.21619558087, 0.2089, 7, 1, 1, 1, 1, 1, FAIL, 8.0, 119.0, 1.0, 18.0, 3.0, 16.0, 12.0, 46.0, 2.0, 13.0, 7.0, 38.0, 3.0, 41.0
1360208, B4U62_RS07150, G->T, missense, 0.257582845471, 0.3616, 7, 1, 1, 1, 1, 1, FAIL, 3.0, 156.0, 8.0, 69.0, 4.0, 27.0, 3.0, 85.0, 0.0, 37.0, 2.0, 72.0, 1.0, 70.0
1421222, B4U62_RS07475, G->T, synonymous, 0.0968405221638, 0.3913, 7, 1, 1, 1, 1, 1, FAIL, 7.0, 158.0, 0.0, 30.0, 1.0, 48.0, 2.0, 64.0, 4.0, 23.0, 4.0, 56.0, 1.0, 47.0
1421233, B4U62_RS07475, C->A, missense, -1.66994236659, 0.3873, 7, 1, 1, 1, 1, 1, FAIL, 9.0, 167.0, 0.0, 38.0, 1.0, 48.0, 3.0, 64.0, 4.0, 23.0, 0.0, 61.0, 1.0, 41.0
1425511, B4U62_RS07495, T->A, missense, -0.825348578961, 0.4044, 7, 1, 1, 1, 1, 1, FAIL, 7.0, 288.0, 3.0, 17.0, 0.0, 47.0, 0.0, 108.0, 2.0, 50.0, 4.0, 115.0, 0.0, 115.0
1433950, B4U62_RS07550, C->A, missense, -3.68166910795, 0.4072, 7, 1, 1, 1, 1, 1, FAIL, 2.0, 199.0, 2.0, 62.0, 0.0, 40.0, 2.0, 93.0, 3.0, 25.0, 1.0, 81.0, 0.0, 64.0
1451674, B4U62_RS07650, C->T, synonymous, 0.84623050336, 0.2877, 7, 1, 1, 1, 1, 1, FAIL, 114.0, 163.0, 34.0, 35.0, 34.0, 34.0, 70.0, 70.0, 46.0, 46.0, 81.0, 81.0, 62.0, 64.0
1473957, B4U62_RS07740, C->A, synonymous, -0.16473373902, 0.3975, 7, 1, 1, 1, 1, 1, FAIL, 7.0, 219.0, 1.0, 42.0, 2.0, 41.0, 4.0, 68.0, 5.0, 34.0, 1.0, 64.0, 2.0, 59.0
1485976, B4U62_RS07810, G->T, noncoding, 0.186047546791, 0.3702, 7, 1, 1, 1, 1, 1, FAIL, 5.0, 210.0, 0.0, 1.0, 3.0, 18.0, 2.0, 63.0, 0.0, 23.0, 4.0, 52.0, 1.0, 62.0
1507329, B4U62_RS07925, G->A, unknown, 0.872108492193, 0.0818, 7, 1, 1, 1, 1, 1, PASS, 0.0, 298.0, 0.0, 30.0, 4.0, 31.0, 77.0, 91.0, 46.0, 46.0, 97.0, 103.0, 93.0, 93.0
1515008, intergenic, A->G, noncoding, 0.823431133111, 0.3245, 7, 1, 1, 1, 1, 1, FAIL, 144.0, 204.0, 56.0, 56.0, 37.0, 37.0, 91.0, 93.0, 50.0, 50.0, 64.0, 65.0, 83.0, 83.0
1518270, B4U62_RS07985, G->T, noncoding, 0.0, 0.3876, 7, 1, 1, 1, 1, 1, FAIL, 6.0, 185.0, 0.0, 6.0, 3.0, 17.0, 2.0, 58.0, 0.0, 31.0, 1.0, 59.0, 1.0, 52.0
1523274, B4U62_RS08005, C->A, missense, 0.0271567389423, 0.3606, 7, 1, 1, 1, 1, 1, FAIL, 27.0, 307.0, 29.0, 201.0, 28.0, 113.0, 22.0, 129.0, 4.0, 58.0, 20.0, 143.0, 19.0, 144.0
1526170, B4U62_RS08015, G->T, missense, -0.0697041842588, 0.3819, 7, 1, 1, 1, 1, 1, FAIL, 15.0, 144.0, 1.0, 16.0, 1.0, 33.0, 13.0, 73.0, 8.0, 36.0, 7.0, 97.0, 13.0, 80.0
1548437, B4U62_RS08145, C->A, nonsense, -0.12208449253, 0.4056, 7, 1, 1, 1, 1, 1, FAIL, 18.0, 195.0, 12.0, 52.0, 3.0, 44.0, 9.0, 97.0, 0.0, 40.0, 5.0, 78.0, 3.0, 100.0
1553565, B4U62_RS08175, G->T, missense, -1.32822989934, 0.3949, 7, 1, 1, 1, 1, 1, FAIL, 2.0, 218.0, 0.0, 112.0, 29.0, 91.0, 0.0, 78.0, 1.0, 42.0, 8.0, 83.0, 1.0, 72.0
1561580, B4U62_RS08200, G->T, noncoding, -2.93697216395, 0.3809, 7, 1, 1, 1, 1, 1, FAIL, 2.0, 203.0, 2.0, 132.0, 0.0, 75.0, 1.0, 71.0, 3.0, 23.0, 2.0, 79.0, 0.0, 83.0
1599502, B4U62_RS08405, G->T, nonsense, 0.488255049484, 0.2317, 7, 1, 1, 1, 1, 1, FAIL, 5.0, 129.0, 1.0, 6.0, 3.0, 25.0, 3.0, 42.0, 0.0, 25.0, 0.0, 32.0, 1.0, 44.0
1616349, B4U62_RS08475, G->T, missense, -0.192139554824, 0.4008, 7, 1, 1, 1, 1, 1, FAIL, 18.0, 178.0, 5.0, 64.0, 4.0, 39.0, 4.0, 68.0, 9.0, 44.0, 7.0, 94.0, 5.0, 57.0
1616410, B4U62_RS08475, C->A, synonymous, -0.303092591457, 0.4013, 7, 1, 1, 1, 1, 1, FAIL, 14.0, 189.0, 2.0, 64.0, 3.0, 32.0, 7.0, 66.0, 1.0, 38.0, 3.0, 94.0, 10.0, 49.0
1642165, B4U62_RS08595, C->A, missense, 0.0799817439306, 0.2811, 7, 1, 1, 1, 1, 1, FAIL, 5.0, 161.0, 6.0, 99.0, 3.0, 59.0, 6.0, 74.0, 6.0, 36.0, 4.0, 74.0, 3.0, 43.0
1642174, B4U62_RS08595, G->T, missense, -2.45939217993, 0.3933, 7, 1, 1, 1, 1, 1, FAIL, 3.0, 149.0, 3.0, 87.0, 0.0, 54.0, 2.0, 72.0, 5.0, 36.0, 0.0, 70.0, 0.0, 42.0
1648988, B4U62_RS08625, G->T, missense, -0.129855618342, 0.3947, 7, 1, 1, 1, 1, 1, FAIL, 9.0, 187.0, 4.0, 182.0, 8.0, 96.0, 4.0, 115.0, 8.0, 47.0, 9.0, 110.0, 3.0, 110.0
1663387, B4U62_RS08700, G->T, nonsense, 0.00116766105492, 0.3852, 7, 1, 1, 1, 1, 1, FAIL, 25.0, 227.0, 13.0, 104.0, 8.0, 68.0, 13.0, 60.0, 2.0, 19.0, 8.0, 86.0, 4.0, 69.0
1670155, B4U62_RS08730, G->T, noncoding, -3.4799976585, 0.3976, 7, 1, 1, 1, 1, 1, FAIL, 2.0, 177.0, 0.0, 11.0, 3.0, 24.0, 1.0, 69.0, 0.0, 28.0, 0.0, 59.0, 2.0, 54.0
1690675, B4U62_RS08840, G->A, missense, 0.991578541226, 0.3156, 7, 1, 1, 1, 1, 1, FAIL, 187.0, 187.0, 94.0, 94.0, 54.0, 54.0, 54.0, 55.0, 26.0, 26.0, 63.0, 63.0, 61.0, 61.0
1695600, B4U62_RS08870, C->T, missense, 0.796387826194, 0.3538, 7, 1, 1, 1, 1, 1, FAIL, 207.0, 313.0, 132.0, 132.0, 85.0, 85.0, 132.0, 133.0, 47.0, 47.0, 134.0, 135.0, 127.0, 127.0
1698678, B4U62_RS08890, A->C, synonymous, 0.0359189313778, 0.3876, 7, 1, 1, 1, 1, 1, FAIL, 7.0, 151.0, 1.0, 57.0, 3.0, 49.0, 6.0, 53.0, 4.0, 21.0, 0.0, 41.0, 1.0, 40.0
1758641, B4U62_RS09185, A->G, missense, 1.05958005445, 0.0043, 7, 1, 1, 1, 1, 1, PASS, 0.0, 145.0, 0.0, 113.0, 9.0, 55.0, 48.0, 53.0, 38.0, 38.0, 61.0, 64.0, 52.0, 55.0
1762572, B4U62_RS09205, G->T, missense, -2.45054945055, 0.4048, 7, 1, 1, 1, 1, 1, FAIL, 6.0, 152.0, 4.0, 26.0, 0.0, 45.0, 4.0, 78.0, 2.0, 35.0, 3.0, 80.0, 2.0, 55.0
1859862, B4U62_RS09370, G->T, noncoding, -0.0445857703595, 0.3939, 7, 1, 1, 1, 1, 1, FAIL, 8.0, 237.0, 6.0, 30.0, 3.0, 58.0, 10.0, 98.0, 3.0, 53.0, 5.0, 99.0, 3.0, 88.0
1866363, B4U62_RS09420, T->C, noncoding, 2.24839885472, 0.0158, 7, 1, 1, 1, 1, 1, PASS, 0.0, 330.0, 0.0, 177.0, 0.0, 112.0, 0.0, 140.0, 2.0, 55.0, 84.0, 121.0, 90.0, 108.0
1884760, B4U62_RS09525, A->C, synonymous, -2.84174311927, 0.4034, 7, 1, 1, 1, 1, 1, FAIL, 2.0, 218.0, 0.0, 28.0, 0.0, 49.0, 1.0, 87.0, 4.0, 32.0, 2.0, 75.0, 2.0, 61.0
1884833, B4U62_RS09525, C->A, synonymous, 0.0237587532563, 0.281, 7, 1, 1, 1, 1, 1, FAIL, 6.0, 226.0, 4.0, 18.0, 4.0, 36.0, 12.0, 80.0, 4.0, 33.0, 8.0, 66.0, 6.0, 46.0
1884840, B4U62_RS09525, C->A, synonymous, 0.221400009105, 0.2271, 7, 1, 1, 1, 1, 1, FAIL, 8.0, 225.0, 3.0, 15.0, 2.0, 34.0, 10.0, 79.0, 2.0, 31.0, 4.0, 63.0, 2.0, 45.0
1884843, B4U62_RS09525, G->T, missense, 0.0598112229411, 0.0884, 7, 1, 1, 1, 1, 1, PASS, 20.0, 220.0, 5.0, 15.0, 8.0, 34.0, 20.0, 79.0, 6.0, 31.0, 18.0, 63.0, 11.0, 45.0
1884848, B4U62_RS09525, C->A, synonymous, 0.110863269453, 0.2986, 7, 1, 1, 1, 1, 1, FAIL, 7.0, 208.0, 2.0, 15.0, 6.0, 29.0, 13.0, 76.0, 2.0, 27.0, 10.0, 59.0, 7.0, 42.0
1884853, B4U62_RS09525, G->T, synonymous, 0.0520702649514, 0.2132, 7, 1, 1, 1, 1, 1, FAIL, 20.0, 218.0, 6.0, 15.0, 8.0, 30.0, 16.0, 76.0, 9.0, 28.0, 16.0, 68.0, 8.0, 52.0
1884860, B4U62_RS09525, T->C, synonymous, -0.231191614421, 0.3862, 7, 1, 1, 1, 1, 1, FAIL, 8.0, 226.0, 1.0, 17.0, 5.0, 29.0, 4.0, 76.0, 4.0, 31.0, 2.0, 64.0, 6.0, 52.0
1884860, B4U62_RS09525, T->G, missense, -0.378966448274, 0.3892, 7, 1, 1, 1, 1, 1, FAIL, 3.0, 226.0, 1.0, 17.0, 0.0, 29.0, 2.0, 76.0, 4.0, 31.0, 3.0, 64.0, 0.0, 52.0
1884870, B4U62_RS09525, G->T, missense, 0.118955504571, 0.0718, 7, 1, 1, 1, 1, 1, PASS, 16.0, 232.0, 6.0, 16.0, 8.0, 29.0, 27.0, 75.0, 11.0, 33.0, 20.0, 72.0, 13.0, 56.0
1903125, intergenic, G->T, noncoding, -5.55731225296, 0.4117, 7, 1, 1, 1, 1, 1, FAIL, 5.0, 260.0, 0.0, 19.0, 3.0, 23.0, 1.0, 83.0, 0.0, 33.0, 0.0, 77.0, 2.0, 58.0
1904062, B4U62_RS09620, G->T, synonymous, -0.177371506328, 0.3821, 7, 1, 1, 1, 1, 1, FAIL, 19.0, 262.0, 9.0, 120.0, 6.0, 100.0, 9.0, 87.0, 9.0, 46.0, 2.0, 103.0, 10.0, 85.0
1904080, B4U62_RS09620, G->C, missense, -0.16236289877, 0.4082, 7, 1, 1, 1, 1, 1, FAIL, 4.0, 267.0, 2.0, 120.0, 4.0, 103.0, 4.0, 93.0, 8.0, 42.0, 0.0, 106.0, 1.0, 88.0
1904113, B4U62_RS09620, C->A, synonymous, 0.168717539919, 0.1687, 7, 1, 1, 1, 1, 1, FAIL, 8.0, 241.0, 6.0, 105.0, 3.0, 95.0, 10.0, 96.0, 7.0, 39.0, 9.0, 101.0, 8.0, 81.0
1904135, B4U62_RS09620, C->A, missense, 0.338291468033, 0.081, 7, 1, 1, 1, 1, 1, PASS, 5.0, 240.0, 4.0, 76.0, 3.0, 81.0, 7.0, 91.0, 5.0, 32.0, 5.0, 84.0, 5.0, 70.0
1961587, B4U62_RS09955, A->G, missense, 0.672667909305, 0.0064, 7, 1, 1, 1, 1, 1, PASS, 0.0, 244.0, 15.0, 223.0, 64.0, 114.0, 93.0, 111.0, 61.0, 62.0, 104.0, 105.0, 103.0, 104.0
1998683, B4U62_RS09980, G->T, missense, -2.93035267152, 0.3989, 7, 1, 1, 1, 1, 1, FAIL, 2.0, 208.0, 0.0, 139.0, 2.0, 86.0, 1.0, 93.0, 5.0, 41.0, 1.0, 76.0, 0.0, 86.0
2003206, B4U62_RS09995, G->T, synonymous, -0.0792937167445, 0.3955, 7, 1, 1, 1, 1, 1, FAIL, 11.0, 193.0, 5.0, 38.0, 1.0, 41.0, 6.0, 97.0, 13.0, 70.0, 11.0, 118.0, 1.0, 90.0
2085042, B4U62_RS10420, G->A, nonsense, 0.576827631544, 0.0221, 7, 1, 1, 1, 1, 1, PASS, 5.0, 195.0, 12.0, 41.0, 28.0, 46.0, 85.0, 94.0, 46.0, 46.0, 86.0, 88.0, 84.0, 84.0
2096990, B4U62_RS10485, C->A, missense, -0.203519223205, 0.379, 7, 1, 1, 1, 1, 1, FAIL, 13.0, 163.0, 0.0, 5.0, 0.0, 7.0, 4.0, 55.0, 0.0, 27.0, 16.0, 74.0, 6.0, 59.0
2097045, B4U62_RS10485, C->A, noncoding, -0.156156174567, 0.3647, 7, 1, 1, 1, 1, 1, FAIL, 12.0, 159.0, 0.0, 0.0, 1.0, 3.0, 5.0, 61.0, 1.0, 34.0, 5.0, 69.0, 9.0, 57.0
2097063, B4U62_RS10485, C->A, noncoding, -0.0918863220246, 0.3486, 7, 1, 1, 1, 1, 1, FAIL, 7.0, 152.0, 0.0, 0.0, 1.0, 3.0, 3.0, 63.0, 3.0, 37.0, 6.0, 70.0, 10.0, 55.0
2117019, intergenic, C->A, noncoding, -0.28584500687, 0.3818, 7, 1, 1, 1, 1, 1, FAIL, 5.0, 156.0, 1.0, 30.0, 1.0, 22.0, 3.0, 34.0, 1.0, 14.0, 6.0, 36.0, 0.0, 31.0
2117059, intergenic, C->A, noncoding, -0.333316618204, 0.3688, 7, 1, 1, 1, 1, 1, FAIL, 9.0, 154.0, 0.0, 28.0, 3.0, 18.0, 2.0, 30.0, 0.0, 14.0, 3.0, 32.0, 1.0, 27.0
2123788, B4U62_RS10620, G->T, missense, -0.704265072578, 0.407, 7, 1, 1, 1, 1, 1, FAIL, 8.0, 265.0, 3.0, 97.0, 2.0, 65.0, 1.0, 114.0, 6.0, 37.0, 2.0, 98.0, 4.0, 77.0
2136297, B4U62_RS10695, G->T, noncoding, -0.380861452504, 0.3923, 7, 1, 1, 1, 1, 1, FAIL, 6.0, 199.0, 8.0, 49.0, 2.0, 39.0, 2.0, 73.0, 0.0, 41.0, 1.0, 78.0, 5.0, 59.0
2136766, B4U62_RS10705, G->A, synonymous, 1.20782715059, 0.0183, 7, 1, 1, 1, 1, 1, PASS, 0.0, 171.0, 0.0, 58.0, 0.0, 61.0, 25.0, 68.0, 29.0, 30.0, 62.0, 69.0, 78.0, 80.0
2145828, B4U62_RS22805, G->T, missense, 0.074536249016, 0.4046, 7, 1, 1, 1, 1, 1, FAIL, 19.0, 269.0, 3.0, 15.0, 4.0, 49.0, 6.0, 112.0, 2.0, 51.0, 3.0, 100.0, 6.0, 104.0
2145840, B4U62_RS22805, G->T, nonsense, 0.119446612286, 0.239, 7, 1, 1, 1, 1, 1, FAIL, 44.0, 265.0, 2.0, 6.0, 11.0, 48.0, 10.0, 100.0, 3.0, 47.0, 13.0, 90.0, 10.0, 96.0
2199146, B4U62_RS11235, C->A, noncoding, -2.81610278625, 0.383, 7, 1, 1, 1, 1, 1, FAIL, 2.0, 155.0, 0.0, 2.0, 3.0, 19.0, 0.0, 52.0, 2.0, 39.0, 1.0, 58.0, 1.0, 52.0
2200785, B4U62_RS11255, C->A, nonsense, -0.0119614037688, 0.3768, 7, 1, 1, 1, 1, 1, FAIL, 4.0, 186.0, 0.0, 0.0, 0.0, 7.0, 6.0, 57.0, 2.0, 36.0, 10.0, 61.0, 3.0, 68.0
2210193, B4U62_RS11345, C->A, noncoding, -0.346596911623, 0.3698, 7, 1, 1, 1, 1, 1, FAIL, 3.0, 209.0, 1.0, 4.0, 0.0, 7.0, 3.0, 72.0, 3.0, 23.0, 1.0, 66.0, 0.0, 51.0
2257761, B4U62_RS11625, G->T, missense, 0.00227109378259, 0.3893, 7, 1, 1, 1, 1, 1, FAIL, 7.0, 165.0, 0.0, 13.0, 3.0, 18.0, 4.0, 53.0, 1.0, 18.0, 3.0, 61.0, 1.0, 48.0
2263105, B4U62_RS11640, G->T, missense, 0.125830360436, 0.404, 7, 1, 1, 1, 1, 1, FAIL, 5.0, 248.0, 2.0, 35.0, 1.0, 34.0, 1.0, 68.0, 5.0, 38.0, 1.0, 71.0, 1.0, 72.0
2283174, B4U62_RS11770, C->A, synonymous, -2.74106268681, 0.4164, 7, 1, 1, 1, 1, 1, FAIL, 4.0, 298.0, 3.0, 19.0, 0.0, 16.0, 0.0, 82.0, 2.0, 44.0, 2.0, 82.0, 0.0, 66.0
2287395, B4U62_RS11790, C->A, missense, -1.18817001899, 0.4044, 7, 1, 1, 1, 1, 1, FAIL, 2.0, 220.0, 0.0, 56.0, 1.0, 58.0, 1.0, 61.0, 5.0, 36.0, 2.0, 61.0, 1.0, 73.0
2287571, B4U62_RS11795, C->A, missense, -3.02777777778, 0.4042, 7, 1, 1, 1, 1, 1, FAIL, 6.0, 169.0, 1.0, 25.0, 0.0, 37.0, 2.0, 61.0, 5.0, 32.0, 2.0, 72.0, 2.0, 68.0
2308584, B4U62_RS11925, G->T, missense, -0.183837083674, 0.3878, 7, 1, 1, 1, 1, 1, FAIL, 16.0, 194.0, 0.0, 17.0, 3.0, 20.0, 7.0, 55.0, 3.0, 32.0, 17.0, 79.0, 5.0, 55.0
2318225, B4U62_RS11990, G->T, missense, 0.163002726168, 0.2996, 7, 1, 1, 1, 1, 1, FAIL, 19.0, 235.0, 0.0, 8.0, 7.0, 42.0, 6.0, 140.0, 2.0, 48.0, 3.0, 106.0, 4.0, 111.0
2345278, B4U62_RS12140, G->T, missense, -0.0944822143976, 0.4056, 7, 1, 1, 1, 1, 1, FAIL, 16.0, 307.0, 7.0, 46.0, 2.0, 92.0, 2.0, 138.0, 4.0, 60.0, 7.0, 145.0, 5.0, 109.0
2360295, B4U62_RS12220, C->A, missense, 0.0457616746532, 0.401, 7, 1, 1, 1, 1, 1, FAIL, 4.0, 208.0, 1.0, 90.0, 2.0, 65.0, 2.0, 81.0, 5.0, 36.0, 4.0, 81.0, 3.0, 56.0
2380192, B4U62_RS12325, T->G, missense, -0.0817686853845, 0.3836, 7, 1, 1, 1, 1, 1, FAIL, 11.0, 191.0, 10.0, 101.0, 3.0, 76.0, 10.0, 86.0, 7.0, 39.0, 4.0, 87.0, 5.0, 66.0
2380230, B4U62_RS12325, A->T, missense, 0.13770602246, 0.1854, 7, 1, 1, 1, 1, 1, FAIL, 7.0, 188.0, 6.0, 95.0, 3.0, 67.0, 4.0, 83.0, 7.0, 35.0, 5.0, 78.0, 5.0, 54.0
2400738, B4U62_RS12450, G->T, missense, 0.0817111006668, 0.2302, 7, 1, 1, 1, 1, 1, FAIL, 18.0, 228.0, 10.0, 57.0, 11.0, 43.0, 15.0, 95.0, 5.0, 47.0, 8.0, 91.0, 9.0, 81.0
2400739, B4U62_RS12450, T->A, synonymous, -0.0807231251026, 0.38, 7, 1, 1, 1, 1, 1, FAIL, 11.0, 229.0, 12.0, 56.0, 8.0, 43.0, 10.0, 95.0, 4.0, 47.0, 7.0, 86.0, 9.0, 78.0
2400741, B4U62_RS12450, C->A, missense, -0.104466552936, 0.3275, 7, 1, 1, 1, 1, 1, FAIL, 10.0, 216.0, 9.0, 50.0, 8.0, 41.0, 7.0, 94.0, 8.0, 44.0, 8.0, 81.0, 6.0, 74.0
2400748, B4U62_RS12450, G->T, synonymous, 0.0786111313125, 0.047, 7, 1, 1, 1, 1, 1, PASS, 18.0, 193.0, 14.0, 42.0, 17.0, 36.0, 22.0, 83.0, 10.0, 41.0, 15.0, 74.0, 15.0, 66.0
2400750, B4U62_RS12450, T->A, missense, -0.057660522723, 0.3275, 7, 1, 1, 1, 1, 1, FAIL, 17.0, 192.0, 8.0, 41.0, 17.0, 36.0, 9.0, 84.0, 7.0, 42.0, 9.0, 75.0, 13.0, 66.0
2400755, B4U62_RS12450, A->T, missense, -0.601690797122, 0.3843, 7, 1, 1, 1, 1, 1, FAIL, 13.0, 178.0, 3.0, 39.0, 8.0, 34.0, 2.0, 74.0, 6.0, 38.0, 7.0, 70.0, 5.0, 61.0
2400757, B4U62_RS12450, G->T, synonymous, 6.38139143446e-05, 0.2158, 7, 1, 1, 1, 1, 1, FAIL, 13.0, 173.0, 13.0, 34.0, 11.0, 34.0, 19.0, 74.0, 9.0, 41.0, 15.0, 72.0, 9.0, 61.0
2400758, B4U62_RS12450, A->T, missense, -0.115650635628, 0.4006, 7, 1, 1, 1, 1, 1, FAIL, 11.0, 173.0, 4.0, 34.0, 10.0, 34.0, 8.0, 74.0, 6.0, 41.0, 9.0, 76.0, 3.0, 62.0
2400762, B4U62_RS12450, G->C, missense, 0.141931942493, 0.2798, 7, 1, 1, 1, 1, 1, FAIL, 8.0, 179.0, 4.0, 31.0, 7.0, 35.0, 9.0, 74.0, 4.0, 40.0, 5.0, 73.0, 2.0, 63.0
2400762, B4U62_RS12450, G->T, missense, 0.0437080216801, 0.0812, 7, 1, 1, 1, 1, 1, PASS, 23.0, 179.0, 9.0, 31.0, 14.0, 35.0, 21.0, 74.0, 12.0, 40.0, 21.0, 73.0, 11.0, 63.0
2400771, B4U62_RS12450, G->C, missense, -0.0268154354031, 0.2095, 7, 1, 1, 1, 1, 1, FAIL, 28.0, 196.0, 15.0, 31.0, 12.0, 34.0, 26.0, 77.0, 12.0, 42.0, 23.0, 75.0, 15.0, 64.0
2400771, B4U62_RS12450, G->T, missense, -0.874059146629, 0.4008, 7, 1, 1, 1, 1, 1, FAIL, 4.0, 196.0, 2.0, 31.0, 6.0, 34.0, 5.0, 77.0, 0.0, 42.0, 9.0, 75.0, 5.0, 64.0
2400776, B4U62_RS12450, A->C, missense, -0.0453286296449, 0.3195, 7, 1, 1, 1, 1, 1, FAIL, 23.0, 195.0, 10.0, 29.0, 9.0, 31.0, 15.0, 79.0, 7.0, 44.0, 21.0, 78.0, 15.0, 65.0
2400781, B4U62_RS12450, G->C, synonymous, 0.0245142053481, 0.3961, 7, 1, 1, 1, 1, 1, FAIL, 14.0, 208.0, 2.0, 29.0, 8.0, 29.0, 13.0, 83.0, 2.0, 46.0, 7.0, 80.0, 5.0, 69.0
2400781, B4U62_RS12450, G->T, synonymous, -0.0276750868298, 0.332, 7, 1, 1, 1, 1, 1, FAIL, 14.0, 208.0, 7.0, 29.0, 5.0, 29.0, 13.0, 83.0, 6.0, 46.0, 13.0, 80.0, 11.0, 69.0
2400783, B4U62_RS12450, G->C, missense, -0.0323415180104, 0.3908, 7, 1, 1, 1, 1, 1, FAIL, 19.0, 192.0, 7.0, 21.0, 5.0, 27.0, 23.0, 72.0, 6.0, 41.0, 17.0, 71.0, 19.0, 57.0
2400783, B4U62_RS12450, G->T, missense, 0.233955741706, 0.0168, 7, 1, 1, 1, 1, 1, PASS, 15.0, 192.0, 7.0, 21.0, 11.0, 27.0, 13.0, 72.0, 12.0, 41.0, 16.0, 71.0, 9.0, 57.0
2400788, B4U62_RS12450, A->C, missense, 0.0150449039402, 0.1663, 7, 1, 1, 1, 1, 1, FAIL, 38.0, 201.0, 10.0, 21.0, 14.0, 30.0, 29.0, 80.0, 17.0, 47.0, 24.0, 73.0, 22.0, 62.0
2454067, B4U62_RS12775, G->T, missense, -1.64036121287, 0.4046, 7, 1, 1, 1, 1, 1, FAIL, 5.0, 244.0, 1.0, 25.0, 3.0, 67.0, 2.0, 97.0, 6.0, 43.0, 1.0, 98.0, 2.0, 80.0
2455014, B4U62_RS12780, A->T, missense, 0.806222863915, 0.2475, 7, 1, 1, 1, 1, 1, FAIL, 0.0, 343.0, 9.0, 303.0, 25.0, 154.0, 13.0, 134.0, 0.0, 71.0, 0.0, 147.0, 0.0, 136.0
2501058, B4U62_RS22635, C->A, missense, -1.00977690913, 0.3899, 7, 1, 1, 1, 1, 1, FAIL, 8.0, 190.0, 2.0, 201.0, 2.0, 141.0, 2.0, 114.0, 5.0, 39.0, 0.0, 128.0, 2.0, 108.0
2505676, B4U62_RS13050, A->G, missense, 0.134618271553, 0.3652, 7, 1, 1, 1, 1, 1, FAIL, 19.0, 127.0, 90.0, 111.0, 22.0, 58.0, 7.0, 62.0, 0.0, 31.0, 0.0, 52.0, 0.0, 50.0
2512221, B4U62_RS13080, G->A, missense, 0.676243689732, 0.0069, 7, 1, 1, 1, 1, 1, PASS, 0.0, 218.0, 19.0, 229.0, 60.0, 97.0, 86.0, 100.0, 47.0, 48.0, 93.0, 94.0, 88.0, 89.0
2513059, intergenic, C->A, noncoding, -0.108256734288, 0.3847, 7, 1, 1, 1, 1, 1, FAIL, 13.0, 171.0, 21.0, 125.0, 7.0, 76.0, 9.0, 59.0, 7.0, 32.0, 9.0, 85.0, 4.0, 68.0
2519914, B4U62_RS13115, C->A, missense, -1.11624481824, 0.3978, 7, 1, 1, 1, 1, 1, FAIL, 3.0, 128.0, 2.0, 51.0, 1.0, 34.0, 1.0, 49.0, 3.0, 20.0, 3.0, 57.0, 1.0, 42.0
2525905, B4U62_RS13140, G->T, missense, -0.699906527852, 0.3875, 7, 1, 1, 1, 1, 1, FAIL, 5.0, 130.0, 1.0, 49.0, 4.0, 29.0, 0.0, 48.0, 1.0, 21.0, 2.0, 39.0, 0.0, 46.0
2530702, B4U62_RS13170, T->C, synonymous, -2.11140690545, 0.3912, 7, 1, 1, 1, 1, 1, FAIL, 0.0, 264.0, 9.0, 195.0, 27.0, 114.0, 6.0, 121.0, 0.0, 64.0, 0.0, 125.0, 0.0, 116.0
2533994, B4U62_RS13190, C->A, missense, -5.50455346956, 0.4095, 7, 1, 1, 1, 1, 1, FAIL, 3.0, 187.0, 3.0, 12.0, 1.0, 63.0, 0.0, 63.0, 1.0, 52.0, 2.0, 76.0, 2.0, 66.0
2553084, intergenic, C->G, noncoding, -0.540692822655, 0.383, 7, 1, 1, 1, 1, 1, FAIL, 9.0, 149.0, 8.0, 26.0, 3.0, 29.0, 3.0, 65.0, 4.0, 34.0, 15.0, 83.0, 6.0, 73.0
2553095, intergenic, G->T, noncoding, -0.0702055098324, 0.3857, 7, 1, 1, 1, 1, 1, FAIL, 9.0, 161.0, 5.0, 26.0, 4.0, 31.0, 4.0, 68.0, 5.0, 37.0, 11.0, 87.0, 6.0, 78.0
2553096, intergenic, C->G, noncoding, -0.0373692086888, 0.3885, 7, 1, 1, 1, 1, 1, FAIL, 19.0, 164.0, 7.0, 26.0, 7.0, 31.0, 9.0, 68.0, 6.0, 37.0, 17.0, 87.0, 10.0, 78.0
2553113, B4U62_RS13310, C->A, missense, -0.0296568958807, 0.2132, 7, 1, 1, 1, 1, 1, FAIL, 19.0, 167.0, 12.0, 28.0, 10.0, 33.0, 18.0, 69.0, 11.0, 36.0, 24.0, 87.0, 16.0, 79.0
2553137, B4U62_RS13310, C->A, nonsense, -0.0723500511027, 0.2383, 7, 1, 1, 1, 1, 1, FAIL, 11.0, 165.0, 10.0, 30.0, 7.0, 34.0, 9.0, 70.0, 8.0, 36.0, 12.0, 91.0, 12.0, 80.0
2553141, B4U62_RS13310, C->A, synonymous, -0.163815885785, 0.2917, 7, 1, 1, 1, 1, 1, FAIL, 10.0, 161.0, 11.0, 30.0, 5.0, 32.0, 13.0, 70.0, 7.0, 36.0, 17.0, 89.0, 12.0, 76.0
2553158, B4U62_RS13310, C->A, missense, -0.11167366825, 0.4028, 7, 1, 1, 1, 1, 1, FAIL, 11.0, 163.0, 6.0, 29.0, 6.0, 30.0, 5.0, 62.0, 3.0, 34.0, 18.0, 78.0, 7.0, 67.0
2553164, B4U62_RS13310, G->T, missense, 0.197674043973, 0.2772, 7, 1, 1, 1, 1, 1, FAIL, 5.0, 159.0, 2.0, 32.0, 1.0, 28.0, 1.0, 61.0, 5.0, 31.0, 7.0, 78.0, 3.0, 69.0
2555988, B4U62_RS13330, C->A, nonsense, -0.703059108759, 0.3872, 7, 1, 1, 1, 1, 1, FAIL, 6.0, 229.0, 1.0, 15.0, 4.0, 24.0, 2.0, 85.0, 0.0, 28.0, 2.0, 81.0, 4.0, 76.0
2599921, B4U62_RS13605, T->G, noncoding, -0.111813127909, 0.3764, 7, 1, 1, 1, 1, 1, FAIL, 6.0, 148.0, 0.0, 14.0, 1.0, 6.0, 5.0, 30.0, 1.0, 20.0, 5.0, 37.0, 0.0, 32.0
2599927, B4U62_RS13605, T->G, noncoding, 0.0632204515708, 0.3529, 7, 1, 1, 1, 1, 1, FAIL, 5.0, 159.0, 0.0, 12.0, 0.0, 6.0, 0.0, 30.0, 3.0, 20.0, 3.0, 41.0, 2.0, 35.0
2599929, B4U62_RS13605, C->G, noncoding, 0.259454356092, 0.2982, 7, 1, 1, 1, 1, 1, FAIL, 4.0, 161.0, 0.0, 8.0, 1.0, 6.0, 3.0, 31.0, 3.0, 23.0, 5.0, 46.0, 2.0, 40.0
2599930, B4U62_RS13605, T->G, noncoding, 1.37770483043, 0.213, 7, 1, 1, 1, 1, 1, FAIL, 1.0, 164.0, 0.0, 8.0, 0.0, 6.0, 0.0, 30.0, 5.0, 23.0, 5.0, 46.0, 2.0, 40.0
2599931, B4U62_RS13605, T->G, noncoding, -1.75603263575, 0.3698, 7, 1, 1, 1, 1, 1, FAIL, 4.0, 164.0, 0.0, 8.0, 0.0, 6.0, 1.0, 30.0, 5.0, 23.0, 3.0, 46.0, 1.0, 39.0
2599932, B4U62_RS13605, C->G, noncoding, -0.330587318412, 0.3623, 7, 1, 1, 1, 1, 1, FAIL, 4.0, 169.0, 0.0, 8.0, 0.0, 6.0, 2.0, 30.0, 4.0, 23.0, 2.0, 47.0, 3.0, 39.0
2599933, B4U62_RS13605, C->G, noncoding, 0.43434936402, 0.2981, 7, 1, 1, 1, 1, 1, FAIL, 6.0, 171.0, 0.0, 8.0, 0.0, 6.0, 4.0, 30.0, 4.0, 23.0, 2.0, 47.0, 4.0, 39.0
2599934, B4U62_RS13605, C->G, noncoding, 1.11972813212, 0.1967, 7, 1, 1, 1, 1, 1, FAIL, 0.0, 176.0, 0.0, 8.0, 0.0, 6.0, 3.0, 30.0, 4.0, 24.0, 4.0, 48.0, 2.0, 41.0
2599935, B4U62_RS13605, C->G, noncoding, 0.786957710171, 0.2166, 7, 1, 1, 1, 1, 1, FAIL, 3.0, 179.0, 0.0, 8.0, 0.0, 6.0, 3.0, 30.0, 5.0, 24.0, 2.0, 46.0, 3.0, 40.0
2599943, B4U62_RS13605, A->T, noncoding, 0.218378302127, 0.2907, 7, 1, 1, 1, 1, 1, FAIL, 3.0, 211.0, 0.0, 4.0, 0.0, 6.0, 3.0, 53.0, 4.0, 29.0, 3.0, 63.0, 2.0, 61.0
2599960, B4U62_RS13605, C->G, noncoding, -0.0022792444053, 0.3667, 7, 1, 1, 1, 1, 1, FAIL, 5.0, 221.0, 0.0, 3.0, 1.0, 6.0, 1.0, 56.0, 3.0, 30.0, 3.0, 60.0, 1.0, 61.0
2635518, B4U62_RS13785, A->C, missense, -9.37037037037, 0.4014, 7, 1, 1, 1, 1, 1, FAIL, 2.0, 240.0, 0.0, 127.0, 0.0, 82.0, 0.0, 84.0, 4.0, 33.0, 2.0, 97.0, 1.0, 107.0
2636899, B4U62_RS13795, C->A, missense, -0.482522385308, 0.4016, 7, 1, 1, 1, 1, 1, FAIL, 2.0, 213.0, 0.0, 84.0, 0.0, 56.0, 2.0, 68.0, 4.0, 31.0, 1.0, 76.0, 2.0, 72.0
2701351, B4U62_RS14230, G->T, synonymous, 0.0638809941477, 0.0574, 7, 1, 1, 1, 1, 1, PASS, 20.0, 193.0, 13.0, 71.0, 12.0, 55.0, 23.0, 84.0, 14.0, 43.0, 18.0, 76.0, 25.0, 75.0
2701378, intergenic, G->T, noncoding, 0.0461294835489, 0.0493, 7, 1, 1, 1, 1, 1, PASS, 22.0, 168.0, 18.0, 63.0, 12.0, 45.0, 22.0, 76.0, 14.0, 40.0, 25.0, 61.0, 21.0, 69.0
2701385, intergenic, G->T, noncoding, 0.0829684702982, 0.0442, 7, 1, 1, 1, 1, 1, PASS, 17.0, 175.0, 10.0, 67.0, 10.0, 44.0, 18.0, 76.0, 12.0, 39.0, 13.0, 61.0, 16.0, 70.0
2701411, intergenic, G->T, noncoding, 0.0363785077675, 0.0746, 7, 1, 1, 1, 1, 1, PASS, 21.0, 187.0, 20.0, 73.0, 11.0, 50.0, 28.0, 77.0, 13.0, 42.0, 19.0, 75.0, 19.0, 78.0
2707683, B4U62_RS14270, G->T, missense, 0.0855011913523, 0.2565, 7, 1, 1, 1, 1, 1, FAIL, 27.0, 318.0, 4.0, 20.0, 7.0, 59.0, 13.0, 125.0, 4.0, 64.0, 10.0, 124.0, 6.0, 104.0
2707689, B4U62_RS14270, G->T, nonsense, -0.178086509441, 0.418, 7, 1, 1, 1, 1, 1, FAIL, 21.0, 321.0, 5.0, 20.0, 4.0, 59.0, 8.0, 124.0, 4.0, 66.0, 9.0, 124.0, 10.0, 104.0
2713240, B4U62_RS14305, C->A, noncoding, -0.828037684306, 0.3883, 7, 1, 1, 1, 1, 1, FAIL, 6.0, 312.0, 1.0, 20.0, 6.0, 44.0, 2.0, 97.0, 1.0, 50.0, 6.0, 132.0, 5.0, 121.0
2720178, B4U62_RS14365, G->T, missense, 0.011363119152, 0.3791, 7, 1, 1, 1, 1, 1, FAIL, 9.0, 262.0, 5.0, 32.0, 4.0, 44.0, 5.0, 96.0, 0.0, 41.0, 1.0, 77.0, 4.0, 55.0
2727597, B4U62_RS14410, G->T, synonymous, 0.428842255008, 0.0758, 7, 1, 1, 1, 1, 1, PASS, 5.0, 263.0, 4.0, 27.0, 1.0, 67.0, 4.0, 129.0, 1.0, 59.0, 2.0, 134.0, 1.0, 123.0
2739334, intergenic, C->A, noncoding, -9.12280701754, 0.4325, 7, 1, 1, 1, 1, 1, FAIL, 3.0, 249.0, 3.0, 19.0, 0.0, 28.0, 1.0, 71.0, 0.0, 39.0, 0.0, 82.0, 2.0, 89.0
2768640, B4U62_RS14635, G->T, missense, 0.825978331848, 0.1851, 7, 1, 1, 1, 1, 1, FAIL, 2.0, 234.0, 3.0, 18.0, 0.0, 28.0, 2.0, 64.0, 0.0, 27.0, 0.0, 77.0, 0.0, 69.0
2790567, B4U62_RS14740, T->G, missense, 0.530278975794, 0.1683, 7, 1, 1, 1, 1, 1, FAIL, 3.0, 200.0, 0.0, 122.0, 0.0, 68.0, 1.0, 75.0, 4.0, 32.0, 3.0, 83.0, 1.0, 63.0
2794258, B4U62_RS14760, C->A, synonymous, -0.577872802124, 0.3881, 7, 1, 1, 1, 1, 1, FAIL, 9.0, 199.0, 2.0, 72.0, 3.0, 57.0, 3.0, 64.0, 6.0, 34.0, 3.0, 53.0, 1.0, 58.0
2835326, B4U62_RS14970, T->C, missense, 0.502398897736, 0.0837, 7, 1, 1, 1, 1, 1, PASS, 1.0, 241.0, 0.0, 180.0, 2.0, 71.0, 3.0, 99.0, 35.0, 51.0, 10.0, 93.0, 2.0, 80.0
2845756, B4U62_RS15025, C->T, missense, 0.0160054391022, 0.37, 7, 1, 1, 1, 1, 1, FAIL, 0.0, 225.0, 123.0, 141.0, 44.0, 87.0, 9.0, 106.0, 0.0, 47.0, 0.0, 85.0, 0.0, 95.0
2856788, B4U62_RS15090, C->T, missense, 0.823816859214, 0.1602, 7, 1, 1, 1, 1, 1, FAIL, 0.0, 229.0, 10.0, 106.0, 12.0, 80.0, 8.0, 82.0, 0.0, 42.0, 0.0, 109.0, 0.0, 63.0
2880008, B4U62_RS15205, C->A, missense, 0.0326219583648, 0.4042, 7, 1, 1, 1, 1, 1, FAIL, 5.0, 192.0, 8.0, 55.0, 2.0, 38.0, 5.0, 80.0, 0.0, 50.0, 2.0, 82.0, 1.0, 75.0
2880054, B4U62_RS15205, C->A, missense, -3.20018758256, 0.4091, 7, 1, 1, 1, 1, 1, FAIL, 4.0, 203.0, 2.0, 52.0, 8.0, 37.0, 0.0, 74.0, 1.0, 48.0, 3.0, 75.0, 3.0, 70.0
2882985, intergenic, G->T, noncoding, -6.14666666667, 0.3985, 7, 1, 1, 1, 1, 1, FAIL, 3.0, 215.0, 0.0, 45.0, 1.0, 35.0, 0.0, 82.0, 3.0, 25.0, 2.0, 65.0, 0.0, 69.0
2921427, B4U62_RS15415, T->G, missense, -0.97750093908, 0.4073, 7, 1, 1, 1, 1, 1, FAIL, 8.0, 158.0, 2.0, 58.0, 1.0, 46.0, 0.0, 66.0, 4.0, 26.0, 1.0, 59.0, 0.0, 48.0
2927331, B4U62_RS15440, C->T, synonymous, -3.04730427803, 0.4091, 7, 1, 1, 1, 1, 1, FAIL, 0.0, 292.0, 4.0, 190.0, 19.0, 104.0, 2.0, 115.0, 0.0, 50.0, 0.0, 118.0, 0.0, 93.0
2960513, B4U62_RS15600, A->G, synonymous, 0.463380795315, 0.1156, 7, 1, 1, 1, 1, 1, FAIL, 10.0, 266.0, 45.0, 254.0, 97.0, 145.0, 105.0, 125.0, 59.0, 59.0, 124.0, 125.0, 128.0, 129.0
2987087, B4U62_RS15720, G->A, missense, 0.98010340257, 0.2802, 7, 1, 1, 1, 1, 1, FAIL, 436.0, 440.0, 401.0, 403.0, 200.0, 201.0, 171.0, 172.0, 79.0, 79.0, 186.0, 187.0, 153.0, 153.0
2998095, B4U62_RS15770, G->T, missense, 0.571832556547, 0.0527, 7, 1, 1, 1, 1, 1, PASS, 2.0, 312.0, 21.0, 212.0, 85.0, 136.0, 119.0, 134.0, 64.0, 65.0, 133.0, 135.0, 125.0, 125.0
2998109, B4U62_RS15770, G->A, missense, -0.167533366891, 0.3506, 7, 1, 1, 1, 1, 1, FAIL, 1.0, 309.0, 176.0, 202.0, 52.0, 138.0, 14.0, 124.0, 0.0, 69.0, 0.0, 135.0, 0.0, 132.0
3010827, B4U62_RS15845, C->G, missense, -0.114384696952, 0.3852, 7, 1, 1, 1, 1, 1, FAIL, 15.0, 180.0, 5.0, 99.0, 2.0, 67.0, 19.0, 90.0, 2.0, 42.0, 9.0, 72.0, 11.0, 77.0
3010838, B4U62_RS15845, C->A, missense, -0.0427573874043, 0.3816, 7, 1, 1, 1, 1, 1, FAIL, 25.0, 184.0, 36.0, 107.0, 17.0, 75.0, 29.0, 96.0, 9.0, 46.0, 11.0, 78.0, 23.0, 79.0
3010844, B4U62_RS15845, C->A, missense, -0.0616139646476, 0.3788, 7, 1, 1, 1, 1, 1, FAIL, 26.0, 186.0, 28.0, 106.0, 12.0, 74.0, 18.0, 91.0, 9.0, 44.0, 13.0, 78.0, 23.0, 76.0
3010858, B4U62_RS15845, C->A, synonymous, -0.0687593030791, 0.3853, 7, 1, 1, 1, 1, 1, FAIL, 21.0, 193.0, 26.0, 108.0, 12.0, 75.0, 22.0, 94.0, 7.0, 43.0, 14.0, 70.0, 22.0, 75.0
3010870, B4U62_RS15845, C->A, missense, -0.00765117995908, 0.373, 7, 1, 1, 1, 1, 1, FAIL, 20.0, 188.0, 25.0, 119.0, 15.0, 75.0, 19.0, 96.0, 8.0, 42.0, 12.0, 65.0, 23.0, 75.0
3025551, B4U62_RS15925, T->C, missense, 0.751642929915, 0.0135, 7, 1, 1, 1, 1, 1, PASS, 1.0, 332.0, 11.0, 98.0, 36.0, 59.0, 108.0, 120.0, 51.0, 51.0, 102.0, 103.0, 88.0, 88.0
3027660, B4U62_RS15935, A->T, missense, 0.709092117887, 0.2906, 7, 1, 1, 1, 1, 1, FAIL, 0.0, 317.0, 2.0, 219.0, 20.0, 141.0, 11.0, 127.0, 0.0, 58.0, 0.0, 92.0, 0.0, 93.0
3028592, B4U62_RS15940, C->A, missense, -0.0719514451986, 0.3929, 7, 1, 1, 1, 1, 1, FAIL, 11.0, 267.0, 0.0, 35.0, 1.0, 42.0, 1.0, 95.0, 7.0, 38.0, 6.0, 121.0, 6.0, 96.0
3028595, B4U62_RS15940, A->C, synonymous, -2.80036297641, 0.3976, 7, 1, 1, 1, 1, 1, FAIL, 12.0, 268.0, 0.0, 35.0, 2.0, 42.0, 4.0, 95.0, 6.0, 38.0, 0.0, 122.0, 5.0, 98.0
3034900, B4U62_RS15965, C->G, missense, -0.351267790818, 0.4057, 7, 1, 1, 1, 1, 1, FAIL, 2.0, 254.0, 0.0, 128.0, 1.0, 87.0, 0.0, 98.0, 0.0, 79.0, 2.0, 142.0, 12.0, 99.0
3043603, B4U62_RS16015, T->A, missense, -1.90481065248, 0.3897, 7, 1, 1, 1, 1, 1, FAIL, 4.0, 142.0, 2.0, 95.0, 0.0, 57.0, 0.0, 76.0, 3.0, 23.0, 0.0, 68.0, 1.0, 63.0
3043635, B4U62_RS16015, C->A, missense, -0.0943085090778, 0.3866, 7, 1, 1, 1, 1, 1, FAIL, 16.0, 157.0, 17.0, 113.0, 5.0, 59.0, 3.0, 75.0, 7.0, 31.0, 9.0, 73.0, 9.0, 73.0
3044216, B4U62_RS16020, T->C, missense, -0.0503260013518, 0.1818, 7, 1, 1, 1, 1, 1, FAIL, 2.0, 262.0, 0.0, 198.0, 0.0, 99.0, 0.0, 114.0, 0.0, 58.0, 4.0, 108.0, 36.0, 96.0
3099081, B4U62_RS16270, C->G, missense, 0.0253204474001, 0.3942, 7, 1, 1, 1, 1, 1, FAIL, 6.0, 235.0, 12.0, 177.0, 2.0, 98.0, 7.0, 97.0, 8.0, 49.0, 7.0, 107.0, 7.0, 97.0
3107994, B4U62_RS16310, C->T, missense, 0.652313999261, 0.0436, 7, 1, 1, 1, 1, 1, PASS, 0.0, 336.0, 0.0, 101.0, 64.0, 110.0, 127.0, 141.0, 66.0, 66.0, 137.0, 137.0, 104.0, 105.0
3145676, B4U62_RS16520, T->C, missense, 1.33042543224, 0.0096, 7, 1, 1, 1, 1, 1, PASS, 0.0, 231.0, 1.0, 161.0, 0.0, 91.0, 64.0, 93.0, 43.0, 44.0, 82.0, 86.0, 78.0, 81.0
3181627, B4U62_RS16770, T->G, missense, 0.052549871782, 0.2004, 7, 1, 1, 1, 1, 1, FAIL, 26.0, 195.0, 13.0, 122.0, 7.0, 86.0, 12.0, 81.0, 7.0, 30.0, 15.0, 114.0, 16.0, 105.0
3181636, B4U62_RS16770, C->A, synonymous, -0.0134615841346, 0.3802, 7, 1, 1, 1, 1, 1, FAIL, 20.0, 203.0, 24.0, 126.0, 20.0, 92.0, 11.0, 90.0, 10.0, 37.0, 25.0, 116.0, 20.0, 113.0
3181650, B4U62_RS16770, C->A, nonsense, -0.0354905356015, 0.3828, 7, 1, 1, 1, 1, 1, FAIL, 20.0, 194.0, 32.0, 116.0, 25.0, 86.0, 13.0, 81.0, 6.0, 34.0, 24.0, 108.0, 16.0, 107.0
3236334, intergenic, C->A, noncoding, 0.122515204351, 0.3274, 7, 1, 1, 1, 1, 1, FAIL, 5.0, 221.0, 4.0, 26.0, 4.0, 63.0, 4.0, 117.0, 1.0, 57.0, 3.0, 116.0, 2.0, 107.0
3252922, B4U62_RS17135, C->T, missense, -1.36085162221, 0.3889, 7, 1, 1, 1, 1, 1, FAIL, 0.0, 404.0, 2.0, 332.0, 60.0, 199.0, 1.0, 236.0, 2.0, 118.0, 16.0, 240.0, 1.0, 139.0
3255481, B4U62_RS17140, A->G, missense, 0.493550233538, 0.2835, 7, 1, 1, 1, 1, 1, FAIL, 0.0, 324.0, 0.0, 0.0, 1.0, 3.0, 61.0, 64.0, 26.0, 26.0, 44.0, 46.0, 52.0, 54.0
3274564, B4U62_RS17235, C->A, missense, -0.0724318737234, 0.3826, 7, 1, 1, 1, 1, 1, FAIL, 8.0, 192.0, 7.0, 85.0, 4.0, 51.0, 2.0, 75.0, 7.0, 38.0, 4.0, 62.0, 7.0, 62.0
3342159, B4U62_RS17555, A->G, synonymous, -1.75452109238, 0.387, 7, 1, 1, 1, 1, 1, FAIL, 0.0, 243.0, 0.0, 251.0, 40.0, 122.0, 1.0, 132.0, 0.0, 55.0, 8.0, 151.0, 3.0, 92.0
3360680, B4U62_RS17655, G->A, missense, 1.10814417944, 0.0088, 7, 1, 1, 1, 1, 1, PASS, 0.0, 319.0, 0.0, 129.0, 0.0, 66.0, 83.0, 107.0, 51.0, 54.0, 130.0, 136.0, 96.0, 96.0
3392895, B4U62_RS17855, C->A, missense, 0.0662669589004, 0.3819, 7, 1, 1, 1, 1, 1, FAIL, 9.0, 229.0, 3.0, 38.0, 8.0, 50.0, 6.0, 76.0, 7.0, 36.0, 7.0, 78.0, 6.0, 80.0
3392903, B4U62_RS17855, C->A, missense, 0.121641640747, 0.3052, 7, 1, 1, 1, 1, 1, FAIL, 12.0, 230.0, 5.0, 37.0, 10.0, 47.0, 8.0, 79.0, 3.0, 30.0, 7.0, 76.0, 2.0, 78.0
3399482, B4U62_RS17895, G->A, synonymous, 1.9856642158, 0.0289, 7, 1, 1, 1, 1, 1, PASS, 0.0, 301.0, 0.0, 261.0, 0.0, 159.0, 0.0, 181.0, 2.0, 73.0, 89.0, 159.0, 120.0, 137.0
3410785, B4U62_RS17955, G->A, missense, 0.594881885085, 0.0121, 7, 1, 1, 1, 1, 1, PASS, 5.0, 272.0, 29.0, 171.0, 62.0, 94.0, 88.0, 105.0, 51.0, 51.0, 100.0, 101.0, 62.0, 63.0
3437672, B4U62_RS18080, C->A, nonsense, -0.136705204142, 0.3996, 7, 1, 1, 1, 1, 1, FAIL, 25.0, 189.0, 5.0, 16.0, 9.0, 56.0, 15.0, 96.0, 8.0, 54.0, 10.0, 95.0, 14.0, 77.0
3437679, B4U62_RS18080, C->A, synonymous, -0.095281527089, 0.391, 7, 1, 1, 1, 1, 1, FAIL, 14.0, 190.0, 3.0, 16.0, 3.0, 60.0, 7.0, 95.0, 4.0, 53.0, 9.0, 96.0, 8.0, 81.0
3441043, B4U62_RS18090, T->C, noncoding, 0.81623284073, 0.1864, 7, 1, 1, 1, 1, 1, FAIL, 67.0, 229.0, 0.0, 0.0, 3.0, 10.0, 5.0, 82.0, 0.0, 51.0, 0.0, 95.0, 0.0, 90.0
3475694, B4U62_RS18290, C->A, missense, -0.335480808113, 0.3842, 7, 1, 1, 1, 1, 1, FAIL, 12.0, 267.0, 12.0, 63.0, 3.0, 66.0, 6.0, 80.0, 6.0, 49.0, 9.0, 106.0, 1.0, 65.0
3477976, B4U62_RS18305, A->T, missense, -0.887335963143, 0.4095, 7, 1, 1, 1, 1, 1, FAIL, 2.0, 329.0, 1.0, 71.0, 40.0, 131.0, 3.0, 169.0, 0.0, 84.0, 14.0, 154.0, 2.0, 127.0
3479219, B4U62_RS18305, C->A, missense, 0.875397669477, 0.0086, 7, 1, 1, 1, 1, 1, PASS, 1.0, 355.0, 1.0, 371.0, 74.0, 197.0, 162.0, 177.0, 84.0, 84.0, 155.0, 167.0, 128.0, 134.0
3479435, B4U62_RS18310, T->C, missense, 0.891290646091, 0.3319, 7, 1, 1, 1, 1, 1, FAIL, 283.0, 337.0, 282.0, 285.0, 160.0, 160.0, 148.0, 148.0, 95.0, 95.0, 157.0, 158.0, 136.0, 138.0
3483787, B4U62_RS18325, A->G, missense, 0.844342292544, 0.2986, 7, 1, 1, 1, 1, 1, FAIL, 155.0, 220.0, 37.0, 37.0, 33.0, 33.0, 70.0, 70.0, 34.0, 34.0, 95.0, 96.0, 70.0, 70.0
3519519, B4U62_RS18490, G->C, missense, 0.0710146388822, 0.1948, 7, 1, 1, 1, 1, 1, FAIL, 18.0, 241.0, 17.0, 188.0, 8.0, 137.0, 7.0, 107.0, 12.0, 55.0, 12.0, 98.0, 7.0, 88.0
3519539, B4U62_RS18490, A->C, missense, -0.0522084582004, 0.3785, 7, 1, 1, 1, 1, 1, FAIL, 21.0, 240.0, 17.0, 197.0, 19.0, 143.0, 10.0, 123.0, 12.0, 59.0, 10.0, 108.0, 9.0, 92.0
3529114, B4U62_RS18530, A->G, missense, 1.15851171614, 0.0112, 7, 1, 1, 1, 1, 1, PASS, 1.0, 254.0, 0.0, 237.0, 0.0, 141.0, 103.0, 143.0, 60.0, 65.0, 109.0, 114.0, 101.0, 105.0
3554573, B4U62_RS18665, C->A, synonymous, -0.0279799626031, 0.3919, 7, 1, 1, 1, 1, 1, FAIL, 20.0, 223.0, 2.0, 6.0, 2.0, 46.0, 6.0, 107.0, 6.0, 45.0, 5.0, 95.0, 4.0, 84.0
3554596, B4U62_RS18665, C->A, nonsense, 0.0982511762739, 0.2593, 7, 1, 1, 1, 1, 1, FAIL, 25.0, 219.0, 2.0, 7.0, 8.0, 45.0, 11.0, 103.0, 5.0, 44.0, 7.0, 97.0, 6.0, 87.0
3686493, B4U62_RS19285, C->A, missense, -0.454633516671, 0.3816, 7, 1, 1, 1, 1, 1, FAIL, 11.0, 250.0, 12.0, 72.0, 3.0, 60.0, 1.0, 85.0, 4.0, 50.0, 5.0, 125.0, 3.0, 76.0
3715029, B4U62_RS19425, C->A, synonymous, 0.0678894187405, 0.3792, 7, 1, 1, 1, 1, 1, FAIL, 15.0, 182.0, 7.0, 30.0, 6.0, 28.0, 9.0, 70.0, 2.0, 32.0, 6.0, 45.0, 4.0, 51.0
3717437, B4U62_RS19435, C->A, missense, 0.8679010706, 0.3468, 7, 1, 1, 1, 1, 1, FAIL, 1.0, 124.0, 0.0, 10.0, 2.0, 16.0, 6.0, 35.0, 0.0, 13.0, 0.0, 22.0, 2.0, 30.0
3717458, B4U62_RS19435, T->A, missense, -0.171121993585, 0.3874, 7, 1, 1, 1, 1, 1, FAIL, 2.0, 130.0, 0.0, 6.0, 4.0, 15.0, 5.0, 33.0, 1.0, 12.0, 2.0, 23.0, 2.0, 29.0
3717498, B4U62_RS19435, C->A, synonymous, 0.933103582868, 0.1717, 7, 1, 1, 1, 1, 1, FAIL, 1.0, 105.0, 0.0, 5.0, 2.0, 8.0, 6.0, 26.0, 3.0, 11.0, 2.0, 17.0, 4.0, 21.0
3717515, B4U62_RS19435, C->A, missense, 0.401752740611, 0.2868, 7, 1, 1, 1, 1, 1, FAIL, 0.0, 111.0, 0.0, 5.0, 1.0, 10.0, 6.0, 23.0, 3.0, 12.0, 6.0, 22.0, 5.0, 22.0
3717524, B4U62_RS19435, G->T, nonsense, 0.316608355002, 0.2688, 7, 1, 1, 1, 1, 1, FAIL, 5.0, 126.0, 0.0, 5.0, 2.0, 12.0, 3.0, 26.0, 1.0, 16.0, 4.0, 22.0, 4.0, 27.0
3717533, B4U62_RS19435, C->A, synonymous, 0.458825991955, 0.3725, 7, 1, 1, 1, 1, 1, FAIL, 2.0, 119.0, 0.0, 4.0, 0.0, 11.0, 3.0, 25.0, 2.0, 14.0, 2.0, 23.0, 0.0, 25.0
3717537, B4U62_RS19435, C->A, synonymous, 0.329583714291, 0.2913, 7, 1, 1, 1, 1, 1, FAIL, 1.0, 121.0, 1.0, 4.0, 1.0, 10.0, 3.0, 23.0, 3.0, 16.0, 3.0, 23.0, 0.0, 28.0
3717548, B4U62_RS19435, G->T, synonymous, 0.0888816737552, 0.3807, 7, 1, 1, 1, 1, 1, FAIL, 2.0, 123.0, 0.0, 4.0, 0.0, 11.0, 4.0, 27.0, 2.0, 16.0, 1.0, 24.0, 1.0, 25.0
3717552, B4U62_RS19435, C->A, missense, 0.269398849259, 0.3762, 7, 1, 1, 1, 1, 1, FAIL, 5.0, 134.0, 0.0, 5.0, 0.0, 9.0, 4.0, 26.0, 3.0, 17.0, 3.0, 24.0, 0.0, 25.0
3717628, B4U62_RS19435, G->T, missense, 1.08951172042, 0.1392, 7, 1, 1, 1, 1, 1, FAIL, 0.0, 154.0, 0.0, 9.0, 3.0, 14.0, 6.0, 46.0, 2.0, 24.0, 1.0, 36.0, 1.0, 35.0
3717662, B4U62_RS19435, G->T, synonymous, 0.517323343478, 0.311, 7, 1, 1, 1, 1, 1, FAIL, 1.0, 143.0, 0.0, 11.0, 2.0, 14.0, 3.0, 46.0, 3.0, 25.0, 0.0, 29.0, 1.0, 36.0
3726301, B4U62_RS19495, C->T, synonymous, 0.978213034553, 0.2612, 7, 1, 1, 1, 1, 1, FAIL, 330.0, 336.0, 153.0, 153.0, 116.0, 118.0, 123.0, 123.0, 62.0, 62.0, 125.0, 125.0, 99.0, 99.0
3772366, B4U62_RS19780, T->C, synonymous, 0.702136159837, 0.0156, 7, 1, 1, 1, 1, 1, PASS, 0.0, 298.0, 0.0, 59.0, 29.0, 56.0, 139.0, 156.0, 76.0, 76.0, 125.0, 127.0, 109.0, 109.0
3783274, B4U62_RS19845, G->A, missense, -1.27247742937, 0.3978, 7, 1, 1, 1, 1, 1, FAIL, 0.0, 215.0, 0.0, 99.0, 31.0, 75.0, 2.0, 88.0, 0.0, 52.0, 4.0, 96.0, 0.0, 68.0
3791543, B4U62_RS19895, G->A, missense, 0.933698030569, 0.0023, 7, 1, 1, 1, 1, 1, PASS, 0.0, 255.0, 0.0, 161.0, 23.0, 112.0, 93.0, 109.0, 59.0, 59.0, 114.0, 116.0, 92.0, 92.0
3907925, B4U62_RS20500, C->G, missense, -3.55655778189, 0.4045, 7, 1, 1, 1, 1, 1, FAIL, 4.0, 235.0, 4.0, 13.0, 0.0, 27.0, 2.0, 84.0, 0.0, 38.0, 1.0, 70.0, 2.0, 60.0
3918089, B4U62_RS20540, G->T, nonsense, 0.0854597011334, 0.2985, 7, 1, 1, 1, 1, 1, FAIL, 27.0, 280.0, 1.0, 17.0, 14.0, 74.0, 40.0, 132.0, 12.0, 53.0, 27.0, 89.0, 14.0, 79.0
3918108, B4U62_RS20540, G->T, missense, 0.146290885914, 0.1944, 7, 1, 1, 1, 1, 1, FAIL, 40.0, 267.0, 0.0, 18.0, 14.0, 71.0, 44.0, 128.0, 19.0, 56.0, 25.0, 91.0, 17.0, 76.0
3918115, B4U62_RS20540, G->C, missense, 0.0252673534296, 0.3853, 7, 1, 1, 1, 1, 1, FAIL, 36.0, 241.0, 2.0, 18.0, 18.0, 58.0, 29.0, 110.0, 13.0, 50.0, 26.0, 78.0, 10.0, 65.0
3918115, B4U62_RS20540, G->T, missense, 0.052824290774, 0.3512, 7, 1, 1, 1, 1, 1, FAIL, 16.0, 241.0, 2.0, 18.0, 7.0, 58.0, 18.0, 110.0, 12.0, 50.0, 13.0, 78.0, 15.0, 65.0
3918121, B4U62_RS20540, A->C, missense, 0.0827426821823, 0.2724, 7, 1, 1, 1, 1, 1, FAIL, 40.0, 242.0, 0.0, 20.0, 16.0, 63.0, 25.0, 110.0, 19.0, 55.0, 24.0, 81.0, 15.0, 67.0
3918122, B4U62_RS20540, G->C, synonymous, 0.0438555409123, 0.191, 7, 1, 1, 1, 1, 1, FAIL, 51.0, 243.0, 4.0, 20.0, 20.0, 64.0, 28.0, 108.0, 21.0, 55.0, 29.0, 81.0, 15.0, 68.0
3943655, B4U62_RS20670, G->T, noncoding, 0.0, 0.4127, 7, 1, 1, 1, 1, 1, FAIL, 6.0, 182.0, 3.0, 20.0, 0.0, 27.0, 2.0, 69.0, 1.0, 52.0, 2.0, 74.0, 1.0, 52.0
3949883, B4U62_RS20695, G->T, nonsense, -0.935802469136, 0.4001, 7, 1, 1, 1, 1, 1, FAIL, 6.0, 190.0, 3.0, 17.0, 2.0, 27.0, 4.0, 79.0, 2.0, 41.0, 4.0, 78.0, 6.0, 100.0
3949938, B4U62_RS20695, G->T, missense, -0.150867928061, 0.3895, 7, 1, 1, 1, 1, 1, FAIL, 17.0, 254.0, 1.0, 7.0, 6.0, 32.0, 3.0, 120.0, 2.0, 52.0, 9.0, 110.0, 5.0, 121.0
3949940, B4U62_RS20695, C->A, synonymous, 0.154735338461, 0.3214, 7, 1, 1, 1, 1, 1, FAIL, 14.0, 250.0, 1.0, 6.0, 3.0, 30.0, 4.0, 114.0, 1.0, 50.0, 5.0, 107.0, 2.0, 114.0
3949947, B4U62_RS20695, G->T, missense, 0.366026396371, 0.0408, 7, 1, 1, 1, 1, 1, PASS, 18.0, 252.0, 2.0, 4.0, 7.0, 29.0, 9.0, 109.0, 4.0, 49.0, 11.0, 102.0, 6.0, 101.0
3949950, B4U62_RS20695, G->T, missense, 0.13086604341, 0.3163, 7, 1, 1, 1, 1, 1, FAIL, 36.0, 246.0, 2.0, 4.0, 8.0, 30.0, 13.0, 103.0, 4.0, 45.0, 10.0, 102.0, 12.0, 98.0
3949955, B4U62_RS20695, C->A, synonymous, 0.0973465365993, 0.3474, 7, 1, 1, 1, 1, 1, FAIL, 31.0, 248.0, 1.0, 5.0, 5.0, 32.0, 11.0, 102.0, 1.0, 45.0, 6.0, 101.0, 7.0, 99.0
3949959, B4U62_RS20695, T->A, synonymous, 0.322324942952, 0.2857, 7, 1, 1, 1, 1, 1, FAIL, 30.0, 247.0, 0.0, 5.0, 7.0, 29.0, 7.0, 102.0, 0.0, 44.0, 5.0, 101.0, 3.0, 97.0
3963365, B4U62_RS20770, C->A, missense, 0.0467348541381, 0.0697, 7, 1, 1, 1, 1, 1, PASS, 7.0, 280.0, 17.0, 165.0, 17.0, 141.0, 16.0, 158.0, 15.0, 72.0, 16.0, 145.0, 10.0, 113.0
3963421, B4U62_RS20770, C->A, missense, 0.0639750593788, 0.0638, 7, 1, 1, 1, 1, 1, PASS, 24.0, 278.0, 23.0, 178.0, 21.0, 139.0, 29.0, 167.0, 22.0, 81.0, 27.0, 139.0, 12.0, 113.0
3983232, B4U62_RS20870, C->A, missense, -0.133291644074, 0.3942, 7, 1, 1, 1, 1, 1, FAIL, 11.0, 195.0, 38.0, 136.0, 13.0, 73.0, 16.0, 138.0, 15.0, 82.0, 26.0, 131.0, 10.0, 128.0
3983240, B4U62_RS20870, C->A, nonsense, -0.117236657889, 0.3984, 7, 1, 1, 1, 1, 1, FAIL, 14.0, 208.0, 39.0, 148.0, 14.0, 76.0, 23.0, 144.0, 15.0, 86.0, 20.0, 134.0, 18.0, 131.0
4022187, B4U62_RS21075, C->A, synonymous, -0.52478954407, 0.4154, 7, 1, 1, 1, 1, 1, FAIL, 8.0, 453.0, 3.0, 21.0, 2.0, 83.0, 2.0, 178.0, 1.0, 81.0, 1.0, 155.0, 3.0, 132.0
4134821, B4U62_RS21610, C->A, nonsense, 0.118251903637, 0.1762, 7, 1, 1, 1, 1, 1, FAIL, 25.0, 289.0, 6.0, 103.0, 9.0, 86.0, 12.0, 106.0, 13.0, 57.0, 18.0, 114.0, 22.0, 99.0
