100, 200, 300, 400, 500, 600
287.0, 256.0, 255.0, 204.0, 15.0, 0.0
0.0, 0.0, 11.0, 12.0, 37.0, 133.0
0.0, 0.0, 0.0, 0.0, 2.0, 2.0
0.0, 31.0, 21.0, 71.0, 233.0, 152.0
0, 0, 0, 0, 3, 3
0, 3, 3, 3, 1, 1
0, 0, 0, 3, 3, 1
0, 0, 0, 0, 3, 3
0, 0, 0, 0, 3, 1
0, 0, 0, 0, 3, 3
0, 0, 0, 0, 3, 1
0, 0, 0, 0, 3, 1
0, 0, 0, 0, 3, 1
0, 0, 0, 0, 3, 1
0, 0, 0, 0, 3, 1
0, 0, 0, 0, 3, 3
0, 3, 3, 3, 1, 1
0, 3, 3, 3, 1, 1
0, 0, 0, 3, 3, 3
0, 0, 0, 0, 3, 1
0, 0, 0, 0, 3, 3
0, 0, 0, 0, 3, 1
0, 0, 0, 0, 3, 3
0, 3, 3, 3, 3, 3
0, 0, 0, 3, 3, 3
0, 0, 0, 0, 3, 3
0, 0, 0, 3, 3, 3
0, 0, 0, 0, 3, 3
0, 0, 0, 0, 3, 3
0, 0, 0, 0, 3, 3
0, 0, 0, 0, 3, 3
0, 0, 0, 0, 3, 3
0, 0, 0, 0, 3, 3
0, 0, 0, 0, 0, 3
0, 0, 0, 0, 3, 3
0, 0, 0, 0, 3, 1
0, 0, 0, 0, 3, 1
0, 0, 0, 0, 3, 1
0, 0, 0, 0, 3, 1
0, 0, 0, 3, 1, 1
0, 3, 1, 1, 1, 1
0, 0, 0, 0, 3, 3
0, 0, 0, 0, 3, 1
0, 0, 0, 0, 3, 1
0, 0, 0, 0, 3, 3
0, 0, 0, 0, 3, 1
0, 0, 0, 0, 3, 1
0, 0, 0, 0, 3, 1
0, 0, 0, 3, 3, 3
0, 0, 0, 3, 3, 1
0, 0, 0, 0, 3, 3
0, 0, 0, 0, 3, 3
0, 0, 0, 0, 0, 3
0, 0, 0, 0, 3, 1
0, 0, 0, 0, 3, 1
0, 0, 0, 3, 1, 1
0, 3, 1, 1, 1, 1
0, 0, 0, 0, 0, 3
0, 0, 0, 0, 3, 3
0, 0, 0, 0, 3, 3
0, 0, 0, 0, 3, 1
0, 0, 0, 0, 3, 3
0, 0, 0, 0, 0, 3
0, 0, 0, 0, 3, 1
0, 0, 0, 0, 3, 3
0, 0, 0, 0, 3, 1
0, 0, 0, 3, 3, 3
0, 0, 0, 0, 3, 1
0, 0, 0, 0, 3, 1
0, 0, 0, 0, 3, 1
0, 0, 0, 3, 3, 3
0, 0, 0, 3, 3, 3
0, 0, 0, 0, 3, 3
0, 0, 0, 0, 3, 3
0, 0, 0, 0, 3, 3
0, 3, 3, 3, 1, 1
0, 3, 1, 1, 1, 1
0, 0, 0, 0, 3, 1
0, 3, 3, 3, 1, 1
0, 0, 0, 0, 3, 1
0, 0, 0, 0, 3, 1
0, 0, 0, 3, 3, 1
0, 0, 0, 3, 3, 3
0, 0, 0, 0, 3, 3
0, 0, 0, 0, 3, 3
0, 0, 0, 0, 3, 3
0, 0, 0, 0, 3, 3
0, 0, 0, 0, 3, 3
0, 0, 0, 0, 3, 3
0, 0, 0, 0, 3, 3
0, 0, 0, 0, 3, 3
0, 0, 0, 0, 3, 3
0, 0, 0, 0, 3, 3
0, 0, 0, 0, 3, 3
0, 0, 0, 0, 3, 3
0, 0, 0, 0, 3, 1
0, 0, 0, 0, 3, 1
0, 0, 0, 0, 3, 3
0, 0, 0, 0, 3, 3
0, 0, 0, 0, 3, 3
0, 0, 0, 0, 3, 3
0, 0, 0, 3, 3, 3
0, 0, 0, 0, 3, 1
0, 0, 0, 0, 3, 1
0, 0, 0, 0, 3, 1
0, 0, 0, 0, 3, 1
0, 0, 0, 0, 3, 3
0, 0, 0, 0, 3, 1
0, 0, 0, 0, 3, 1
0, 0, 0, 3, 2, 2
0, 0, 0, 3, 1, 1
0, 0, 0, 0, 3, 1
0, 3, 3, 1, 1, 1
0, 0, 0, 0, 3, 1
0, 0, 0, 0, 3, 3
0, 0, 0, 0, 0, 3
0, 0, 0, 0, 3, 3
0, 0, 0, 0, 3, 3
0, 0, 0, 0, 3, 3
0, 0, 0, 0, 3, 1
0, 0, 0, 0, 3, 1
0, 0, 0, 0, 3, 3
0, 0, 0, 0, 3, 1
0, 0, 0, 0, 3, 1
0, 0, 0, 0, 3, 1
0, 0, 0, 0, 3, 3
0, 0, 0, 0, 3, 3
0, 0, 0, 3, 1, 1
0, 0, 0, 3, 1, 1
0, 0, 0, 0, 3, 3
0, 0, 0, 0, 3, 3
0, 3, 3, 3, 3, 3
0, 0, 0, 3, 3, 3
0, 0, 0, 3, 3, 3
0, 0, 0, 3, 3, 3
0, 0, 0, 0, 3, 3
0, 0, 0, 0, 3, 1
0, 0, 0, 0, 3, 3
0, 0, 0, 0, 3, 1
0, 0, 0, 0, 3, 3
0, 0, 0, 0, 3, 1
0, 0, 0, 0, 3, 1
0, 0, 0, 0, 3, 1
0, 0, 0, 0, 3, 1
0, 0, 0, 0, 3, 1
0, 0, 0, 0, 3, 1
0, 0, 0, 0, 3, 1
0, 0, 0, 0, 3, 1
0, 0, 0, 3, 2, 2
0, 0, 0, 0, 3, 1
0, 0, 0, 0, 3, 1
0, 3, 1, 1, 1, 1
0, 0, 0, 3, 1, 1
0, 3, 3, 3, 1, 1
0, 0, 0, 0, 3, 3
0, 0, 0, 3, 3, 3
0, 0, 0, 0, 3, 3
0, 0, 0, 3, 3, 1
0, 0, 0, 3, 3, 3
0, 3, 3, 3, 1, 1
0, 0, 0, 0, 3, 3
0, 0, 0, 0, 3, 1
0, 0, 0, 3, 3, 3
0, 0, 0, 0, 3, 1
0, 0, 0, 3, 3, 3
0, 0, 0, 0, 3, 3
0, 0, 0, 0, 3, 3
0, 0, 0, 0, 3, 3
0, 0, 0, 0, 0, 3
0, 0, 0, 0, 3, 3
0, 0, 0, 0, 0, 3
0, 0, 0, 0, 3, 1
0, 0, 0, 0, 3, 1
0, 0, 0, 0, 3, 3
0, 0, 0, 0, 3, 3
0, 0, 0, 0, 3, 1
0, 0, 0, 0, 3, 3
0, 3, 3, 3, 1, 1
0, 0, 0, 3, 3, 3
0, 0, 0, 0, 3, 1
0, 3, 3, 3, 1, 1
0, 0, 0, 0, 3, 3
0, 0, 0, 0, 3, 1
0, 0, 0, 3, 3, 3
0, 0, 0, 0, 3, 3
0, 0, 0, 0, 3, 1
0, 0, 0, 0, 3, 1
0, 0, 0, 0, 3, 1
0, 0, 0, 0, 3, 1
0, 0, 0, 0, 3, 1
0, 0, 0, 0, 3, 3
0, 0, 0, 3, 3, 3
0, 0, 0, 0, 3, 3
0, 0, 0, 0, 3, 3
0, 0, 0, 3, 3, 3
0, 0, 0, 3, 3, 3
0, 0, 0, 0, 3, 1
0, 0, 0, 3, 3, 1
0, 0, 0, 3, 1, 1
0, 0, 0, 0, 3, 1
0, 0, 0, 0, 3, 3
0, 0, 0, 0, 0, 3
0, 0, 0, 0, 0, 3
0, 0, 0, 0, 0, 3
0, 0, 0, 0, 3, 3
0, 3, 1, 1, 1, 1
0, 3, 3, 3, 3, 3
0, 0, 0, 3, 3, 1
0, 0, 0, 0, 3, 3
0, 0, 0, 0, 3, 3
0, 0, 0, 0, 3, 3
0, 0, 0, 3, 3, 3
0, 0, 0, 0, 3, 3
0, 3, 3, 3, 1, 1
0, 0, 0, 0, 3, 3
0, 3, 3, 3, 3, 3
0, 3, 3, 3, 1, 1
0, 3, 3, 3, 1, 1
0, 0, 0, 0, 3, 3
0, 0, 0, 0, 3, 1
0, 0, 0, 3, 3, 3
0, 0, 0, 0, 3, 3
0, 3, 3, 3, 3, 3
0, 0, 0, 0, 3, 3
0, 0, 0, 0, 3, 3
0, 0, 0, 0, 3, 3
0, 0, 0, 0, 3, 3
0, 0, 0, 0, 3, 3
0, 0, 0, 0, 3, 1
0, 0, 0, 0, 3, 3
0, 0, 0, 0, 0, 3
0, 0, 0, 0, 3, 1
0, 0, 0, 0, 3, 3
0, 0, 0, 3, 1, 1
0, 0, 0, 0, 0, 3
0, 0, 0, 3, 1, 1
0, 3, 3, 3, 3, 3
0, 0, 0, 3, 1, 1
0, 0, 0, 3, 3, 1
0, 3, 1, 1, 1, 1
0, 0, 0, 0, 3, 3
0, 3, 1, 1, 1, 1
0, 0, 0, 0, 3, 1
0, 0, 0, 3, 3, 3
0, 0, 0, 3, 3, 3
0, 0, 0, 0, 3, 1
0, 0, 0, 3, 3, 1
0, 0, 0, 3, 3, 1
0, 0, 0, 0, 0, 3
0, 0, 0, 0, 3, 1
0, 3, 1, 1, 1, 1
0, 0, 0, 3, 3, 3
0, 0, 0, 0, 3, 3
0, 0, 0, 0, 3, 3
0, 3, 1, 1, 1, 1
0, 0, 0, 0, 3, 3
0, 0, 0, 0, 3, 1
0, 3, 1, 1, 1, 1
0, 0, 0, 3, 1, 1
0, 0, 0, 0, 3, 1
0, 0, 0, 0, 3, 1
0, 0, 0, 0, 3, 3
0, 0, 0, 0, 3, 1
0, 0, 0, 3, 3, 3
0, 0, 0, 0, 3, 1
0, 0, 0, 0, 3, 3
0, 0, 0, 0, 0, 3
0, 0, 0, 3, 1, 1
0, 3, 3, 3, 1, 1
0, 0, 0, 3, 3, 3
0, 0, 0, 0, 3, 3
0, 0, 0, 0, 3, 1
0, 0, 0, 0, 3, 1
0, 0, 0, 0, 3, 3
0, 0, 0, 0, 3, 3
0, 0, 0, 0, 3, 3
0, 0, 0, 0, 3, 3
0, 0, 0, 0, 3, 1
0, 0, 0, 0, 3, 3
0, 0, 0, 0, 0, 3
0, 0, 0, 0, 3, 3
0, 0, 0, 0, 3, 3
0, 0, 0, 0, 3, 1
0, 0, 3, 3, 3, 3
0, 0, 0, 0, 3, 1
0, 0, 0, 0, 3, 3
0, 0, 0, 0, 3, 3
0, 0, 0, 0, 3, 1
0, 0, 0, 0, 3, 3
0, 0, 0, 0, 3, 1
0, 3, 1, 1, 1, 1
