100, 300, 400, 500, 600, 700, 800, 900
443.0, 429.0, 392.0, 146.0, 110.0, 58.0, 19.0, 0.0
0.0, 0.0, 3.0, 8.0, 87.0, 116.0, 149.0, 192.0
0.0, 0.0, 0.0, 0.0, 0.0, 0.0, 16.0, 18.0
0.0, 14.0, 48.0, 289.0, 246.0, 269.0, 259.0, 233.0
0, 0, 0, 3, 3, 3, 3, 3
0, 0, 0, 3, 3, 3, 3, 3
0, 0, 0, 3, 1, 1, 1, 1
0, 0, 0, 0, 0, 0, 0, 3
0, 0, 0, 0, 3, 3, 3, 3
0, 0, 0, 3, 3, 3, 3, 3
0, 0, 0, 0, 0, 0, 0, 3
0, 0, 0, 0, 0, 3, 1, 1
0, 0, 0, 3, 3, 3, 3, 3
0, 0, 0, 3, 3, 3, 1, 1
0, 0, 3, 3, 3, 3, 3, 3
0, 0, 0, 3, 3, 1, 1, 1
0, 0, 0, 3, 3, 3, 3, 3
0, 0, 0, 3, 3, 3, 3, 3
0, 0, 0, 3, 3, 1, 1, 1
0, 0, 0, 3, 3, 3, 3, 3
0, 0, 0, 3, 3, 3, 1, 1
0, 0, 0, 3, 3, 1, 1, 1
0, 0, 0, 3, 1, 1, 1, 1
0, 0, 0, 0, 3, 1, 1, 1
0, 0, 0, 3, 3, 3, 1, 1
0, 0, 0, 3, 1, 1, 1, 1
0, 0, 0, 3, 3, 1, 1, 1
0, 0, 0, 3, 3, 3, 3, 3
0, 0, 0, 3, 3, 3, 3, 3
0, 0, 0, 0, 3, 1, 1, 1
0, 0, 0, 3, 3, 3, 3, 3
0, 0, 0, 0, 0, 3, 3, 3
0, 0, 0, 3, 3, 3, 3, 3
0, 0, 0, 0, 0, 0, 0, 3
0, 0, 3, 3, 3, 3, 1, 1
0, 0, 0, 3, 1, 1, 1, 1
0, 0, 0, 3, 3, 1, 1, 1
0, 0, 0, 3, 1, 1, 1, 1
0, 0, 0, 3, 3, 3, 1, 1
0, 0, 0, 0, 3, 1, 1, 1
0, 0, 0, 3, 3, 3, 1, 1
0, 0, 0, 0, 0, 0, 0, 3
0, 0, 0, 3, 3, 3, 3, 3
0, 0, 0, 0, 0, 0, 3, 3
0, 0, 0, 3, 3, 3, 3, 3
0, 0, 3, 3, 3, 3, 3, 3
0, 0, 0, 3, 3, 3, 3, 3
0, 0, 0, 3, 3, 3, 3, 3
0, 0, 0, 3, 3, 3, 3, 3
0, 0, 0, 3, 1, 1, 1, 1
0, 0, 0, 3, 3, 3, 3, 3
0, 0, 0, 0, 0, 0, 0, 3
0, 0, 0, 3, 3, 3, 3, 3
0, 0, 0, 3, 1, 1, 1, 1
0, 0, 0, 3, 3, 3, 3, 3
0, 0, 0, 3, 3, 3, 3, 3
0, 0, 3, 3, 3, 3, 3, 3
0, 0, 0, 0, 0, 3, 2, 2
0, 0, 0, 0, 0, 3, 2, 2
0, 0, 0, 3, 1, 1, 1, 1
0, 0, 0, 0, 0, 0, 3, 1
0, 3, 1, 1, 1, 1, 1, 1
0, 0, 0, 3, 1, 1, 1, 1
0, 0, 0, 0, 0, 0, 3, 1
0, 3, 3, 3, 3, 3, 3, 3
0, 0, 0, 3, 1, 1, 1, 1
0, 0, 0, 3, 1, 1, 1, 1
0, 0, 0, 3, 3, 3, 3, 3
0, 0, 0, 0, 0, 3, 1, 1
0, 0, 3, 3, 3, 1, 1, 1
0, 0, 0, 3, 3, 3, 3, 1
0, 0, 0, 3, 3, 3, 3, 3
0, 0, 0, 3, 3, 3, 3, 1
0, 0, 0, 3, 1, 1, 1, 1
0, 0, 0, 0, 0, 0, 3, 1
0, 0, 0, 0, 0, 0, 3, 1
0, 0, 0, 3, 3, 3, 3, 1
0, 0, 3, 3, 3, 3, 3, 3
0, 0, 3, 3, 3, 3, 3, 3
0, 0, 0, 3, 3, 3, 1, 1
0, 0, 0, 3, 3, 3, 3, 3
0, 0, 3, 3, 3, 3, 3, 3
0, 0, 0, 3, 3, 3, 3, 3
0, 0, 0, 3, 3, 3, 3, 3
0, 0, 0, 3, 3, 3, 3, 3
0, 0, 0, 3, 3, 3, 3, 3
0, 0, 0, 3, 3, 1, 1, 1
0, 0, 0, 0, 3, 3, 3, 3
0, 0, 0, 3, 3, 3, 3, 3
0, 0, 0, 3, 3, 3, 3, 3
0, 0, 0, 3, 3, 3, 3, 3
0, 0, 0, 3, 3, 3, 3, 3
0, 0, 0, 3, 3, 3, 3, 3
0, 0, 0, 3, 3, 3, 3, 3
0, 0, 3, 3, 3, 3, 3, 3
0, 0, 0, 0, 3, 3, 1, 1
0, 0, 0, 0, 0, 3, 3, 1
0, 0, 0, 0, 3, 3, 3, 3
0, 0, 0, 3, 3, 1, 1, 1
0, 0, 0, 0, 3, 3, 3, 3
0, 0, 0, 0, 0, 0, 0, 3
0, 0, 3, 3, 3, 3, 3, 3
0, 0, 0, 3, 3, 1, 1, 1
0, 0, 0, 0, 0, 3, 1, 1
0, 0, 0, 3, 3, 1, 1, 1
0, 0, 0, 3, 1, 1, 1, 1
0, 0, 0, 3, 3, 3, 3, 3
0, 0, 0, 0, 0, 3, 2, 2
0, 0, 0, 3, 1, 1, 1, 1
0, 0, 0, 3, 1, 1, 1, 1
0, 0, 0, 3, 3, 1, 1, 1
0, 0, 0, 0, 3, 1, 1, 1
0, 0, 0, 0, 3, 1, 1, 1
0, 0, 3, 1, 1, 1, 1, 1
0, 0, 0, 3, 1, 1, 1, 1
0, 0, 0, 3, 3, 3, 3, 3
0, 0, 0, 3, 1, 1, 1, 1
0, 0, 3, 3, 3, 3, 3, 3
0, 0, 0, 0, 3, 1, 1, 1
0, 0, 0, 0, 3, 3, 3, 3
0, 0, 0, 0, 3, 3, 3, 3
0, 3, 3, 3, 3, 3, 3, 3
0, 3, 3, 3, 3, 3, 3, 3
0, 3, 3, 3, 3, 3, 3, 3
0, 3, 3, 3, 3, 3, 3, 3
0, 3, 3, 3, 3, 3, 3, 3
0, 0, 0, 0, 0, 3, 3, 3
0, 0, 0, 0, 0, 3, 3, 3
0, 0, 0, 0, 0, 3, 2, 2
0, 0, 0, 0, 0, 3, 3, 3
0, 0, 0, 3, 1, 1, 1, 1
0, 0, 0, 3, 3, 3, 1, 1
0, 0, 3, 3, 3, 3, 3, 3
0, 0, 0, 3, 1, 1, 1, 1
0, 0, 0, 0, 3, 3, 3, 3
0, 0, 0, 0, 3, 3, 3, 3
0, 0, 0, 0, 3, 3, 3, 3
0, 0, 0, 0, 3, 3, 3, 3
0, 0, 0, 3, 1, 1, 1, 1
0, 0, 0, 0, 0, 3, 2, 2
0, 0, 0, 3, 1, 1, 1, 1
0, 0, 0, 3, 1, 1, 1, 1
0, 0, 0, 3, 3, 3, 3, 3
0, 0, 0, 3, 3, 1, 1, 1
0, 0, 0, 0, 0, 0, 3, 1
0, 0, 0, 3, 3, 3, 3, 3
0, 0, 0, 3, 3, 3, 3, 3
0, 0, 0, 3, 3, 3, 3, 3
0, 0, 0, 3, 3, 3, 3, 3
0, 0, 0, 3, 3, 3, 3, 3
0, 0, 0, 3, 3, 3, 3, 3
0, 0, 0, 3, 3, 3, 3, 3
0, 0, 0, 0, 0, 0, 3, 1
0, 0, 0, 3, 3, 3, 3, 1
0, 0, 0, 3, 3, 3, 3, 3
0, 0, 0, 3, 3, 3, 3, 3
0, 0, 0, 3, 3, 3, 3, 3
0, 0, 0, 3, 1, 1, 1, 1
0, 0, 0, 0, 0, 0, 3, 3
0, 0, 0, 3, 3, 3, 3, 1
0, 0, 0, 0, 3, 3, 3, 3
0, 0, 0, 0, 3, 3, 3, 1
0, 0, 0, 0, 0, 3, 1, 1
0, 0, 0, 0, 0, 0, 0, 3
0, 0, 0, 0, 3, 3, 3, 1
0, 0, 0, 0, 3, 3, 3, 3
0, 0, 0, 3, 1, 1, 1, 1
0, 0, 0, 3, 1, 1, 1, 1
0, 0, 0, 0, 0, 3, 3, 1
0, 0, 0, 3, 1, 1, 1, 1
0, 0, 0, 3, 1, 1, 1, 1
0, 0, 0, 3, 1, 1, 1, 1
0, 0, 3, 3, 1, 1, 1, 1
0, 0, 0, 3, 1, 1, 1, 1
0, 0, 0, 3, 1, 1, 1, 1
0, 0, 0, 0, 0, 0, 3, 1
0, 0, 0, 3, 3, 3, 3, 3
0, 0, 0, 3, 3, 3, 3, 3
0, 0, 0, 3, 3, 3, 3, 3
0, 0, 0, 3, 3, 3, 3, 3
0, 0, 0, 3, 3, 3, 3, 3
0, 0, 0, 3, 3, 3, 3, 3
0, 0, 0, 3, 3, 3, 3, 3
0, 0, 0, 3, 3, 3, 3, 3
0, 0, 0, 3, 3, 3, 3, 3
0, 0, 0, 3, 3, 3, 3, 3
0, 0, 0, 0, 0, 0, 3, 1
0, 0, 0, 3, 1, 1, 1, 1
0, 0, 3, 3, 3, 1, 1, 1
0, 0, 0, 0, 0, 0, 0, 3
0, 0, 0, 3, 3, 3, 3, 3
0, 0, 0, 0, 3, 3, 3, 3
0, 0, 0, 3, 3, 3, 3, 3
0, 0, 0, 3, 3, 3, 3, 3
0, 0, 0, 3, 3, 3, 3, 3
0, 0, 0, 3, 3, 3, 3, 3
0, 0, 0, 3, 3, 3, 3, 3
0, 0, 0, 3, 3, 3, 3, 3
0, 0, 0, 3, 3, 3, 3, 3
0, 0, 0, 0, 0, 3, 2, 2
0, 0, 0, 0, 0, 0, 3, 1
0, 0, 0, 0, 0, 0, 0, 3
0, 0, 0, 3, 3, 3, 3, 3
0, 0, 0, 3, 3, 3, 3, 3
0, 0, 0, 3, 3, 3, 3, 3
0, 0, 0, 3, 3, 3, 3, 1
0, 0, 0, 3, 3, 3, 3, 3
0, 0, 0, 3, 3, 3, 3, 3
0, 0, 0, 3, 3, 3, 3, 3
0, 0, 0, 3, 3, 3, 3, 3
0, 0, 0, 3, 3, 3, 3, 3
0, 0, 0, 3, 3, 3, 3, 3
0, 0, 0, 3, 3, 3, 3, 3
0, 0, 0, 3, 3, 3, 3, 3
0, 0, 0, 0, 0, 0, 0, 3
0, 0, 0, 3, 3, 3, 1, 1
0, 0, 0, 3, 3, 1, 1, 1
0, 0, 0, 3, 1, 1, 1, 1
0, 0, 0, 0, 0, 0, 3, 1
0, 0, 0, 3, 1, 1, 1, 1
0, 0, 0, 3, 3, 1, 1, 1
0, 0, 0, 0, 0, 0, 3, 1
0, 0, 0, 0, 0, 0, 0, 3
0, 0, 3, 3, 3, 3, 3, 3
0, 0, 0, 3, 3, 3, 3, 3
0, 0, 0, 3, 3, 3, 1, 1
0, 0, 0, 3, 3, 3, 3, 3
0, 0, 0, 3, 3, 3, 3, 3
0, 0, 0, 3, 3, 3, 3, 3
0, 0, 0, 3, 3, 3, 3, 3
0, 0, 0, 3, 3, 3, 3, 3
0, 0, 0, 0, 3, 3, 3, 3
0, 0, 0, 0, 0, 3, 3, 3
0, 0, 0, 0, 0, 0, 3, 1
0, 0, 3, 3, 3, 3, 3, 3
0, 3, 3, 1, 1, 1, 1, 1
0, 0, 0, 3, 1, 1, 1, 1
0, 0, 0, 0, 0, 3, 2, 2
0, 0, 0, 0, 0, 3, 1, 1
0, 0, 0, 3, 1, 1, 1, 1
0, 0, 0, 3, 3, 3, 3, 3
0, 0, 0, 0, 3, 3, 3, 3
0, 0, 0, 3, 3, 3, 1, 1
0, 0, 0, 3, 3, 3, 3, 3
0, 0, 0, 0, 0, 0, 0, 3
0, 0, 0, 3, 3, 3, 3, 1
0, 0, 0, 3, 3, 3, 3, 3
0, 0, 0, 3, 3, 3, 3, 3
0, 0, 0, 3, 3, 3, 3, 3
0, 0, 0, 3, 3, 3, 3, 3
0, 0, 0, 3, 3, 3, 3, 1
0, 0, 0, 3, 3, 3, 1, 1
0, 0, 0, 3, 3, 3, 1, 1
0, 0, 0, 0, 0, 0, 3, 1
0, 0, 3, 3, 3, 3, 3, 3
0, 0, 3, 3, 3, 3, 1, 1
0, 0, 0, 3, 1, 1, 1, 1
0, 0, 0, 3, 1, 1, 1, 1
0, 0, 0, 3, 3, 3, 3, 1
0, 0, 0, 3, 3, 3, 3, 1
0, 0, 0, 3, 3, 3, 3, 3
0, 0, 0, 3, 3, 3, 3, 3
0, 0, 0, 3, 3, 3, 3, 3
0, 0, 0, 3, 3, 3, 3, 3
0, 0, 0, 3, 3, 3, 3, 3
0, 0, 0, 3, 3, 3, 3, 3
0, 0, 0, 3, 3, 3, 3, 3
0, 0, 0, 3, 3, 3, 3, 3
0, 0, 0, 3, 3, 3, 3, 3
0, 0, 0, 0, 0, 3, 2, 2
0, 0, 0, 3, 1, 1, 1, 1
0, 0, 0, 0, 0, 3, 3, 3
0, 0, 0, 0, 0, 0, 3, 1
0, 0, 0, 0, 0, 3, 3, 3
0, 0, 0, 3, 1, 1, 1, 1
0, 0, 3, 3, 3, 3, 3, 3
0, 0, 0, 3, 3, 3, 3, 3
0, 3, 3, 3, 3, 1, 1, 1
0, 0, 0, 3, 3, 3, 3, 3
0, 0, 0, 3, 3, 3, 3, 3
0, 0, 0, 3, 3, 3, 3, 3
0, 0, 0, 3, 1, 1, 1, 1
0, 0, 0, 0, 0, 0, 3, 1
0, 0, 0, 0, 0, 3, 3, 3
0, 0, 0, 3, 1, 1, 1, 1
0, 0, 0, 0, 0, 0, 3, 3
0, 0, 0, 0, 0, 3, 1, 1
0, 0, 0, 0, 0, 3, 3, 3
0, 0, 0, 3, 3, 3, 1, 1
0, 0, 0, 3, 1, 1, 1, 1
0, 0, 3, 3, 3, 3, 3, 3
0, 0, 3, 3, 3, 3, 3, 3
0, 0, 0, 0, 3, 3, 3, 3
0, 3, 3, 1, 1, 1, 1, 1
0, 0, 0, 0, 0, 0, 3, 1
0, 0, 3, 3, 3, 3, 3, 3
0, 0, 0, 3, 3, 3, 3, 3
0, 0, 0, 3, 3, 3, 3, 3
0, 0, 0, 3, 3, 3, 3, 3
0, 0, 0, 0, 0, 0, 3, 3
0, 0, 0, 0, 0, 0, 3, 1
0, 0, 0, 0, 3, 3, 3, 3
0, 0, 0, 0, 0, 0, 3, 3
0, 0, 0, 3, 3, 3, 1, 1
0, 0, 0, 3, 3, 3, 3, 3
0, 0, 0, 3, 3, 3, 1, 1
0, 0, 0, 3, 3, 3, 3, 3
0, 0, 3, 3, 3, 3, 3, 3
0, 0, 3, 3, 3, 3, 3, 3
0, 0, 0, 0, 0, 0, 3, 3
0, 0, 0, 0, 0, 0, 3, 3
0, 0, 0, 0, 0, 0, 3, 3
0, 0, 0, 3, 3, 3, 3, 3
0, 0, 0, 3, 3, 3, 3, 3
0, 0, 0, 3, 3, 3, 3, 3
0, 0, 0, 0, 0, 0, 3, 3
0, 0, 0, 0, 0, 3, 3, 3
0, 0, 0, 0, 0, 3, 3, 3
0, 0, 0, 3, 3, 3, 3, 3
0, 0, 0, 3, 1, 1, 1, 1
0, 0, 0, 0, 0, 0, 3, 1
0, 0, 0, 3, 1, 1, 1, 1
0, 0, 0, 0, 3, 3, 3, 3
0, 0, 0, 0, 0, 0, 0, 3
0, 0, 0, 3, 1, 1, 1, 1
0, 0, 0, 3, 1, 1, 1, 1
0, 0, 0, 3, 1, 1, 1, 1
0, 0, 3, 3, 3, 3, 3, 3
0, 3, 3, 1, 1, 1, 1, 1
0, 0, 3, 3, 3, 3, 3, 3
0, 0, 3, 3, 3, 3, 3, 3
0, 0, 0, 3, 3, 3, 1, 1
0, 0, 0, 3, 1, 1, 1, 1
0, 0, 0, 0, 0, 3, 1, 1
0, 0, 0, 3, 1, 1, 1, 1
0, 0, 0, 0, 0, 3, 3, 2
0, 0, 3, 3, 3, 3, 3, 3
0, 0, 0, 0, 3, 3, 3, 3
0, 0, 0, 3, 1, 1, 1, 1
0, 0, 0, 0, 0, 3, 3, 3
0, 0, 0, 3, 3, 1, 1, 1
0, 0, 0, 0, 0, 3, 3, 3
0, 0, 0, 0, 0, 3, 1, 1
0, 0, 0, 3, 1, 1, 1, 1
0, 0, 0, 0, 0, 0, 3, 1
0, 0, 0, 0, 0, 3, 2, 2
0, 3, 3, 1, 1, 1, 1, 1
0, 0, 0, 0, 0, 3, 2, 2
0, 0, 0, 3, 1, 1, 1, 1
0, 0, 0, 3, 1, 1, 1, 1
0, 0, 0, 3, 3, 1, 1, 1
0, 0, 0, 3, 1, 1, 1, 1
0, 0, 0, 0, 0, 3, 2, 2
0, 0, 0, 0, 0, 0, 3, 1
0, 0, 0, 3, 3, 3, 3, 3
0, 0, 0, 0, 0, 3, 3, 1
0, 0, 0, 3, 3, 3, 3, 3
0, 0, 0, 3, 1, 1, 1, 1
0, 0, 0, 3, 3, 3, 3, 3
0, 0, 0, 3, 3, 3, 3, 3
0, 0, 0, 0, 0, 3, 2, 2
0, 0, 0, 3, 1, 1, 1, 1
0, 0, 0, 0, 0, 3, 1, 1
0, 0, 0, 0, 0, 0, 3, 3
0, 0, 0, 3, 1, 1, 1, 1
0, 0, 3, 3, 3, 3, 3, 3
0, 0, 0, 3, 1, 1, 1, 1
0, 0, 0, 3, 1, 1, 1, 1
0, 0, 0, 3, 1, 1, 1, 1
0, 0, 0, 3, 3, 1, 1, 1
0, 0, 0, 3, 1, 1, 1, 1
0, 0, 0, 3, 1, 1, 1, 1
0, 0, 0, 0, 0, 3, 2, 2
0, 3, 1, 1, 1, 1, 1, 1
0, 3, 1, 1, 1, 1, 1, 1
0, 0, 0, 0, 0, 3, 2, 2
0, 0, 0, 3, 3, 3, 3, 3
0, 0, 0, 3, 3, 3, 3, 3
0, 0, 0, 0, 3, 3, 1, 1
0, 0, 0, 0, 0, 3, 3, 2
0, 0, 0, 0, 0, 0, 3, 3
0, 0, 0, 0, 0, 0, 3, 1
0, 0, 0, 0, 0, 0, 3, 1
0, 0, 0, 0, 0, 3, 3, 3
0, 0, 0, 3, 1, 1, 1, 1
0, 0, 0, 3, 3, 3, 3, 3
0, 0, 0, 3, 3, 3, 3, 1
0, 0, 0, 3, 3, 3, 1, 1
0, 0, 0, 3, 3, 3, 3, 3
0, 0, 0, 0, 3, 3, 3, 3
0, 0, 3, 3, 3, 3, 3, 3
0, 0, 0, 3, 1, 1, 1, 1
0, 0, 3, 3, 3, 3, 3, 3
0, 0, 0, 3, 3, 3, 3, 3
0, 0, 0, 0, 0, 3, 3, 3
0, 0, 0, 3, 1, 1, 1, 1
0, 0, 0, 0, 0, 0, 3, 1
0, 0, 0, 0, 0, 3, 3, 3
0, 0, 0, 3, 1, 1, 1, 1
0, 0, 0, 0, 0, 3, 3, 3
0, 0, 0, 0, 0, 3, 3, 3
0, 0, 0, 0, 3, 3, 3, 3
0, 0, 0, 3, 3, 3, 3, 3
0, 0, 0, 0, 0, 0, 3, 1
0, 0, 0, 0, 0, 3, 3, 3
0, 0, 0, 0, 0, 0, 0, 3
0, 0, 0, 3, 3, 1, 1, 1
0, 0, 0, 3, 1, 1, 1, 1
0, 0, 3, 3, 3, 3, 3, 3
0, 0, 0, 0, 0, 0, 0, 3
0, 0, 0, 0, 0, 0, 0, 3
0, 0, 3, 3, 3, 3, 3, 3
0, 0, 0, 0, 0, 0, 3, 1
0, 0, 0, 0, 3, 3, 1, 1
0, 0, 0, 0, 0, 0, 0, 3
0, 0, 3, 3, 3, 3, 3, 3
0, 0, 3, 3, 3, 3, 3, 3
0, 0, 3, 3, 3, 3, 3, 3
0, 0, 0, 3, 3, 3, 1, 1
0, 0, 0, 3, 1, 1, 1, 1
0, 0, 0, 3, 1, 1, 1, 1
0, 0, 0, 3, 1, 1, 1, 1
0, 0, 0, 3, 1, 1, 1, 1
0, 0, 0, 0, 0, 3, 2, 2
0, 0, 0, 0, 0, 0, 3, 3
0, 0, 0, 3, 1, 1, 1, 1
0, 0, 0, 0, 0, 3, 1, 1
0, 0, 0, 3, 3, 1, 1, 1
0, 0, 0, 3, 1, 1, 1, 1
0, 0, 0, 3, 3, 1, 1, 1
0, 0, 0, 3, 3, 1, 1, 1
0, 0, 0, 3, 1, 1, 1, 1
0, 0, 0, 0, 0, 0, 3, 1
0, 0, 0, 0, 3, 3, 3, 3
0, 0, 0, 0, 3, 3, 3, 3
0, 0, 0, 0, 3, 3, 3, 3
0, 0, 0, 0, 3, 3, 3, 3
0, 0, 0, 0, 0, 0, 3, 1
0, 0, 0, 3, 1, 1, 1, 1
0, 0, 0, 0, 0, 3, 3, 3
0, 0, 0, 0, 0, 0, 0, 3
0, 0, 0, 0, 0, 3, 2, 2
0, 0, 0, 0, 0, 0, 0, 3
0, 0, 0, 3, 1, 1, 1, 1
0, 0, 0, 3, 1, 1, 1, 1
0, 0, 0, 3, 1, 1, 1, 1
0, 0, 0, 0, 0, 3, 3, 3
