100, 200, 300, 400, 500, 600, 900
512.0, 482.0, 461.0, 374.0, 166.0, 160.0, 0.0
0.0, 0.0, 0.0, 0.0, 4.0, 84.0, 90.0
0.0, 0.0, 0.0, 0.0, 0.0, 5.0, 5.0
0.0, 30.0, 51.0, 138.0, 342.0, 263.0, 417.0
0, 0, 0, 0, 0, 0, 3
0, 0, 0, 0, 3, 3, 3
0, 0, 0, 0, 0, 0, 3
0, 0, 0, 0, 0, 0, 3
0, 0, 0, 0, 3, 3, 3
0, 0, 0, 0, 3, 3, 3
0, 0, 0, 0, 3, 3, 3
0, 0, 0, 3, 3, 3, 3
0, 0, 0, 0, 3, 3, 3
0, 0, 0, 0, 3, 3, 3
0, 0, 0, 0, 0, 0, 3
0, 0, 0, 0, 3, 3, 3
0, 0, 0, 0, 0, 0, 3
0, 0, 0, 0, 3, 1, 1
0, 0, 0, 0, 0, 0, 3
0, 0, 0, 0, 0, 0, 3
0, 0, 0, 0, 3, 3, 3
0, 0, 0, 0, 0, 0, 3
0, 0, 0, 0, 0, 0, 3
0, 0, 0, 0, 0, 0, 3
0, 0, 0, 0, 0, 0, 3
0, 0, 0, 0, 0, 3, 1
0, 0, 0, 0, 0, 0, 3
0, 0, 0, 0, 3, 3, 3
0, 0, 0, 3, 3, 3, 3
0, 0, 0, 0, 3, 3, 3
0, 0, 0, 0, 0, 0, 3
0, 0, 0, 3, 3, 3, 3
0, 0, 0, 0, 0, 0, 3
0, 0, 0, 0, 0, 0, 3
0, 0, 0, 0, 3, 3, 3
0, 0, 0, 0, 3, 3, 3
0, 0, 0, 0, 3, 3, 3
0, 0, 0, 0, 3, 3, 3
0, 0, 0, 0, 3, 3, 3
0, 0, 0, 0, 0, 0, 3
0, 0, 0, 0, 0, 0, 3
0, 0, 0, 0, 3, 3, 3
0, 0, 0, 0, 0, 0, 3
0, 0, 0, 0, 3, 3, 3
0, 0, 0, 0, 3, 3, 3
0, 0, 0, 0, 3, 1, 1
0, 0, 0, 0, 3, 3, 3
0, 0, 3, 3, 3, 3, 3
0, 3, 3, 3, 3, 3, 3
0, 0, 0, 3, 3, 3, 3
0, 0, 0, 3, 3, 3, 3
0, 0, 0, 3, 3, 3, 3
0, 0, 0, 0, 3, 1, 1
0, 0, 0, 0, 3, 3, 3
0, 3, 3, 3, 1, 1, 1
0, 0, 0, 0, 0, 0, 3
0, 0, 0, 0, 0, 0, 3
0, 0, 0, 0, 0, 0, 3
0, 0, 0, 0, 0, 0, 3
0, 0, 0, 0, 0, 0, 3
0, 0, 0, 0, 0, 0, 3
0, 0, 0, 0, 0, 0, 3
0, 0, 0, 0, 3, 1, 1
0, 0, 0, 3, 3, 2, 2
0, 0, 0, 3, 3, 3, 3
0, 0, 0, 3, 3, 3, 3
0, 0, 0, 3, 3, 1, 1
0, 0, 0, 3, 3, 3, 3
0, 0, 0, 3, 3, 3, 3
0, 0, 0, 0, 0, 0, 3
0, 0, 0, 3, 3, 3, 3
0, 0, 0, 0, 0, 0, 3
0, 0, 0, 0, 0, 0, 3
0, 0, 0, 0, 3, 3, 3
0, 0, 0, 0, 3, 3, 3
0, 0, 0, 0, 3, 3, 3
0, 0, 0, 0, 3, 1, 1
0, 0, 0, 3, 3, 3, 3
0, 0, 0, 0, 3, 3, 3
0, 0, 0, 3, 3, 3, 3
0, 0, 0, 0, 0, 0, 3
0, 0, 0, 0, 3, 1, 1
0, 0, 0, 0, 3, 3, 3
0, 0, 0, 0, 3, 3, 3
0, 0, 0, 0, 3, 3, 3
0, 0, 0, 0, 3, 3, 3
0, 0, 0, 0, 0, 0, 3
0, 0, 0, 0, 3, 3, 3
0, 0, 0, 0, 3, 3, 3
0, 0, 0, 0, 3, 1, 1
0, 0, 0, 0, 3, 1, 1
0, 0, 0, 0, 3, 3, 3
0, 0, 0, 0, 3, 3, 3
0, 0, 0, 0, 3, 3, 3
0, 0, 0, 0, 3, 3, 3
0, 3, 3, 3, 3, 3, 3
0, 0, 0, 0, 3, 3, 3
0, 0, 0, 0, 3, 3, 3
0, 0, 0, 0, 0, 0, 3
0, 0, 0, 0, 3, 3, 3
0, 0, 0, 0, 3, 3, 3
0, 0, 0, 0, 3, 3, 3
0, 0, 0, 0, 3, 1, 1
0, 0, 0, 0, 3, 1, 1
0, 0, 0, 0, 3, 3, 3
0, 0, 0, 0, 3, 3, 3
0, 0, 0, 0, 3, 3, 3
0, 0, 0, 0, 3, 3, 3
0, 0, 0, 0, 0, 0, 3
0, 0, 0, 0, 3, 3, 3
0, 0, 0, 0, 3, 3, 3
0, 0, 3, 3, 3, 3, 3
0, 0, 0, 0, 3, 3, 3
0, 0, 0, 0, 3, 1, 1
0, 0, 0, 0, 0, 0, 3
0, 0, 0, 0, 3, 1, 1
0, 0, 0, 0, 0, 0, 3
0, 0, 0, 0, 0, 0, 3
0, 0, 0, 0, 3, 3, 3
0, 0, 0, 0, 3, 3, 3
0, 0, 0, 0, 3, 3, 3
0, 0, 0, 0, 0, 0, 3
0, 0, 0, 0, 0, 0, 3
0, 0, 0, 0, 3, 3, 3
0, 0, 0, 0, 0, 3, 1
0, 0, 0, 3, 1, 1, 1
0, 0, 0, 3, 3, 3, 3
0, 0, 0, 0, 0, 0, 3
0, 0, 0, 0, 0, 0, 3
0, 0, 0, 0, 0, 0, 3
0, 0, 0, 0, 0, 0, 3
0, 0, 0, 0, 3, 1, 1
0, 0, 0, 0, 3, 1, 1
0, 0, 0, 0, 3, 3, 3
0, 0, 0, 0, 3, 1, 1
0, 0, 0, 0, 3, 3, 3
0, 0, 0, 0, 3, 1, 1
0, 0, 0, 0, 0, 0, 3
0, 0, 0, 0, 0, 0, 3
0, 0, 0, 0, 0, 0, 3
0, 0, 3, 3, 3, 3, 3
0, 0, 0, 0, 0, 0, 3
0, 0, 0, 0, 0, 0, 3
0, 0, 0, 3, 3, 1, 1
0, 0, 0, 0, 0, 0, 3
0, 0, 0, 3, 3, 3, 3
0, 0, 0, 3, 3, 1, 1
0, 3, 3, 3, 3, 3, 3
0, 0, 0, 0, 3, 3, 3
0, 0, 0, 3, 3, 3, 3
0, 0, 0, 0, 3, 3, 3
0, 0, 0, 3, 3, 3, 3
0, 0, 0, 0, 3, 1, 1
0, 0, 0, 0, 3, 1, 1
0, 0, 0, 0, 3, 3, 3
0, 0, 0, 0, 0, 0, 3
0, 3, 3, 3, 3, 3, 3
0, 3, 3, 3, 3, 3, 3
0, 3, 3, 3, 3, 3, 3
0, 3, 3, 3, 3, 3, 3
0, 0, 0, 0, 3, 1, 1
0, 0, 0, 0, 3, 1, 1
0, 0, 0, 0, 3, 3, 3
0, 0, 0, 0, 0, 0, 3
0, 0, 0, 0, 0, 0, 3
0, 0, 0, 0, 0, 0, 3
0, 0, 0, 0, 0, 0, 3
0, 0, 0, 0, 0, 0, 3
0, 0, 0, 0, 0, 0, 3
0, 0, 0, 0, 0, 0, 3
0, 0, 0, 3, 3, 3, 3
0, 0, 0, 3, 3, 1, 1
0, 0, 0, 0, 3, 3, 3
0, 0, 0, 0, 0, 0, 3
0, 0, 0, 0, 3, 1, 1
0, 0, 0, 0, 3, 1, 1
0, 0, 0, 3, 3, 3, 3
0, 0, 0, 0, 3, 3, 3
0, 0, 0, 0, 0, 0, 3
0, 0, 0, 0, 0, 0, 3
0, 0, 0, 0, 0, 0, 3
0, 0, 0, 0, 3, 1, 1
0, 0, 0, 0, 0, 0, 3
0, 0, 0, 0, 3, 3, 3
0, 0, 0, 3, 3, 3, 3
0, 0, 0, 3, 3, 3, 3
0, 0, 0, 3, 3, 3, 3
0, 0, 0, 3, 3, 1, 1
0, 0, 0, 0, 3, 3, 3
0, 0, 0, 0, 0, 0, 3
0, 0, 0, 0, 3, 3, 3
0, 0, 0, 0, 3, 3, 3
0, 0, 0, 0, 3, 3, 3
0, 0, 0, 0, 0, 0, 3
0, 0, 0, 0, 3, 1, 1
0, 0, 0, 0, 0, 0, 3
0, 0, 0, 0, 3, 1, 1
0, 0, 0, 0, 0, 3, 1
0, 0, 0, 0, 3, 1, 1
0, 0, 0, 0, 0, 0, 3
0, 0, 0, 0, 3, 3, 3
0, 0, 0, 0, 0, 0, 3
0, 0, 0, 0, 3, 3, 3
0, 0, 0, 0, 0, 0, 3
0, 0, 0, 0, 0, 0, 3
0, 0, 0, 0, 3, 1, 1
0, 0, 0, 0, 3, 1, 1
0, 0, 0, 3, 3, 3, 3
0, 0, 0, 3, 3, 3, 3
0, 0, 0, 3, 3, 3, 3
0, 0, 0, 0, 3, 1, 1
0, 0, 0, 0, 3, 1, 1
0, 0, 0, 3, 3, 2, 2
0, 0, 0, 0, 3, 3, 3
0, 3, 3, 3, 3, 3, 3
0, 0, 0, 0, 3, 1, 1
0, 0, 0, 0, 0, 0, 3
0, 0, 0, 0, 3, 1, 1
0, 3, 3, 3, 3, 3, 3
0, 0, 0, 0, 3, 1, 1
0, 0, 0, 0, 0, 0, 3
0, 0, 3, 3, 3, 3, 3
0, 0, 0, 3, 3, 1, 1
0, 0, 0, 0, 0, 0, 3
0, 0, 0, 3, 3, 3, 3
0, 0, 0, 0, 0, 0, 3
0, 0, 0, 3, 3, 3, 3
0, 0, 0, 0, 0, 0, 3
0, 0, 0, 0, 3, 1, 1
0, 0, 0, 0, 3, 3, 3
0, 0, 0, 0, 0, 0, 3
0, 0, 0, 0, 0, 0, 3
0, 0, 0, 0, 3, 3, 3
0, 0, 0, 0, 3, 3, 3
0, 0, 0, 0, 0, 0, 3
0, 0, 3, 3, 3, 3, 3
0, 0, 0, 3, 3, 3, 3
0, 0, 0, 3, 3, 3, 3
0, 3, 3, 3, 3, 3, 3
0, 0, 0, 0, 0, 0, 3
0, 0, 0, 0, 0, 0, 3
0, 0, 0, 0, 0, 0, 3
0, 0, 0, 0, 3, 3, 3
0, 0, 0, 3, 3, 3, 3
0, 0, 0, 0, 3, 3, 3
0, 0, 0, 0, 0, 0, 3
0, 0, 0, 0, 3, 3, 3
0, 0, 0, 0, 3, 3, 3
0, 0, 0, 0, 3, 3, 3
0, 0, 0, 0, 0, 0, 3
0, 3, 3, 3, 3, 3, 3
0, 0, 3, 3, 3, 3, 3
0, 0, 0, 0, 0, 0, 3
0, 0, 0, 0, 3, 3, 3
0, 0, 0, 0, 0, 0, 3
0, 0, 0, 3, 3, 3, 3
0, 0, 0, 3, 3, 3, 3
0, 0, 0, 0, 3, 1, 1
0, 0, 0, 3, 3, 3, 3
0, 0, 0, 3, 3, 3, 3
0, 0, 0, 3, 3, 3, 3
0, 0, 0, 3, 3, 1, 1
0, 0, 0, 3, 3, 3, 3
0, 0, 0, 0, 3, 3, 3
0, 0, 0, 3, 3, 1, 1
0, 0, 0, 3, 1, 1, 1
0, 0, 0, 0, 0, 0, 3
0, 0, 3, 3, 3, 3, 3
0, 0, 0, 3, 3, 3, 3
0, 0, 0, 3, 3, 3, 3
0, 0, 0, 3, 3, 3, 3
0, 0, 0, 3, 3, 3, 3
0, 0, 3, 3, 3, 1, 1
0, 0, 0, 0, 3, 3, 3
0, 0, 0, 0, 3, 1, 1
0, 0, 0, 3, 3, 3, 3
0, 0, 0, 0, 0, 0, 3
0, 0, 0, 0, 3, 3, 3
0, 0, 0, 0, 0, 0, 3
0, 0, 0, 0, 0, 0, 3
0, 3, 3, 3, 3, 3, 3
0, 0, 0, 0, 0, 0, 3
0, 0, 0, 0, 3, 3, 3
0, 0, 0, 0, 0, 0, 3
0, 0, 0, 0, 0, 0, 3
0, 3, 3, 3, 3, 3, 3
0, 3, 3, 3, 3, 3, 3
0, 0, 0, 0, 0, 0, 3
0, 0, 0, 0, 0, 0, 3
0, 0, 0, 0, 3, 1, 1
0, 0, 0, 0, 0, 0, 3
0, 0, 0, 0, 3, 3, 3
0, 0, 0, 0, 0, 0, 3
0, 0, 0, 3, 3, 1, 1
0, 3, 3, 3, 3, 3, 3
0, 3, 3, 3, 3, 3, 3
0, 0, 0, 0, 0, 0, 3
0, 0, 0, 0, 3, 3, 3
0, 0, 0, 0, 0, 0, 3
0, 0, 3, 3, 3, 3, 3
0, 0, 0, 0, 3, 1, 1
0, 0, 0, 0, 3, 1, 1
0, 0, 0, 0, 3, 1, 1
0, 0, 0, 0, 3, 1, 1
0, 0, 0, 0, 3, 1, 1
0, 0, 0, 0, 3, 3, 3
0, 0, 0, 0, 3, 3, 3
0, 0, 0, 0, 3, 1, 1
0, 3, 3, 3, 3, 3, 3
0, 0, 0, 0, 3, 3, 3
0, 0, 0, 0, 0, 0, 3
0, 0, 0, 0, 0, 0, 3
0, 0, 0, 3, 3, 2, 2
0, 0, 0, 3, 3, 3, 3
0, 0, 0, 0, 0, 0, 3
0, 0, 3, 3, 3, 3, 3
0, 0, 3, 3, 3, 3, 3
0, 0, 3, 3, 3, 3, 3
0, 0, 3, 3, 3, 3, 3
0, 0, 0, 3, 3, 3, 3
0, 0, 0, 0, 0, 0, 3
0, 0, 0, 0, 3, 3, 3
0, 3, 3, 3, 3, 3, 3
0, 0, 3, 3, 3, 3, 3
0, 0, 0, 0, 0, 3, 1
0, 0, 0, 3, 3, 3, 3
0, 0, 0, 0, 0, 3, 1
0, 0, 0, 0, 0, 0, 3
0, 0, 0, 0, 0, 0, 3
0, 3, 3, 3, 3, 3, 3
0, 0, 0, 3, 3, 3, 3
0, 0, 3, 3, 3, 3, 3
0, 0, 0, 0, 3, 3, 3
0, 0, 0, 0, 3, 3, 3
0, 0, 0, 0, 3, 3, 3
0, 0, 0, 0, 0, 0, 3
0, 0, 3, 3, 3, 3, 3
0, 3, 3, 3, 3, 3, 3
0, 0, 0, 0, 0, 0, 3
0, 0, 3, 3, 3, 3, 3
0, 0, 0, 0, 0, 0, 3
0, 0, 0, 0, 3, 3, 3
0, 0, 0, 0, 3, 1, 1
0, 0, 0, 0, 3, 3, 3
0, 0, 0, 0, 3, 3, 3
0, 0, 0, 0, 3, 3, 3
0, 0, 0, 0, 3, 3, 3
0, 0, 0, 0, 3, 3, 3
0, 0, 0, 0, 0, 0, 3
0, 0, 0, 0, 3, 3, 3
0, 0, 0, 0, 3, 3, 3
0, 0, 0, 0, 3, 3, 3
0, 0, 0, 0, 3, 3, 3
0, 0, 0, 0, 3, 1, 1
0, 0, 0, 0, 3, 3, 3
0, 0, 0, 0, 3, 1, 1
0, 0, 0, 0, 0, 0, 3
0, 0, 0, 0, 3, 3, 3
0, 0, 0, 0, 3, 3, 3
0, 0, 0, 0, 3, 3, 3
0, 0, 0, 0, 3, 3, 3
0, 0, 0, 0, 3, 3, 3
0, 0, 0, 0, 3, 3, 3
0, 0, 0, 0, 3, 3, 3
0, 0, 0, 0, 3, 1, 1
0, 3, 3, 3, 3, 3, 3
0, 3, 3, 3, 3, 3, 3
0, 3, 3, 3, 3, 3, 3
0, 0, 0, 0, 3, 3, 3
0, 0, 0, 3, 3, 3, 3
0, 0, 0, 0, 3, 1, 1
0, 0, 0, 0, 3, 1, 1
0, 0, 0, 0, 0, 0, 3
0, 0, 0, 3, 3, 3, 3
0, 0, 0, 0, 3, 1, 1
0, 0, 0, 0, 3, 3, 3
0, 0, 0, 0, 3, 1, 1
0, 0, 0, 0, 0, 0, 3
0, 0, 3, 3, 3, 3, 3
0, 0, 0, 0, 3, 1, 1
0, 0, 0, 0, 3, 3, 3
0, 0, 0, 0, 3, 3, 3
0, 0, 0, 0, 3, 3, 3
0, 0, 0, 0, 0, 0, 3
0, 0, 0, 0, 0, 0, 3
0, 0, 0, 0, 3, 1, 1
0, 0, 0, 0, 3, 1, 1
0, 0, 0, 0, 0, 0, 3
0, 0, 0, 0, 0, 0, 3
0, 0, 0, 3, 3, 2, 2
0, 0, 0, 0, 3, 1, 1
0, 0, 0, 3, 3, 3, 3
0, 3, 3, 3, 3, 3, 3
0, 0, 0, 3, 3, 2, 2
0, 0, 0, 0, 0, 0, 3
0, 0, 0, 0, 0, 0, 3
0, 0, 0, 0, 3, 3, 3
0, 0, 0, 0, 0, 0, 3
0, 0, 0, 0, 0, 0, 3
0, 0, 0, 0, 0, 0, 3
0, 0, 0, 0, 3, 3, 3
0, 0, 0, 0, 0, 0, 3
0, 0, 0, 0, 3, 3, 3
0, 0, 0, 0, 3, 3, 3
0, 0, 0, 0, 3, 3, 3
0, 0, 0, 3, 3, 3, 3
0, 0, 0, 0, 0, 0, 3
0, 0, 0, 3, 3, 3, 3
0, 0, 0, 3, 3, 3, 3
0, 0, 0, 3, 3, 1, 1
0, 0, 0, 3, 3, 3, 3
0, 0, 0, 0, 3, 3, 3
0, 0, 0, 0, 0, 0, 3
0, 0, 0, 0, 0, 0, 3
0, 0, 0, 3, 3, 3, 3
0, 0, 0, 0, 0, 0, 3
0, 0, 0, 0, 3, 3, 3
0, 0, 0, 0, 3, 3, 3
0, 0, 0, 0, 3, 3, 3
0, 0, 0, 0, 3, 3, 3
0, 0, 0, 3, 3, 3, 3
0, 0, 0, 0, 3, 3, 3
0, 0, 0, 0, 0, 0, 3
0, 0, 0, 0, 3, 3, 3
0, 0, 0, 0, 0, 0, 3
0, 0, 0, 0, 3, 3, 3
0, 0, 0, 0, 0, 0, 3
0, 3, 3, 3, 3, 3, 3
0, 0, 0, 3, 3, 1, 1
0, 0, 0, 3, 3, 1, 1
0, 0, 0, 0, 0, 3, 1
0, 0, 0, 0, 3, 3, 3
0, 0, 0, 0, 3, 1, 1
0, 3, 3, 3, 3, 3, 3
0, 0, 3, 3, 3, 3, 3
0, 0, 0, 0, 0, 0, 3
0, 0, 0, 0, 0, 0, 3
0, 0, 0, 0, 0, 0, 3
0, 0, 0, 0, 0, 0, 3
0, 0, 0, 0, 3, 3, 3
0, 0, 0, 3, 1, 1, 1
0, 0, 0, 0, 0, 0, 3
0, 0, 0, 0, 0, 0, 3
0, 0, 0, 0, 3, 3, 3
0, 0, 0, 0, 0, 0, 3
0, 0, 0, 0, 0, 0, 3
0, 0, 0, 3, 3, 3, 3
0, 0, 0, 0, 0, 0, 3
0, 0, 0, 0, 0, 0, 3
0, 0, 0, 0, 0, 0, 3
0, 0, 0, 0, 3, 3, 3
0, 0, 0, 0, 0, 0, 3
0, 0, 3, 3, 3, 3, 3
0, 0, 0, 0, 0, 0, 3
0, 0, 0, 0, 0, 0, 3
0, 0, 0, 0, 3, 1, 1
0, 0, 0, 0, 0, 0, 3
0, 0, 0, 0, 0, 0, 3
0, 3, 3, 3, 3, 3, 3
0, 0, 0, 3, 3, 1, 1
0, 0, 0, 0, 0, 0, 3
0, 0, 0, 0, 3, 1, 1
0, 0, 0, 0, 0, 0, 3
0, 0, 0, 0, 0, 0, 3
0, 0, 0, 3, 3, 3, 3
0, 0, 0, 0, 0, 0, 3
0, 0, 0, 3, 3, 3, 3
0, 0, 0, 0, 3, 1, 1
0, 0, 0, 0, 3, 3, 3
0, 0, 0, 0, 0, 0, 3
0, 0, 0, 0, 0, 0, 3
0, 0, 0, 0, 0, 0, 3
0, 0, 0, 0, 3, 3, 3
0, 0, 0, 0, 3, 3, 3
0, 0, 0, 0, 3, 3, 3
0, 0, 0, 0, 3, 3, 3
0, 0, 0, 0, 0, 0, 3
0, 0, 0, 0, 3, 3, 3
0, 0, 0, 0, 3, 3, 3
0, 0, 0, 0, 0, 0, 3
0, 0, 0, 0, 3, 3, 3
0, 0, 0, 0, 3, 3, 3
0, 0, 0, 0, 3, 1, 1
0, 0, 0, 0, 0, 0, 3
0, 0, 0, 0, 0, 0, 3
0, 0, 0, 0, 3, 3, 3
0, 0, 0, 0, 3, 3, 3
0, 0, 0, 0, 3, 1, 1
0, 0, 0, 3, 3, 3, 3
0, 0, 0, 3, 3, 3, 3
0, 0, 0, 0, 3, 3, 3
0, 0, 0, 3, 3, 3, 3
0, 0, 0, 3, 3, 1, 1
0, 0, 0, 0, 0, 0, 3
0, 0, 0, 0, 3, 3, 3
0, 0, 0, 3, 3, 3, 3
0, 0, 0, 3, 3, 3, 3
0, 0, 0, 3, 3, 3, 3
0, 0, 0, 0, 0, 0, 3
0, 0, 0, 0, 3, 1, 1
0, 0, 0, 0, 0, 0, 3
0, 0, 0, 0, 3, 1, 1
0, 0, 0, 0, 0, 0, 3
0, 0, 0, 0, 0, 0, 3
0, 0, 0, 0, 3, 3, 3
0, 0, 0, 0, 0, 0, 3
0, 3, 3, 3, 3, 3, 3
0, 0, 0, 3, 3, 3, 3
0, 0, 0, 3, 3, 1, 1
0, 0, 0, 0, 0, 0, 3
0, 0, 0, 0, 0, 0, 3
0, 0, 0, 0, 3, 3, 3
0, 0, 0, 0, 3, 1, 1
0, 3, 3, 3, 3, 3, 3
0, 0, 0, 0, 3, 3, 3
0, 0, 3, 3, 3, 3, 3
