100, 200, 300, 400, 500, 700, 800, 900
489.0, 480.0, 452.0, 405.0, 240.0, 132.0, 44.0, 0.0
0.0, 0.0, 0.0, 6.0, 53.0, 60.0, 94.0, 154.0
0.0, 0.0, 0.0, 2.0, 2.0, 2.0, 2.0, 3.0
0.0, 9.0, 37.0, 76.0, 194.0, 295.0, 349.0, 332.0
0, 0, 0, 0, 0, 3, 3, 3
0, 0, 0, 0, 0, 0, 3, 1
0, 0, 0, 0, 3, 3, 3, 3
0, 0, 0, 0, 0, 0, 3, 1
0, 0, 0, 0, 3, 3, 3, 3
0, 0, 0, 0, 0, 3, 3, 3
0, 0, 0, 0, 0, 0, 3, 1
0, 0, 0, 0, 0, 0, 3, 1
0, 0, 3, 3, 3, 3, 3, 3
0, 0, 0, 0, 3, 3, 3, 3
0, 0, 0, 3, 1, 1, 1, 1
0, 0, 0, 0, 0, 3, 3, 3
0, 0, 0, 0, 0, 3, 3, 3
0, 0, 0, 0, 0, 0, 3, 1
0, 0, 0, 0, 3, 1, 1, 1
0, 0, 0, 0, 0, 0, 3, 3
0, 0, 0, 0, 0, 0, 3, 1
0, 0, 0, 0, 0, 0, 3, 1
0, 0, 0, 3, 1, 1, 1, 1
0, 0, 0, 0, 0, 3, 3, 3
0, 0, 0, 0, 3, 3, 3, 3
0, 0, 0, 0, 3, 3, 3, 3
0, 0, 0, 0, 3, 3, 3, 3
0, 0, 0, 0, 3, 3, 1, 1
0, 0, 0, 0, 0, 3, 1, 1
0, 0, 0, 0, 0, 0, 3, 3
0, 0, 0, 0, 0, 0, 3, 3
0, 3, 3, 3, 3, 3, 3, 3
0, 0, 0, 0, 0, 3, 3, 3
0, 0, 0, 0, 0, 3, 3, 3
0, 0, 0, 0, 0, 3, 3, 3
0, 0, 0, 0, 3, 3, 3, 3
0, 0, 0, 0, 0, 3, 3, 3
0, 0, 0, 0, 0, 0, 3, 3
0, 0, 0, 0, 0, 0, 3, 3
0, 0, 0, 0, 0, 0, 3, 3
0, 0, 0, 0, 0, 0, 3, 3
0, 0, 0, 0, 0, 0, 3, 1
0, 0, 0, 0, 3, 3, 3, 3
0, 0, 0, 0, 0, 0, 0, 3
0, 0, 0, 0, 0, 0, 3, 3
0, 0, 0, 0, 0, 0, 3, 3
0, 0, 0, 0, 0, 3, 3, 1
0, 0, 0, 0, 3, 3, 3, 3
0, 0, 0, 0, 3, 3, 3, 3
0, 0, 0, 0, 3, 3, 3, 3
0, 0, 0, 3, 1, 1, 1, 1
0, 0, 0, 3, 1, 1, 1, 1
0, 0, 0, 0, 3, 3, 3, 3
0, 0, 0, 0, 3, 3, 3, 3
0, 0, 3, 1, 1, 1, 1, 1
0, 0, 0, 0, 3, 3, 3, 3
0, 0, 0, 3, 1, 1, 1, 1
0, 0, 0, 0, 0, 0, 3, 1
0, 0, 0, 0, 0, 0, 3, 1
0, 0, 0, 0, 3, 3, 3, 3
0, 0, 0, 0, 3, 3, 3, 3
0, 0, 3, 3, 3, 3, 3, 3
0, 0, 0, 3, 1, 1, 1, 1
0, 0, 0, 0, 0, 3, 3, 3
0, 0, 0, 0, 0, 0, 0, 3
0, 0, 0, 0, 0, 0, 3, 1
0, 0, 3, 3, 3, 3, 3, 3
0, 0, 0, 0, 3, 3, 3, 3
0, 0, 0, 0, 0, 3, 3, 3
0, 0, 0, 0, 3, 3, 3, 3
0, 0, 0, 3, 1, 1, 1, 1
0, 0, 0, 0, 3, 3, 3, 3
0, 0, 0, 0, 0, 0, 3, 1
0, 0, 0, 0, 0, 0, 3, 1
0, 0, 0, 0, 3, 3, 3, 3
0, 0, 0, 0, 3, 3, 3, 3
0, 0, 0, 0, 3, 3, 3, 3
0, 0, 0, 0, 0, 3, 1, 1
0, 0, 0, 0, 3, 3, 3, 3
0, 0, 0, 0, 3, 3, 3, 3
0, 0, 0, 0, 0, 0, 3, 3
0, 0, 0, 0, 0, 0, 3, 1
0, 0, 0, 0, 0, 3, 3, 1
0, 0, 0, 0, 0, 3, 1, 1
0, 0, 0, 0, 0, 0, 0, 3
0, 0, 0, 0, 0, 3, 1, 1
0, 0, 0, 0, 3, 3, 3, 3
0, 0, 0, 3, 1, 1, 1, 1
0, 0, 0, 0, 3, 3, 3, 3
0, 0, 0, 0, 3, 3, 3, 3
0, 0, 0, 0, 3, 3, 3, 3
0, 0, 0, 0, 3, 3, 3, 3
0, 0, 0, 0, 3, 3, 3, 3
0, 0, 0, 0, 3, 3, 3, 3
0, 0, 0, 0, 3, 3, 3, 3
0, 0, 0, 0, 3, 3, 3, 3
0, 0, 0, 0, 0, 0, 3, 3
0, 0, 0, 0, 0, 0, 3, 3
0, 0, 0, 0, 0, 0, 3, 1
0, 0, 0, 3, 1, 1, 1, 1
0, 0, 0, 0, 3, 3, 3, 3
0, 0, 0, 0, 3, 3, 3, 3
0, 0, 0, 0, 3, 3, 3, 3
0, 0, 0, 0, 3, 3, 3, 3
0, 0, 0, 0, 3, 3, 3, 3
0, 0, 0, 0, 3, 3, 3, 3
0, 0, 0, 0, 3, 3, 3, 3
0, 0, 0, 0, 3, 3, 3, 3
0, 0, 0, 0, 0, 0, 3, 1
0, 0, 0, 0, 3, 3, 3, 3
0, 0, 0, 0, 3, 3, 1, 1
0, 0, 3, 3, 3, 3, 3, 3
0, 0, 0, 3, 1, 1, 1, 1
0, 0, 0, 0, 3, 3, 3, 3
0, 0, 0, 3, 1, 1, 1, 1
0, 0, 0, 0, 0, 0, 3, 1
0, 0, 0, 0, 3, 3, 3, 3
0, 0, 0, 3, 1, 1, 1, 1
0, 0, 3, 3, 3, 3, 3, 3
0, 0, 0, 0, 0, 0, 3, 1
0, 0, 0, 0, 0, 3, 3, 3
0, 0, 0, 0, 0, 0, 0, 3
0, 0, 0, 0, 0, 3, 3, 3
0, 0, 0, 0, 0, 0, 0, 3
0, 0, 0, 0, 0, 0, 0, 3
0, 0, 0, 0, 0, 0, 0, 3
0, 0, 0, 3, 1, 1, 1, 1
0, 0, 0, 0, 0, 0, 3, 1
0, 0, 0, 0, 0, 3, 3, 3
0, 0, 0, 0, 3, 3, 3, 3
0, 0, 0, 0, 3, 3, 3, 3
0, 0, 0, 0, 0, 3, 3, 3
0, 0, 0, 0, 0, 0, 3, 3
0, 0, 0, 0, 3, 3, 3, 3
0, 0, 0, 0, 0, 0, 3, 1
0, 0, 0, 0, 0, 0, 3, 3
0, 0, 0, 0, 0, 3, 3, 1
0, 0, 0, 0, 3, 3, 3, 3
0, 0, 0, 0, 0, 3, 3, 3
0, 0, 0, 0, 0, 3, 3, 3
0, 0, 0, 0, 0, 0, 3, 3
0, 0, 0, 0, 0, 3, 3, 1
0, 0, 0, 0, 3, 3, 3, 3
0, 0, 0, 0, 0, 0, 3, 1
0, 0, 0, 0, 3, 3, 3, 3
0, 0, 0, 0, 3, 3, 3, 3
0, 0, 0, 0, 3, 3, 3, 3
0, 0, 0, 0, 0, 0, 3, 1
0, 0, 0, 0, 0, 3, 1, 1
0, 0, 0, 0, 0, 3, 3, 1
0, 0, 0, 0, 0, 3, 3, 1
0, 0, 0, 0, 0, 0, 3, 3
0, 0, 0, 0, 0, 0, 3, 1
0, 0, 0, 0, 0, 0, 3, 3
0, 0, 0, 0, 0, 0, 3, 3
0, 0, 0, 0, 3, 3, 3, 3
0, 0, 0, 3, 1, 1, 1, 1
0, 0, 0, 0, 0, 0, 0, 3
0, 3, 3, 3, 3, 3, 3, 3
0, 0, 0, 0, 3, 3, 3, 3
0, 0, 0, 0, 3, 3, 3, 3
0, 0, 0, 0, 3, 3, 3, 3
0, 0, 0, 0, 3, 3, 1, 1
0, 0, 0, 3, 1, 1, 1, 1
0, 0, 3, 2, 2, 2, 2, 2
0, 0, 0, 0, 3, 3, 3, 3
0, 0, 0, 3, 1, 1, 1, 1
0, 0, 0, 3, 1, 1, 1, 1
0, 0, 0, 0, 3, 3, 3, 3
0, 0, 0, 3, 1, 1, 1, 1
0, 0, 0, 3, 1, 1, 1, 1
0, 0, 0, 0, 0, 3, 3, 3
0, 0, 0, 0, 3, 3, 3, 3
0, 0, 0, 0, 0, 0, 0, 3
0, 0, 0, 0, 0, 3, 3, 1
0, 0, 0, 0, 3, 3, 3, 3
0, 0, 0, 3, 1, 1, 1, 1
0, 0, 0, 0, 0, 3, 1, 1
0, 0, 0, 0, 0, 3, 1, 1
0, 0, 0, 0, 0, 3, 1, 1
0, 0, 0, 0, 0, 3, 1, 1
0, 0, 0, 0, 3, 3, 3, 3
0, 0, 0, 3, 1, 1, 1, 1
0, 0, 0, 0, 3, 3, 3, 3
0, 0, 0, 0, 0, 0, 0, 3
0, 0, 0, 0, 3, 3, 3, 3
0, 0, 0, 3, 1, 1, 1, 1
0, 0, 3, 3, 3, 3, 3, 3
0, 0, 0, 0, 0, 0, 3, 1
0, 0, 0, 0, 0, 3, 3, 1
0, 0, 0, 0, 0, 0, 3, 1
0, 0, 0, 0, 0, 0, 3, 1
0, 0, 0, 0, 3, 3, 3, 3
0, 0, 0, 0, 3, 3, 3, 3
0, 0, 0, 0, 3, 3, 3, 3
0, 0, 0, 3, 1, 1, 1, 1
0, 0, 0, 0, 3, 3, 3, 3
0, 0, 0, 0, 3, 3, 3, 3
0, 0, 0, 0, 0, 3, 3, 3
0, 0, 0, 0, 0, 0, 3, 3
0, 0, 0, 0, 0, 3, 3, 3
0, 0, 0, 0, 3, 3, 3, 3
0, 0, 0, 0, 3, 3, 3, 3
0, 0, 0, 0, 0, 0, 3, 3
0, 0, 0, 0, 0, 0, 0, 3
0, 0, 0, 0, 0, 0, 0, 3
0, 0, 0, 0, 0, 0, 0, 3
0, 0, 0, 0, 0, 0, 3, 3
0, 0, 0, 0, 0, 0, 3, 3
0, 0, 0, 0, 0, 0, 0, 3
0, 0, 0, 0, 0, 3, 3, 3
0, 0, 0, 0, 0, 3, 1, 1
0, 0, 0, 0, 0, 3, 1, 1
0, 0, 0, 0, 0, 3, 3, 3
0, 0, 3, 3, 3, 3, 3, 3
0, 0, 0, 0, 3, 3, 3, 3
0, 0, 0, 3, 1, 1, 1, 1
0, 0, 0, 0, 3, 3, 3, 3
0, 0, 0, 0, 3, 3, 3, 3
0, 0, 0, 0, 3, 3, 3, 3
0, 0, 0, 0, 3, 3, 3, 3
0, 0, 3, 2, 2, 2, 2, 2
0, 0, 0, 0, 0, 3, 3, 3
0, 0, 0, 3, 1, 1, 1, 1
0, 0, 0, 0, 3, 3, 3, 3
0, 0, 0, 0, 3, 3, 3, 3
0, 0, 0, 0, 0, 3, 3, 1
0, 0, 0, 0, 3, 3, 3, 3
0, 0, 0, 0, 3, 3, 3, 3
0, 0, 0, 0, 0, 3, 1, 1
0, 0, 0, 0, 0, 0, 3, 1
0, 0, 0, 0, 0, 3, 1, 1
0, 0, 0, 0, 0, 0, 3, 1
0, 0, 3, 3, 3, 3, 3, 3
0, 0, 0, 0, 0, 3, 3, 3
0, 0, 0, 0, 0, 3, 3, 3
0, 0, 0, 0, 0, 3, 1, 1
0, 0, 0, 0, 0, 3, 1, 1
0, 0, 3, 3, 3, 3, 3, 3
0, 0, 0, 0, 0, 0, 3, 3
0, 0, 0, 0, 0, 0, 0, 3
0, 0, 0, 0, 0, 0, 3, 1
0, 0, 3, 3, 3, 3, 3, 3
0, 0, 0, 0, 0, 0, 0, 3
0, 0, 0, 0, 0, 0, 3, 1
0, 0, 3, 3, 3, 3, 3, 3
0, 0, 0, 0, 0, 0, 3, 1
0, 0, 0, 0, 0, 0, 3, 1
0, 3, 3, 3, 3, 3, 3, 3
0, 0, 0, 0, 3, 3, 1, 1
0, 0, 0, 0, 0, 3, 1, 1
0, 0, 0, 0, 3, 3, 3, 3
0, 0, 0, 0, 0, 3, 1, 1
0, 0, 0, 0, 0, 0, 0, 3
0, 0, 0, 0, 0, 3, 3, 1
0, 0, 0, 0, 0, 0, 0, 3
0, 3, 3, 3, 3, 3, 3, 3
0, 0, 0, 0, 0, 3, 1, 1
0, 0, 0, 0, 3, 1, 1, 1
0, 0, 0, 0, 0, 3, 1, 1
0, 0, 0, 0, 0, 3, 3, 1
0, 0, 0, 0, 0, 3, 3, 1
0, 0, 0, 0, 0, 0, 3, 3
0, 0, 0, 0, 0, 3, 1, 1
0, 0, 0, 0, 0, 0, 0, 3
0, 0, 0, 0, 0, 3, 1, 1
0, 0, 0, 0, 0, 0, 0, 3
0, 0, 3, 3, 3, 3, 3, 3
0, 0, 0, 0, 3, 1, 1, 1
0, 0, 0, 0, 0, 3, 3, 3
0, 0, 0, 0, 0, 3, 1, 1
0, 0, 3, 3, 3, 3, 3, 3
0, 3, 3, 3, 3, 3, 3, 3
0, 0, 0, 0, 0, 0, 0, 3
0, 0, 0, 0, 0, 0, 3, 1
0, 3, 3, 3, 3, 3, 3, 3
0, 0, 0, 0, 3, 3, 3, 3
0, 0, 0, 0, 3, 3, 3, 3
0, 0, 0, 0, 0, 3, 3, 3
0, 0, 0, 0, 0, 0, 3, 1
0, 0, 0, 0, 0, 0, 3, 3
0, 0, 0, 0, 0, 0, 3, 1
0, 0, 0, 0, 0, 0, 0, 3
0, 3, 3, 1, 1, 1, 1, 1
0, 0, 0, 0, 0, 0, 3, 1
0, 0, 3, 3, 3, 3, 3, 3
0, 0, 0, 3, 1, 1, 1, 1
0, 0, 0, 0, 0, 3, 3, 3
0, 0, 0, 0, 0, 0, 3, 3
0, 0, 0, 0, 0, 0, 3, 3
0, 0, 0, 0, 0, 0, 3, 1
0, 0, 0, 0, 0, 3, 3, 3
0, 0, 0, 0, 0, 3, 1, 1
0, 0, 0, 0, 0, 0, 3, 3
0, 0, 0, 0, 0, 3, 1, 1
0, 0, 0, 0, 3, 3, 3, 3
0, 0, 0, 0, 0, 3, 3, 3
0, 0, 0, 0, 3, 3, 3, 3
0, 0, 0, 0, 0, 0, 3, 1
0, 0, 0, 0, 0, 3, 3, 3
0, 0, 0, 0, 0, 3, 3, 3
0, 0, 0, 0, 0, 3, 1, 1
0, 0, 0, 0, 0, 3, 1, 1
0, 0, 0, 0, 3, 3, 1, 1
0, 0, 0, 0, 0, 0, 0, 3
0, 0, 0, 0, 0, 0, 0, 3
0, 0, 0, 0, 0, 0, 0, 3
0, 0, 0, 0, 0, 0, 0, 3
0, 0, 0, 0, 0, 0, 0, 3
0, 3, 3, 1, 1, 1, 1, 1
0, 0, 0, 0, 3, 3, 3, 1
0, 0, 0, 0, 3, 3, 3, 3
0, 0, 0, 3, 1, 1, 1, 1
0, 0, 0, 0, 3, 3, 3, 3
0, 0, 0, 0, 0, 3, 3, 3
0, 0, 0, 0, 3, 3, 3, 3
0, 0, 0, 0, 0, 3, 3, 3
0, 0, 0, 0, 3, 3, 3, 3
0, 0, 0, 0, 3, 3, 3, 3
0, 0, 0, 0, 3, 3, 3, 3
0, 0, 0, 0, 3, 3, 3, 3
0, 0, 0, 0, 0, 0, 3, 1
0, 0, 0, 0, 0, 0, 0, 3
0, 0, 0, 0, 0, 3, 3, 3
0, 0, 0, 3, 1, 1, 1, 1
0, 0, 0, 0, 0, 0, 0, 3
0, 0, 3, 3, 3, 3, 3, 3
0, 0, 0, 0, 0, 0, 3, 1
0, 0, 0, 0, 3, 3, 3, 3
0, 0, 0, 0, 3, 3, 3, 3
0, 0, 0, 0, 0, 0, 3, 1
0, 0, 0, 0, 3, 3, 3, 3
0, 0, 0, 0, 3, 3, 3, 3
0, 0, 0, 0, 3, 3, 3, 3
0, 0, 0, 0, 0, 3, 3, 3
0, 0, 0, 0, 3, 3, 3, 3
0, 0, 0, 0, 3, 3, 3, 3
0, 0, 0, 0, 3, 3, 3, 3
0, 0, 0, 0, 0, 0, 3, 3
0, 0, 0, 0, 3, 3, 3, 3
0, 0, 0, 0, 3, 3, 3, 3
0, 0, 0, 0, 0, 3, 3, 3
0, 0, 0, 0, 0, 3, 3, 3
0, 3, 3, 1, 1, 1, 1, 1
0, 0, 0, 0, 3, 3, 3, 3
0, 0, 0, 0, 3, 3, 3, 3
0, 0, 0, 0, 3, 3, 3, 3
0, 0, 3, 3, 3, 3, 3, 3
0, 0, 0, 0, 3, 3, 3, 3
0, 0, 0, 0, 3, 3, 3, 3
0, 0, 3, 3, 3, 3, 3, 3
0, 0, 0, 0, 3, 3, 3, 3
0, 0, 0, 0, 0, 0, 0, 3
0, 0, 0, 0, 0, 0, 3, 3
0, 0, 0, 0, 0, 3, 3, 1
0, 0, 0, 0, 3, 3, 3, 1
0, 0, 0, 0, 3, 3, 3, 3
0, 0, 0, 0, 3, 3, 3, 3
0, 0, 0, 0, 0, 0, 3, 3
0, 0, 0, 3, 1, 1, 1, 1
0, 0, 0, 0, 0, 3, 3, 3
0, 0, 0, 0, 0, 0, 3, 3
0, 0, 0, 0, 0, 0, 3, 3
0, 0, 0, 0, 0, 0, 3, 3
0, 0, 3, 3, 3, 3, 3, 3
0, 0, 0, 0, 3, 3, 3, 3
0, 0, 0, 3, 1, 1, 1, 1
0, 0, 0, 0, 3, 3, 3, 3
0, 0, 0, 0, 0, 3, 3, 3
0, 0, 0, 0, 3, 3, 3, 3
0, 0, 0, 0, 0, 0, 3, 3
0, 0, 0, 0, 3, 3, 3, 3
0, 0, 0, 0, 3, 3, 3, 3
0, 0, 0, 0, 3, 3, 3, 3
0, 0, 0, 0, 3, 3, 3, 3
0, 0, 0, 0, 3, 3, 3, 3
0, 0, 0, 0, 3, 3, 3, 3
0, 0, 0, 0, 0, 0, 3, 1
0, 0, 0, 3, 1, 1, 1, 1
0, 0, 0, 0, 0, 0, 0, 3
0, 0, 0, 0, 3, 3, 3, 3
0, 0, 3, 3, 3, 3, 3, 2
0, 0, 0, 3, 1, 1, 1, 1
0, 0, 0, 0, 3, 3, 3, 3
0, 0, 0, 0, 3, 3, 3, 3
0, 0, 0, 3, 1, 1, 1, 1
0, 0, 0, 0, 3, 3, 3, 3
0, 0, 0, 0, 0, 3, 3, 3
0, 0, 0, 0, 0, 3, 3, 3
0, 0, 0, 0, 0, 3, 3, 3
0, 0, 0, 3, 1, 1, 1, 1
0, 0, 3, 3, 3, 3, 3, 3
0, 0, 0, 0, 3, 1, 1, 1
0, 0, 0, 0, 3, 3, 3, 3
0, 0, 0, 0, 0, 0, 3, 3
0, 0, 0, 0, 0, 0, 3, 3
0, 0, 0, 0, 0, 0, 0, 3
0, 0, 0, 0, 3, 3, 3, 3
0, 0, 0, 3, 1, 1, 1, 1
0, 0, 0, 0, 3, 3, 3, 3
0, 0, 0, 0, 3, 3, 3, 3
0, 0, 0, 0, 3, 3, 3, 3
0, 0, 0, 0, 0, 3, 3, 3
0, 0, 0, 0, 3, 3, 3, 3
0, 0, 0, 3, 1, 1, 1, 1
0, 0, 0, 0, 3, 1, 1, 1
0, 0, 0, 0, 0, 3, 3, 3
0, 0, 0, 3, 1, 1, 1, 1
0, 0, 0, 0, 3, 3, 3, 3
0, 0, 3, 1, 1, 1, 1, 1
0, 0, 0, 0, 3, 3, 3, 3
0, 0, 3, 3, 3, 3, 1, 1
0, 0, 0, 0, 3, 3, 3, 3
0, 0, 0, 0, 3, 3, 3, 3
0, 0, 0, 0, 0, 3, 3, 3
0, 0, 3, 3, 3, 3, 3, 3
0, 0, 0, 3, 1, 1, 1, 1
0, 0, 0, 0, 3, 3, 3, 3
0, 0, 0, 0, 0, 0, 3, 3
0, 0, 0, 0, 0, 3, 1, 1
0, 0, 0, 0, 3, 3, 3, 3
0, 0, 0, 0, 0, 0, 0, 3
0, 0, 0, 0, 0, 0, 3, 3
0, 0, 0, 0, 0, 0, 0, 3
0, 0, 0, 0, 0, 0, 3, 3
0, 0, 3, 1, 1, 1, 1, 1
0, 0, 0, 3, 1, 1, 1, 1
0, 0, 0, 3, 1, 1, 1, 1
0, 0, 0, 0, 0, 0, 0, 3
0, 0, 0, 0, 3, 3, 3, 3
0, 0, 0, 0, 0, 0, 0, 3
0, 0, 0, 3, 1, 1, 1, 1
0, 0, 0, 0, 0, 0, 3, 1
0, 0, 0, 0, 3, 3, 3, 3
0, 0, 0, 0, 3, 3, 3, 3
0, 0, 0, 0, 3, 3, 3, 3
0, 0, 0, 0, 0, 3, 1, 1
0, 0, 0, 0, 0, 0, 0, 3
0, 0, 0, 0, 3, 3, 3, 3
0, 0, 0, 0, 0, 3, 3, 3
0, 0, 0, 0, 3, 3, 3, 3
0, 0, 0, 0, 3, 3, 3, 3
0, 0, 0, 0, 3, 3, 3, 3
0, 0, 0, 0, 0, 0, 0, 3
0, 0, 0, 0, 0, 0, 0, 3
0, 0, 0, 0, 0, 0, 0, 3
0, 0, 0, 0, 0, 0, 3, 1
0, 0, 0, 0, 0, 0, 3, 1
0, 0, 0, 3, 1, 1, 1, 1
0, 0, 0, 0, 0, 3, 3, 3
0, 0, 0, 0, 0, 3, 3, 3
0, 0, 0, 0, 3, 3, 3, 3
0, 0, 0, 0, 0, 3, 3, 3
0, 0, 0, 0, 0, 3, 3, 3
0, 0, 0, 0, 0, 3, 3, 3
0, 0, 0, 0, 3, 3, 3, 3
0, 0, 0, 0, 0, 3, 3, 3
0, 0, 0, 0, 3, 3, 3, 3
0, 0, 0, 0, 0, 0, 3, 3
0, 0, 0, 0, 3, 3, 3, 3
0, 0, 0, 0, 3, 3, 3, 3
0, 0, 0, 0, 0, 0, 0, 3
0, 0, 0, 3, 1, 1, 1, 1
0, 0, 0, 0, 3, 3, 3, 3
0, 0, 0, 0, 0, 0, 0, 3
0, 0, 0, 0, 0, 3, 3, 3
0, 0, 0, 0, 0, 3, 3, 3
0, 0, 0, 0, 0, 3, 3, 3
0, 0, 0, 0, 0, 3, 3, 3
0, 0, 0, 0, 3, 1, 1, 1
0, 0, 0, 0, 0, 3, 3, 3
0, 0, 0, 3, 1, 1, 1, 1
0, 0, 0, 3, 1, 1, 1, 1
0, 0, 3, 3, 3, 3, 3, 3
0, 0, 0, 0, 3, 1, 1, 1
0, 0, 0, 0, 3, 3, 3, 3
0, 0, 0, 0, 3, 3, 3, 3
0, 0, 0, 0, 0, 3, 3, 3
0, 0, 0, 0, 0, 0, 3, 3
0, 0, 0, 0, 0, 0, 3, 3
0, 0, 0, 3, 1, 1, 1, 1
0, 0, 0, 3, 1, 1, 1, 1
0, 0, 0, 0, 3, 3, 3, 3
0, 0, 0, 0, 0, 0, 0, 3
0, 0, 0, 0, 0, 0, 0, 3
0, 0, 0, 0, 0, 3, 3, 3
0, 0, 0, 0, 0, 3, 3, 3
0, 0, 0, 0, 0, 3, 3, 3
0, 0, 0, 0, 0, 3, 3, 3
0, 0, 0, 0, 0, 3, 3, 3
0, 0, 0, 0, 0, 3, 3, 3
0, 0, 0, 0, 0, 3, 3, 3
0, 0, 0, 0, 0, 3, 3, 3
