Position, Gene, Allele, Annotation, Test statistic, P-value, Deletion index, Fold reduction, Deletion P-value, Duplication index, Fold increase, Duplication pvalue, Passed?, AC:100, DP:100, AC:200, DP:200, AC:300, DP:300, AC:400, DP:400, AC:500, DP:500, AC:600, DP:600, AC:700, DP:700
6225, B4U62_RS00030, G->T, missense, -0.571016197755, 0.3826, 7, 1, 1, 1, 1, 1, FAIL, 1.0, 164.0, 1.0, 26.0, 14.0, 94.0, 2.0, 103.0, 9.0, 224.0, 5.0, 73.0, 5.0, 78.0
35988, B4U62_RS22295, C->A, synonymous, -0.178008709711, 0.3847, 7, 1, 1, 1, 1, 1, FAIL, 23.0, 344.0, 1.0, 5.0, 7.0, 90.0, 9.0, 70.0, 9.0, 235.0, 1.0, 22.0, 6.0, 89.0
35993, B4U62_RS22295, G->T, missense, -0.530558387048, 0.3871, 7, 1, 1, 1, 1, 1, FAIL, 15.0, 345.0, 0.0, 7.0, 2.0, 89.0, 10.0, 70.0, 3.0, 231.0, 0.0, 23.0, 1.0, 88.0
44925, B4U62_RS22370, A->G, missense, 1.41903124533, 0.0998, 7, 1, 1, 1, 1, 1, PASS, 0.0, 221.0, 0.0, 26.0, 0.0, 49.0, 0.0, 60.0, 33.0, 152.0, 11.0, 23.0, 27.0, 71.0
45179, B4U62_RS22370, C->T, nonsense, -0.6056726361, 0.3408, 7, 1, 1, 1, 1, 1, FAIL, 2.0, 201.0, 0.0, 0.0, 18.0, 33.0, 3.0, 10.0, 24.0, 101.0, 1.0, 4.0, 9.0, 53.0
52963, B4U62_RS22410, C->A, synonymous, -4.92105263158, 0.3992, 7, 1, 1, 1, 1, 1, FAIL, 3.0, 244.0, 0.0, 0.0, 2.0, 100.0, 0.0, 33.0, 3.0, 304.0, 3.0, 13.0, 1.0, 105.0
58670, B4U62_RS00315, C->T, missense, 0.0935132342227, 0.2794, 7, 1, 1, 1, 1, 1, FAIL, 62.0, 527.0, 112.0, 410.0, 118.0, 234.0, 195.0, 390.0, 65.0, 391.0, 43.0, 273.0, 56.0, 261.0
108716, B4U62_RS00590, A->G, missense, 0.453531244259, 0.1897, 7, 1, 1, 1, 1, 1, FAIL, 0.0, 293.0, 0.0, 8.0, 3.0, 98.0, 25.0, 72.0, 183.0, 234.0, 47.0, 64.0, 110.0, 166.0
122719, B4U62_RS00685, T->C, missense, 0.584583094632, 0.2061, 7, 1, 1, 1, 1, 1, FAIL, 0.0, 199.0, 0.0, 75.0, 0.0, 84.0, 13.0, 54.0, 14.0, 158.0, 1.0, 55.0, 5.0, 159.0
177034, B4U62_RS01025, T->G, noncoding, -0.218814186975, 0.3227, 7, 1, 1, 1, 1, 1, FAIL, 23.0, 188.0, 0.0, 0.0, 12.0, 37.0, 11.0, 20.0, 7.0, 78.0, 0.0, 0.0, 16.0, 48.0
177038, B4U62_RS01025, C->A, noncoding, 0.0665431660934, 0.3375, 7, 1, 1, 1, 1, 1, FAIL, 3.0, 183.0, 0.0, 0.0, 5.0, 37.0, 8.0, 19.0, 19.0, 75.0, 0.0, 0.0, 8.0, 46.0
177038, B4U62_RS01025, C->G, noncoding, -0.188295056843, 0.3511, 7, 1, 1, 1, 1, 1, FAIL, 12.0, 183.0, 0.0, 0.0, 9.0, 37.0, 6.0, 19.0, 5.0, 75.0, 0.0, 0.0, 10.0, 46.0
177043, B4U62_RS01025, C->A, noncoding, 0.0481386826826, 0.3435, 7, 1, 1, 1, 1, 1, FAIL, 9.0, 183.0, 0.0, 0.0, 10.0, 35.0, 5.0, 17.0, 15.0, 75.0, 0.0, 0.0, 10.0, 46.0
177043, B4U62_RS01025, C->T, noncoding, -0.30027021972, 0.3747, 7, 1, 1, 1, 1, 1, FAIL, 12.0, 183.0, 0.0, 0.0, 4.0, 35.0, 2.0, 17.0, 3.0, 75.0, 0.0, 0.0, 9.0, 46.0
177043, B4U62_RS01025, C->G, noncoding, -0.128151258537, 0.3529, 7, 1, 1, 1, 1, 1, FAIL, 7.0, 183.0, 0.0, 0.0, 6.0, 35.0, 4.0, 17.0, 5.0, 75.0, 0.0, 0.0, 8.0, 46.0
177049, B4U62_RS01025, C->A, noncoding, 0.318063505026, 0.2712, 7, 1, 1, 1, 1, 1, FAIL, 8.0, 171.0, 0.0, 0.0, 9.0, 32.0, 9.0, 17.0, 17.0, 68.0, 0.0, 0.0, 11.0, 40.0
177049, B4U62_RS01025, C->T, noncoding, -0.98702264856, 0.3726, 7, 1, 1, 1, 1, 1, FAIL, 9.0, 171.0, 0.0, 0.0, 2.0, 32.0, 3.0, 17.0, 1.0, 68.0, 0.0, 0.0, 8.0, 40.0
177051, B4U62_RS01025, C->A, noncoding, 0.45913135761, 0.2192, 7, 1, 1, 1, 1, 1, FAIL, 8.0, 175.0, 0.0, 0.0, 9.0, 31.0, 7.0, 17.0, 10.0, 68.0, 0.0, 0.0, 12.0, 40.0
177052, B4U62_RS01025, C->A, noncoding, -1.49573928545, 0.367, 7, 1, 1, 1, 1, 1, FAIL, 6.0, 173.0, 0.0, 0.0, 1.0, 31.0, 3.0, 17.0, 0.0, 68.0, 0.0, 0.0, 4.0, 40.0
177054, B4U62_RS01025, G->C, noncoding, -0.40392823036, 0.3625, 7, 1, 1, 1, 1, 1, FAIL, 3.0, 171.0, 0.0, 0.0, 4.0, 31.0, 3.0, 17.0, 2.0, 67.0, 0.0, 0.0, 6.0, 40.0
177055, B4U62_RS01025, T->G, noncoding, -0.301957036926, 0.3538, 7, 1, 1, 1, 1, 1, FAIL, 6.0, 173.0, 0.0, 0.0, 10.0, 31.0, 6.0, 17.0, 3.0, 67.0, 0.0, 0.0, 8.0, 39.0
177060, B4U62_RS01025, T->A, noncoding, -0.344788635486, 0.349, 7, 1, 1, 1, 1, 1, FAIL, 9.0, 166.0, 0.0, 0.0, 6.0, 31.0, 3.0, 17.0, 3.0, 65.0, 0.0, 0.0, 9.0, 40.0
177068, B4U62_RS01025, G->A, noncoding, -0.152080437282, 0.3517, 7, 1, 1, 1, 1, 1, FAIL, 13.0, 166.0, 0.0, 0.0, 6.0, 28.0, 4.0, 17.0, 3.0, 63.0, 0.0, 0.0, 7.0, 43.0
177069, B4U62_RS01025, C->A, noncoding, -0.31808324466, 0.3603, 7, 1, 1, 1, 1, 1, FAIL, 9.0, 170.0, 0.0, 0.0, 5.0, 29.0, 4.0, 17.0, 2.0, 69.0, 0.0, 0.0, 7.0, 43.0
177070, B4U62_RS01025, T->A, noncoding, -0.537116215917, 0.3664, 7, 1, 1, 1, 1, 1, FAIL, 8.0, 171.0, 0.0, 0.0, 5.0, 28.0, 1.0, 17.0, 2.0, 67.0, 0.0, 0.0, 4.0, 42.0
177071, B4U62_RS01025, C->A, noncoding, 0.0706860205973, 0.3435, 7, 1, 1, 1, 1, 1, FAIL, 11.0, 173.0, 0.0, 0.0, 6.0, 28.0, 5.0, 17.0, 10.0, 68.0, 0.0, 0.0, 9.0, 42.0
177076, B4U62_RS01025, T->A, noncoding, -0.00174568486983, 0.3385, 7, 1, 1, 1, 1, 1, FAIL, 13.0, 192.0, 0.0, 0.0, 9.0, 34.0, 3.0, 17.0, 9.0, 74.0, 0.0, 0.0, 11.0, 47.0
177078, B4U62_RS01025, C->A, noncoding, 0.0257094095207, 0.3277, 7, 1, 1, 1, 1, 1, FAIL, 15.0, 200.0, 0.0, 0.0, 11.0, 34.0, 8.0, 17.0, 14.0, 73.0, 0.0, 0.0, 18.0, 49.0
177081, B4U62_RS01025, T->A, noncoding, -0.520951814152, 0.3545, 7, 1, 1, 1, 1, 1, FAIL, 9.0, 198.0, 0.0, 0.0, 9.0, 33.0, 4.0, 17.0, 4.0, 73.0, 0.0, 0.0, 15.0, 49.0
177083, B4U62_RS01025, G->A, noncoding, -0.509425455091, 0.3597, 7, 1, 1, 1, 1, 1, FAIL, 5.0, 194.0, 0.0, 0.0, 7.0, 32.0, 4.0, 15.0, 0.0, 72.0, 0.0, 0.0, 6.0, 48.0
177088, B4U62_RS01025, G->T, noncoding, 0.301600778966, 0.2772, 7, 1, 1, 1, 1, 1, FAIL, 11.0, 186.0, 0.0, 0.0, 8.0, 28.0, 8.0, 14.0, 13.0, 70.0, 0.0, 0.0, 9.0, 45.0
177092, B4U62_RS01025, C->G, noncoding, -0.182751762132, 0.3401, 7, 1, 1, 1, 1, 1, FAIL, 11.0, 192.0, 0.0, 0.0, 8.0, 29.0, 5.0, 14.0, 4.0, 69.0, 0.0, 0.0, 9.0, 45.0
177099, B4U62_RS01025, A->T, noncoding, -0.0637778276561, 0.3413, 7, 1, 1, 1, 1, 1, FAIL, 9.0, 227.0, 0.0, 0.0, 4.0, 43.0, 6.0, 20.0, 8.0, 86.0, 0.0, 1.0, 9.0, 54.0
177106, B4U62_RS01025, A->T, noncoding, -0.103290783931, 0.3546, 7, 1, 1, 1, 1, 1, FAIL, 10.0, 235.0, 0.0, 0.0, 8.0, 45.0, 5.0, 23.0, 6.0, 88.0, 0.0, 1.0, 9.0, 57.0
177107, B4U62_RS01025, C->A, noncoding, 0.232651787261, 0.319, 7, 1, 1, 1, 1, 1, FAIL, 9.0, 237.0, 0.0, 0.0, 9.0, 47.0, 9.0, 25.0, 15.0, 92.0, 0.0, 1.0, 12.0, 57.0
177123, B4U62_RS01025, A->T, noncoding, -0.152056675799, 0.3594, 7, 1, 1, 1, 1, 1, FAIL, 7.0, 226.0, 0.0, 0.0, 5.0, 46.0, 4.0, 24.0, 3.0, 91.0, 0.0, 1.0, 5.0, 49.0
177137, B4U62_RS01025, G->T, synonymous, 0.592534338496, 0.18, 7, 1, 1, 1, 1, 1, FAIL, 3.0, 229.0, 0.0, 0.0, 1.0, 47.0, 4.0, 23.0, 8.0, 98.0, 0.0, 2.0, 5.0, 48.0
177252, B4U62_RS01025, G->A, missense, -0.70571831224, 0.3954, 7, 1, 1, 1, 1, 1, FAIL, 1.0, 217.0, 3.0, 22.0, 3.0, 50.0, 1.0, 39.0, 2.0, 41.0, 1.0, 26.0, 1.0, 42.0
177257, B4U62_RS01025, C->A, synonymous, -0.200641263185, 0.3851, 7, 1, 1, 1, 1, 1, FAIL, 6.0, 214.0, 6.0, 23.0, 7.0, 46.0, 4.0, 35.0, 1.0, 31.0, 5.0, 29.0, 3.0, 40.0
177258, B4U62_RS01025, G->C, missense, -3.17501235178, 0.4012, 7, 1, 1, 1, 1, 1, FAIL, 1.0, 220.0, 3.0, 23.0, 2.0, 49.0, 2.0, 39.0, 1.0, 33.0, 2.0, 37.0, 1.0, 42.0
177264, B4U62_RS01025, C->A, missense, 0.343887983751, 0.1388, 7, 1, 1, 1, 1, 1, FAIL, 4.0, 217.0, 3.0, 23.0, 4.0, 48.0, 7.0, 39.0, 2.0, 34.0, 4.0, 39.0, 4.0, 43.0
191908, B4U62_RS01080, G->T, nonsense, -1.54832387664, 0.3982, 7, 1, 1, 1, 1, 1, FAIL, 3.0, 192.0, 1.0, 300.0, 2.0, 68.0, 1.0, 161.0, 22.0, 107.0, 0.0, 136.0, 1.0, 64.0
218383, B4U62_RS01230, G->T, missense, -0.211887504554, 0.3163, 7, 1, 1, 1, 1, 1, FAIL, 8.0, 308.0, 8.0, 56.0, 5.0, 75.0, 8.0, 79.0, 9.0, 195.0, 6.0, 34.0, 4.0, 83.0
218388, B4U62_RS01230, G->T, nonsense, -0.252601338304, 0.3809, 7, 1, 1, 1, 1, 1, FAIL, 4.0, 307.0, 9.0, 60.0, 5.0, 74.0, 5.0, 84.0, 11.0, 201.0, 3.0, 37.0, 2.0, 82.0
218401, B4U62_RS01230, G->T, synonymous, -1.06135070361, 0.3894, 7, 1, 1, 1, 1, 1, FAIL, 6.0, 285.0, 3.0, 53.0, 1.0, 64.0, 2.0, 73.0, 3.0, 183.0, 4.0, 32.0, 0.0, 74.0
218403, B4U62_RS01230, G->T, nonsense, -0.150291350187, 0.2988, 7, 1, 1, 1, 1, 1, FAIL, 10.0, 280.0, 14.0, 53.0, 6.0, 62.0, 16.0, 72.0, 14.0, 181.0, 7.0, 31.0, 3.0, 74.0
218407, B4U62_RS01230, G->C, missense, -0.847819696351, 0.4005, 7, 1, 1, 1, 1, 1, FAIL, 6.0, 280.0, 4.0, 52.0, 1.0, 60.0, 4.0, 70.0, 2.0, 179.0, 5.0, 31.0, 1.0, 73.0
218413, B4U62_RS01230, G->T, missense, -0.464483236097, 0.2128, 7, 1, 1, 1, 1, 1, FAIL, 11.0, 277.0, 14.0, 51.0, 8.0, 60.0, 11.0, 67.0, 15.0, 183.0, 13.0, 29.0, 4.0, 72.0
218422, B4U62_RS01230, G->T, missense, -0.441805724083, 0.3797, 7, 1, 1, 1, 1, 1, FAIL, 6.0, 265.0, 8.0, 50.0, 4.0, 59.0, 3.0, 66.0, 8.0, 178.0, 4.0, 29.0, 1.0, 68.0
218425, B4U62_RS01230, G->T, missense, -0.182501728713, 0.2204, 7, 1, 1, 1, 1, 1, FAIL, 12.0, 267.0, 14.0, 50.0, 7.0, 60.0, 20.0, 65.0, 17.0, 176.0, 11.0, 29.0, 6.0, 68.0
218431, B4U62_RS01230, C->A, synonymous, -0.243338478032, 0.389, 7, 1, 1, 1, 1, 1, FAIL, 12.0, 260.0, 6.0, 48.0, 2.0, 62.0, 4.0, 61.0, 9.0, 186.0, 5.0, 28.0, 3.0, 71.0
218440, B4U62_RS01230, C->A, synonymous, -0.859748621857, 0.3461, 7, 1, 1, 1, 1, 1, FAIL, 17.0, 269.0, 8.0, 44.0, 3.0, 70.0, 10.0, 61.0, 5.0, 201.0, 9.0, 26.0, 4.0, 71.0
218447, B4U62_RS01230, G->T, synonymous, -0.422314414947, 0.3853, 7, 1, 1, 1, 1, 1, FAIL, 19.0, 264.0, 3.0, 40.0, 3.0, 67.0, 8.0, 56.0, 7.0, 201.0, 4.0, 24.0, 2.0, 68.0
218455, B4U62_RS01230, C->A, synonymous, -0.123759055605, 0.1874, 7, 1, 1, 1, 1, 1, FAIL, 34.0, 272.0, 8.0, 34.0, 16.0, 70.0, 9.0, 57.0, 7.0, 195.0, 10.0, 23.0, 13.0, 63.0
218462, B4U62_RS01230, T->A, synonymous, -0.394523223705, 0.4036, 7, 1, 1, 1, 1, 1, FAIL, 27.0, 256.0, 3.0, 30.0, 6.0, 67.0, 7.0, 56.0, 7.0, 187.0, 7.0, 21.0, 6.0, 61.0
218464, B4U62_RS01230, C->A, synonymous, -0.699336811679, 0.3914, 7, 1, 1, 1, 1, 1, FAIL, 6.0, 254.0, 2.0, 30.0, 1.0, 64.0, 2.0, 53.0, 5.0, 180.0, 3.0, 20.0, 2.0, 60.0
218466, B4U62_RS01230, G->C, missense, -0.163410375859, 0.2618, 7, 1, 1, 1, 1, 1, FAIL, 35.0, 246.0, 6.0, 27.0, 10.0, 64.0, 9.0, 49.0, 4.0, 178.0, 6.0, 19.0, 11.0, 57.0
218466, B4U62_RS01230, G->T, nonsense, -0.233945132755, 0.4016, 7, 1, 1, 1, 1, 1, FAIL, 22.0, 246.0, 3.0, 27.0, 7.0, 64.0, 10.0, 49.0, 15.0, 178.0, 6.0, 19.0, 5.0, 57.0
218469, B4U62_RS01230, A->C, synonymous, 0.07864481207, 0.4011, 7, 1, 1, 1, 1, 1, FAIL, 12.0, 245.0, 6.0, 27.0, 4.0, 66.0, 4.0, 49.0, 6.0, 174.0, 0.0, 18.0, 4.0, 57.0
218471, B4U62_RS01230, C->A, synonymous, -0.378218085747, 0.3686, 7, 1, 1, 1, 1, 1, FAIL, 28.0, 239.0, 5.0, 27.0, 12.0, 67.0, 8.0, 48.0, 3.0, 170.0, 5.0, 16.0, 0.0, 57.0
218475, B4U62_RS01230, A->C, missense, -0.302185767758, 0.3728, 7, 1, 1, 1, 1, 1, FAIL, 30.0, 238.0, 3.0, 27.0, 6.0, 67.0, 5.0, 48.0, 3.0, 176.0, 3.0, 15.0, 9.0, 61.0
218613, B4U62_RS01230, C->A, synonymous, -0.320897849309, 0.2908, 7, 1, 1, 1, 1, 1, FAIL, 26.0, 330.0, 4.0, 22.0, 14.0, 88.0, 5.0, 43.0, 4.0, 195.0, 7.0, 21.0, 7.0, 89.0
218620, B4U62_RS01230, C->A, missense, 0.0253865502155, 0.3749, 7, 1, 1, 1, 1, 1, FAIL, 22.0, 341.0, 4.0, 22.0, 12.0, 89.0, 5.0, 46.0, 5.0, 206.0, 3.0, 22.0, 5.0, 95.0
218635, B4U62_RS01230, C->A, missense, -0.166147330876, 0.4006, 7, 1, 1, 1, 1, 1, FAIL, 28.0, 364.0, 2.0, 31.0, 12.0, 100.0, 3.0, 51.0, 18.0, 230.0, 5.0, 27.0, 4.0, 96.0
218643, B4U62_RS01230, C->A, missense, 0.00500450165611, 0.3874, 7, 1, 1, 1, 1, 1, FAIL, 28.0, 391.0, 3.0, 34.0, 12.0, 100.0, 4.0, 53.0, 13.0, 226.0, 7.0, 31.0, 16.0, 89.0
218647, B4U62_RS01230, C->A, missense, -0.394684662544, 0.3267, 7, 1, 1, 1, 1, 1, FAIL, 27.0, 388.0, 5.0, 35.0, 8.0, 90.0, 7.0, 54.0, 5.0, 213.0, 8.0, 33.0, 5.0, 84.0
218652, B4U62_RS01230, C->A, missense, -0.247712223146, 0.3885, 7, 1, 1, 1, 1, 1, FAIL, 33.0, 382.0, 5.0, 40.0, 10.0, 91.0, 8.0, 57.0, 10.0, 216.0, 10.0, 38.0, 6.0, 86.0
218684, B4U62_RS01230, C->A, synonymous, -0.220328488279, 0.2261, 7, 1, 1, 1, 1, 1, FAIL, 29.0, 392.0, 6.0, 44.0, 10.0, 77.0, 14.0, 67.0, 6.0, 221.0, 11.0, 46.0, 14.0, 86.0
218708, B4U62_RS01230, C->A, synonymous, -0.173932902729, 0.2347, 7, 1, 1, 1, 1, 1, FAIL, 17.0, 502.0, 8.0, 42.0, 9.0, 104.0, 6.0, 95.0, 8.0, 260.0, 9.0, 54.0, 11.0, 106.0
342498, B4U62_RS01870, G->T, missense, -0.0583356225712, 0.4085, 7, 1, 1, 1, 1, 1, FAIL, 13.0, 240.0, 3.0, 18.0, 4.0, 89.0, 4.0, 92.0, 2.0, 109.0, 1.0, 48.0, 4.0, 97.0
387915, B4U62_RS02035, T->G, missense, -0.0925225627263, 0.4021, 7, 1, 1, 1, 1, 1, FAIL, 0.0, 391.0, 2.0, 526.0, 4.0, 143.0, 5.0, 295.0, 14.0, 119.0, 3.0, 207.0, 0.0, 190.0
402980, B4U62_RS02045, T->G, synonymous, -3.25202465069, 0.3904, 7, 1, 1, 1, 1, 1, FAIL, 5.0, 213.0, 1.0, 174.0, 1.0, 41.0, 2.0, 113.0, 5.0, 38.0, 1.0, 97.0, 1.0, 56.0
403027, B4U62_RS02045, T->G, synonymous, 0.120357947169, 0.3577, 7, 1, 1, 1, 1, 1, FAIL, 6.0, 207.0, 2.0, 206.0, 4.0, 45.0, 3.0, 118.0, 6.0, 35.0, 1.0, 103.0, 2.0, 58.0
408624, B4U62_RS02075, G->A, missense, -1.09070374002, 0.3818, 7, 1, 1, 1, 1, 1, FAIL, 1.0, 306.0, 2.0, 208.0, 3.0, 127.0, 0.0, 173.0, 14.0, 76.0, 4.0, 162.0, 2.0, 119.0
408627, B4U62_RS02075, G->T, nonsense, -0.237378786337, 0.414, 7, 1, 1, 1, 1, 1, FAIL, 4.0, 275.0, 3.0, 171.0, 5.0, 119.0, 3.0, 162.0, 14.0, 72.0, 6.0, 147.0, 4.0, 108.0
408631, B4U62_RS02075, G->T, missense, -0.701348117754, 0.3978, 7, 1, 1, 1, 1, 1, FAIL, 3.0, 275.0, 3.0, 163.0, 4.0, 124.0, 1.0, 166.0, 14.0, 75.0, 5.0, 152.0, 3.0, 110.0
408634, B4U62_RS02075, C->A, missense, -0.562975200656, 0.3819, 7, 1, 1, 1, 1, 1, FAIL, 6.0, 287.0, 2.0, 160.0, 10.0, 128.0, 3.0, 172.0, 14.0, 76.0, 5.0, 155.0, 4.0, 117.0
408637, B4U62_RS02075, G->C, missense, -0.717437737592, 0.4, 7, 1, 1, 1, 1, 1, FAIL, 2.0, 291.0, 2.0, 161.0, 3.0, 129.0, 1.0, 173.0, 12.0, 77.0, 3.0, 155.0, 3.0, 119.0
408640, B4U62_RS02075, G->T, missense, -0.464700384598, 0.3975, 7, 1, 1, 1, 1, 1, FAIL, 8.0, 302.0, 6.0, 164.0, 5.0, 136.0, 3.0, 192.0, 15.0, 87.0, 5.0, 163.0, 2.0, 122.0
408643, B4U62_RS02075, T->A, missense, -0.0594418180405, 0.4022, 7, 1, 1, 1, 1, 1, FAIL, 4.0, 308.0, 2.0, 165.0, 5.0, 143.0, 2.0, 193.0, 17.0, 88.0, 8.0, 167.0, 3.0, 123.0
408644, B4U62_RS02075, G->A, synonymous, -0.486302435772, 0.4033, 7, 1, 1, 1, 1, 1, FAIL, 2.0, 312.0, 1.0, 165.0, 1.0, 143.0, 1.0, 193.0, 12.0, 88.0, 4.0, 167.0, 2.0, 123.0
408648, B4U62_RS02075, T->A, missense, -1.18657870637, 0.4037, 7, 1, 1, 1, 1, 1, FAIL, 4.0, 324.0, 1.0, 164.0, 6.0, 149.0, 0.0, 196.0, 12.0, 93.0, 2.0, 170.0, 0.0, 124.0
408649, B4U62_RS02075, T->A, missense, -1.3182931408, 0.3904, 7, 1, 1, 1, 1, 1, FAIL, 3.0, 326.0, 2.0, 162.0, 7.0, 149.0, 1.0, 198.0, 12.0, 92.0, 1.0, 168.0, 2.0, 125.0
408650, B4U62_RS02075, G->A, synonymous, -1.52719507475, 0.4149, 7, 1, 1, 1, 1, 1, FAIL, 1.0, 324.0, 2.0, 162.0, 1.0, 148.0, 0.0, 200.0, 13.0, 92.0, 2.0, 168.0, 3.0, 125.0
450620, B4U62_RS02290, G->T, missense, -1.03916255892, 0.3855, 7, 1, 1, 1, 1, 1, FAIL, 1.0, 179.0, 2.0, 355.0, 2.0, 43.0, 1.0, 145.0, 13.0, 60.0, 2.0, 112.0, 0.0, 34.0
490601, B4U62_RS02485, A->C, synonymous, -0.328121847523, 0.3907, 7, 1, 1, 1, 1, 1, FAIL, 16.0, 203.0, 1.0, 7.0, 9.0, 47.0, 3.0, 45.0, 12.0, 89.0, 2.0, 20.0, 19.0, 60.0
490602, B4U62_RS02485, G->T, missense, -0.2037598663, 0.3816, 7, 1, 1, 1, 1, 1, FAIL, 7.0, 203.0, 0.0, 7.0, 0.0, 47.0, 2.0, 46.0, 5.0, 88.0, 3.0, 20.0, 1.0, 60.0
490609, B4U62_RS02485, T->A, missense, 0.0236150320585, 0.3729, 7, 1, 1, 1, 1, 1, FAIL, 6.0, 207.0, 0.0, 6.0, 5.0, 46.0, 5.0, 49.0, 16.0, 86.0, 2.0, 19.0, 6.0, 64.0
490612, B4U62_RS02485, G->T, missense, 0.064501359767, 0.3712, 7, 1, 1, 1, 1, 1, FAIL, 13.0, 208.0, 0.0, 5.0, 8.0, 46.0, 6.0, 49.0, 20.0, 85.0, 2.0, 19.0, 9.0, 64.0
490614, B4U62_RS02485, G->T, missense, -0.0897847119823, 0.3732, 7, 1, 1, 1, 1, 1, FAIL, 4.0, 201.0, 1.0, 5.0, 4.0, 48.0, 3.0, 47.0, 10.0, 85.0, 0.0, 19.0, 2.0, 62.0
490620, B4U62_RS02485, G->T, missense, 0.0100503383357, 0.378, 7, 1, 1, 1, 1, 1, FAIL, 17.0, 184.0, 1.0, 2.0, 8.0, 48.0, 8.0, 39.0, 11.0, 76.0, 1.0, 16.0, 7.0, 51.0
491291, B4U62_RS02495, T->C, missense, 0.518673502758, 0.2862, 7, 1, 1, 1, 1, 1, FAIL, 0.0, 274.0, 0.0, 321.0, 0.0, 88.0, 1.0, 153.0, 19.0, 118.0, 6.0, 119.0, 16.0, 122.0
491923, B4U62_RS02495, G->A, missense, 1.34246261488, 0.0065, 7, 1, 1, 1, 1, 1, PASS, 0.0, 329.0, 39.0, 692.0, 10.0, 103.0, 83.0, 220.0, 124.0, 146.0, 155.0, 173.0, 79.0, 113.0
492485, B4U62_RS02495, G->A, noncoding, 0.989476863402, 0.296, 7, 1, 1, 1, 1, 1, FAIL, 377.0, 377.0, 84.0, 84.0, 98.0, 99.0, 146.0, 146.0, 141.0, 142.0, 90.0, 90.0, 119.0, 119.0
494641, B4U62_RS02515, T->A, missense, -1.55605914256, 0.3951, 7, 1, 1, 1, 1, 1, FAIL, 2.0, 182.0, 1.0, 64.0, 2.0, 27.0, 2.0, 62.0, 10.0, 44.0, 2.0, 49.0, 0.0, 49.0
494665, B4U62_RS02515, T->A, synonymous, -6.21407624633, 0.3981, 7, 1, 1, 1, 1, 1, FAIL, 0.0, 161.0, 1.0, 45.0, 0.0, 26.0, 2.0, 53.0, 6.0, 31.0, 2.0, 47.0, 0.0, 47.0
494684, B4U62_RS02515, G->T, missense, -0.8240156648, 0.3988, 7, 1, 1, 1, 1, 1, FAIL, 1.0, 154.0, 2.0, 40.0, 1.0, 27.0, 0.0, 48.0, 5.0, 29.0, 2.0, 40.0, 1.0, 48.0
494695, B4U62_RS02515, G->A, missense, 0.261116183509, 0.33, 7, 1, 1, 1, 1, 1, FAIL, 8.0, 156.0, 4.0, 41.0, 2.0, 28.0, 2.0, 46.0, 5.0, 28.0, 0.0, 42.0, 0.0, 49.0
494701, B4U62_RS02515, C->A, missense, 0.0437352096396, 0.3932, 7, 1, 1, 1, 1, 1, FAIL, 1.0, 158.0, 3.0, 39.0, 1.0, 27.0, 2.0, 46.0, 6.0, 29.0, 0.0, 45.0, 0.0, 50.0
494705, B4U62_RS02515, G->C, missense, -0.519882056898, 0.3967, 7, 1, 1, 1, 1, 1, FAIL, 2.0, 156.0, 3.0, 37.0, 2.0, 27.0, 3.0, 46.0, 5.0, 29.0, 3.0, 45.0, 0.0, 48.0
494705, B4U62_RS02515, G->T, missense, -1.20502479861, 0.4059, 7, 1, 1, 1, 1, 1, FAIL, 4.0, 156.0, 6.0, 37.0, 1.0, 27.0, 1.0, 46.0, 1.0, 29.0, 2.0, 45.0, 2.0, 48.0
494720, B4U62_RS02515, G->T, missense, 0.723494858231, 0.1595, 7, 1, 1, 1, 1, 1, FAIL, 3.0, 144.0, 2.0, 31.0, 0.0, 26.0, 1.0, 41.0, 3.0, 22.0, 1.0, 38.0, 1.0, 47.0
494731, B4U62_RS02515, G->A, synonymous, -1.84479730492, 0.3965, 7, 1, 1, 1, 1, 1, FAIL, 3.0, 141.0, 1.0, 26.0, 1.0, 32.0, 2.0, 42.0, 4.0, 28.0, 0.0, 32.0, 1.0, 52.0
494735, B4U62_RS02515, C->A, synonymous, -1.12495051456, 0.3846, 7, 1, 1, 1, 1, 1, FAIL, 4.0, 132.0, 2.0, 22.0, 0.0, 29.0, 1.0, 35.0, 4.0, 27.0, 1.0, 29.0, 1.0, 42.0
494740, B4U62_RS02515, C->A, synonymous, 0.702773180344, 0.1303, 7, 1, 1, 1, 1, 1, FAIL, 3.0, 131.0, 0.0, 21.0, 1.0, 29.0, 4.0, 37.0, 5.0, 28.0, 2.0, 30.0, 2.0, 43.0
494764, B4U62_RS02515, T->A, missense, -0.545836426442, 0.393, 7, 1, 1, 1, 1, 1, FAIL, 2.0, 142.0, 1.0, 18.0, 1.0, 35.0, 5.0, 33.0, 3.0, 42.0, 2.0, 31.0, 1.0, 38.0
494777, B4U62_RS02515, G->T, missense, -1.79239374937, 0.3924, 7, 1, 1, 1, 1, 1, FAIL, 3.0, 140.0, 0.0, 19.0, 0.0, 33.0, 2.0, 38.0, 1.0, 46.0, 4.0, 31.0, 0.0, 40.0
494789, B4U62_RS02515, G->T, missense, 0.157826019606, 0.3402, 7, 1, 1, 1, 1, 1, FAIL, 4.0, 145.0, 4.0, 19.0, 3.0, 34.0, 8.0, 40.0, 6.0, 51.0, 4.0, 35.0, 1.0, 42.0
494826, B4U62_RS02515, G->T, synonymous, -0.429628673545, 0.3964, 7, 1, 1, 1, 1, 1, FAIL, 3.0, 148.0, 0.0, 12.0, 0.0, 36.0, 3.0, 40.0, 10.0, 64.0, 2.0, 30.0, 1.0, 36.0
507993, B4U62_RS02595, C->A, missense, -0.0350822179812, 0.392, 7, 1, 1, 1, 1, 1, FAIL, 28.0, 238.0, 5.0, 47.0, 22.0, 93.0, 6.0, 86.0, 10.0, 152.0, 4.0, 44.0, 25.0, 122.0
508009, B4U62_RS02595, C->A, missense, -0.207081717151, 0.381, 7, 1, 1, 1, 1, 1, FAIL, 25.0, 238.0, 1.0, 28.0, 26.0, 88.0, 2.0, 70.0, 10.0, 141.0, 2.0, 34.0, 24.0, 104.0
539243, B4U62_RS02840, C->A, synonymous, -0.100894563065, 0.3982, 7, 1, 1, 1, 1, 1, FAIL, 20.0, 305.0, 5.0, 27.0, 5.0, 81.0, 9.0, 103.0, 12.0, 176.0, 7.0, 60.0, 5.0, 58.0
608299, B4U62_RS03225, C->A, nonsense, -3.33056153011, 0.3815, 7, 1, 1, 1, 1, 1, FAIL, 10.0, 228.0, 5.0, 13.0, 3.0, 68.0, 0.0, 17.0, 2.0, 120.0, 2.0, 12.0, 0.0, 80.0
608332, B4U62_RS03225, C->A, missense, -0.805512575836, 0.3847, 7, 1, 1, 1, 1, 1, FAIL, 5.0, 181.0, 3.0, 33.0, 2.0, 59.0, 2.0, 24.0, 2.0, 112.0, 4.0, 24.0, 1.0, 77.0
609506, B4U62_RS03235, C->A, synonymous, 0.018690105537, 0.4001, 7, 1, 1, 1, 1, 1, FAIL, 37.0, 400.0, 30.0, 161.0, 10.0, 145.0, 22.0, 192.0, 6.0, 255.0, 4.0, 118.0, 9.0, 137.0
624996, B4U62_RS03305, G->T, missense, -0.551965434976, 0.3934, 7, 1, 1, 1, 1, 1, FAIL, 5.0, 346.0, 3.0, 318.0, 0.0, 143.0, 2.0, 159.0, 24.0, 183.0, 0.0, 131.0, 0.0, 125.0
640202, B4U62_RS03380, T->G, unknown, -0.656175616249, 0.4113, 7, 1, 1, 1, 1, 1, FAIL, 2.0, 101.0, 2.0, 180.0, 0.0, 49.0, 3.0, 108.0, 11.0, 76.0, 1.0, 78.0, 3.0, 47.0
657828, intergenic, C->A, noncoding, -0.234171213533, 0.3817, 7, 1, 1, 1, 1, 1, FAIL, 14.0, 218.0, 0.0, 3.0, 13.0, 92.0, 5.0, 29.0, 3.0, 135.0, 2.0, 5.0, 10.0, 83.0
657832, intergenic, C->A, noncoding, -0.0246476463784, 0.3738, 7, 1, 1, 1, 1, 1, FAIL, 15.0, 219.0, 0.0, 3.0, 7.0, 93.0, 1.0, 31.0, 8.0, 138.0, 1.0, 5.0, 11.0, 82.0
657840, intergenic, C->A, noncoding, -0.42808200229, 0.3796, 7, 1, 1, 1, 1, 1, FAIL, 20.0, 199.0, 0.0, 3.0, 21.0, 92.0, 3.0, 30.0, 3.0, 137.0, 1.0, 6.0, 14.0, 82.0
657849, intergenic, C->A, noncoding, -0.210518661781, 0.3851, 7, 1, 1, 1, 1, 1, FAIL, 5.0, 205.0, 0.0, 10.0, 7.0, 90.0, 3.0, 30.0, 4.0, 138.0, 1.0, 6.0, 8.0, 86.0
657858, intergenic, C->A, noncoding, -1.38652142338, 0.3874, 7, 1, 1, 1, 1, 1, FAIL, 4.0, 187.0, 0.0, 11.0, 3.0, 83.0, 4.0, 25.0, 4.0, 130.0, 0.0, 7.0, 3.0, 74.0
665508, B4U62_RS03535, C->G, missense, 0.0983657373056, 0.1522, 7, 1, 1, 1, 1, 1, FAIL, 1.0, 157.0, 19.0, 157.0, 6.0, 43.0, 17.0, 70.0, 27.0, 154.0, 10.0, 62.0, 10.0, 53.0
665518, B4U62_RS03535, C->A, nonsense, -0.116186469687, 0.3934, 7, 1, 1, 1, 1, 1, FAIL, 0.0, 165.0, 22.0, 162.0, 4.0, 42.0, 8.0, 75.0, 38.0, 153.0, 6.0, 66.0, 9.0, 52.0
665523, B4U62_RS03535, C->A, missense, -0.0350983276138, 0.3868, 7, 1, 1, 1, 1, 1, FAIL, 0.0, 165.0, 26.0, 157.0, 5.0, 44.0, 14.0, 73.0, 52.0, 147.0, 6.0, 66.0, 11.0, 52.0
665541, B4U62_RS03535, C->A, missense, -0.315018203895, 0.3782, 7, 1, 1, 1, 1, 1, FAIL, 0.0, 201.0, 18.0, 194.0, 1.0, 53.0, 3.0, 91.0, 31.0, 159.0, 7.0, 80.0, 3.0, 56.0
679861, B4U62_RS03595, G->T, noncoding, -0.0981594518814, 0.3731, 7, 1, 1, 1, 1, 1, FAIL, 20.0, 336.0, 0.0, 0.0, 15.0, 95.0, 8.0, 61.0, 11.0, 186.0, 6.0, 31.0, 8.0, 76.0
679899, B4U62_RS03595, G->T, synonymous, -0.320768371125, 0.4047, 7, 1, 1, 1, 1, 1, FAIL, 9.0, 299.0, 0.0, 7.0, 0.0, 78.0, 2.0, 46.0, 3.0, 153.0, 4.0, 25.0, 1.0, 62.0
679901, B4U62_RS03595, G->T, missense, -0.208688307244, 0.3705, 7, 1, 1, 1, 1, 1, FAIL, 17.0, 313.0, 1.0, 7.0, 9.0, 78.0, 5.0, 46.0, 6.0, 154.0, 5.0, 24.0, 5.0, 62.0
691508, B4U62_RS03650, C->T, synonymous, 0.403373376902, 0.3836, 7, 1, 1, 1, 1, 1, FAIL, 4.0, 355.0, 105.0, 490.0, 35.0, 147.0, 0.0, 265.0, 1.0, 265.0, 0.0, 236.0, 0.0, 140.0
717582, B4U62_RS03775, C->T, missense, 0.184262826409, 0.3496, 7, 1, 1, 1, 1, 1, FAIL, 0.0, 193.0, 0.0, 211.0, 0.0, 87.0, 81.0, 157.0, 21.0, 134.0, 24.0, 135.0, 29.0, 114.0
726167, intergenic, A->C, noncoding, -0.0737566963672, 0.4035, 7, 1, 1, 1, 1, 1, FAIL, 24.0, 256.0, 4.0, 76.0, 15.0, 74.0, 7.0, 103.0, 6.0, 117.0, 5.0, 81.0, 3.0, 72.0
726198, intergenic, C->A, noncoding, -0.0683721080369, 0.3965, 7, 1, 1, 1, 1, 1, FAIL, 25.0, 210.0, 10.0, 72.0, 18.0, 62.0, 16.0, 97.0, 6.0, 102.0, 14.0, 74.0, 10.0, 56.0
726214, intergenic, C->A, noncoding, -1.00801660358, 0.4076, 7, 1, 1, 1, 1, 1, FAIL, 6.0, 211.0, 2.0, 58.0, 8.0, 55.0, 4.0, 90.0, 2.0, 102.0, 3.0, 70.0, 2.0, 50.0
781835, B4U62_RS04045, C->A, synonymous, -1.80320709616, 0.3978, 7, 1, 1, 1, 1, 1, FAIL, 2.0, 346.0, 4.0, 656.0, 1.0, 93.0, 0.0, 281.0, 24.0, 141.0, 1.0, 235.0, 2.0, 113.0
781843, B4U62_RS04045, G->T, synonymous, -1.59445566348, 0.4058, 7, 1, 1, 1, 1, 1, FAIL, 4.0, 366.0, 3.0, 706.0, 1.0, 99.0, 1.0, 294.0, 20.0, 142.0, 0.0, 245.0, 0.0, 122.0
781853, B4U62_RS04045, T->A, synonymous, -1.21693803679, 0.4251, 7, 1, 1, 1, 1, 1, FAIL, 1.0, 366.0, 2.0, 722.0, 0.0, 100.0, 2.0, 293.0, 17.0, 147.0, 0.0, 254.0, 0.0, 118.0
781863, B4U62_RS04045, C->A, missense, -1.02536427573, 0.4031, 7, 1, 1, 1, 1, 1, FAIL, 5.0, 368.0, 5.0, 718.0, 0.0, 100.0, 2.0, 293.0, 21.0, 148.0, 1.0, 254.0, 1.0, 116.0
781869, B4U62_RS04045, C->A, missense, -1.53275748358, 0.4077, 7, 1, 1, 1, 1, 1, FAIL, 3.0, 364.0, 4.0, 720.0, 2.0, 101.0, 0.0, 296.0, 24.0, 153.0, 1.0, 254.0, 0.0, 116.0
786400, B4U62_RS04075, A->C, synonymous, -1.76832027936, 0.3827, 7, 1, 1, 1, 1, 1, FAIL, 6.0, 302.0, 6.0, 494.0, 0.0, 79.0, 0.0, 176.0, 15.0, 106.0, 1.0, 145.0, 2.0, 83.0
808685, B4U62_RS04170, G->A, missense, 1.4858937302, 0.0174, 7, 1, 1, 1, 1, 1, PASS, 0.0, 190.0, 0.0, 139.0, 0.0, 80.0, 0.0, 117.0, 23.0, 106.0, 43.0, 94.0, 32.0, 94.0
876502, B4U62_RS04505, T->G, missense, -0.224088619053, 0.3843, 7, 1, 1, 1, 1, 1, FAIL, 20.0, 271.0, 21.0, 122.0, 12.0, 93.0, 11.0, 92.0, 3.0, 142.0, 17.0, 83.0, 5.0, 90.0
876545, B4U62_RS04505, C->A, synonymous, -0.18204484219, 0.3814, 7, 1, 1, 1, 1, 1, FAIL, 12.0, 229.0, 27.0, 145.0, 6.0, 94.0, 4.0, 81.0, 3.0, 126.0, 9.0, 81.0, 7.0, 83.0
890403, B4U62_RS04580, C->T, synonymous, 0.733154649353, 0.0572, 7, 1, 1, 1, 1, 1, PASS, 0.0, 237.0, 0.0, 204.0, 0.0, 72.0, 49.0, 167.0, 39.0, 142.0, 40.0, 119.0, 31.0, 95.0
903212, B4U62_RS04630, G->T, missense, -0.560085033757, 0.4198, 7, 1, 1, 1, 1, 1, FAIL, 1.0, 197.0, 4.0, 566.0, 1.0, 66.0, 2.0, 187.0, 12.0, 72.0, 2.0, 174.0, 2.0, 82.0
903215, B4U62_RS04630, G->T, nonsense, -1.60614759775, 0.406, 7, 1, 1, 1, 1, 1, FAIL, 1.0, 196.0, 3.0, 564.0, 1.0, 68.0, 4.0, 187.0, 10.0, 69.0, 3.0, 174.0, 1.0, 80.0
903225, B4U62_RS04630, G->T, missense, -2.97408390044, 0.4084, 7, 1, 1, 1, 1, 1, FAIL, 2.0, 200.0, 3.0, 561.0, 0.0, 63.0, 3.0, 180.0, 12.0, 71.0, 0.0, 174.0, 0.0, 74.0
903248, B4U62_RS04630, C->A, missense, -1.29028396338, 0.4038, 7, 1, 1, 1, 1, 1, FAIL, 0.0, 190.0, 4.0, 621.0, 0.0, 57.0, 3.0, 190.0, 9.0, 75.0, 2.0, 180.0, 0.0, 66.0
938016, B4U62_RS04815, G->T, missense, -0.195208945169, 0.3925, 7, 1, 1, 1, 1, 1, FAIL, 5.0, 203.0, 2.0, 168.0, 6.0, 92.0, 2.0, 129.0, 30.0, 165.0, 4.0, 88.0, 5.0, 97.0
938043, B4U62_RS04815, G->T, missense, -0.587691550537, 0.4087, 7, 1, 1, 1, 1, 1, FAIL, 1.0, 197.0, 1.0, 154.0, 0.0, 77.0, 2.0, 128.0, 26.0, 149.0, 0.0, 85.0, 2.0, 91.0
948673, B4U62_RS04870, G->T, unknown, -0.142246646812, 0.3905, 7, 1, 1, 1, 1, 1, FAIL, 3.0, 62.0, 2.0, 114.0, 0.0, 26.0, 1.0, 57.0, 5.0, 32.0, 2.0, 40.0, 1.0, 27.0
955156, B4U62_RS04975, G->T, missense, -0.287446158851, 0.4009, 7, 1, 1, 1, 1, 1, FAIL, 4.0, 167.0, 3.0, 92.0, 2.0, 47.0, 2.0, 89.0, 4.0, 90.0, 1.0, 80.0, 7.0, 49.0
984382, B4U62_RS05145, A->G, missense, 0.151187410712, 0.2259, 7, 1, 1, 1, 1, 1, FAIL, 94.0, 135.0, 10.0, 24.0, 26.0, 42.0, 17.0, 40.0, 16.0, 99.0, 0.0, 15.0, 17.0, 49.0
1000686, B4U62_RS05225, C->T, missense, 1.4499076288, 0.0537, 7, 1, 1, 1, 1, 1, PASS, 0.0, 191.0, 0.0, 309.0, 0.0, 70.0, 0.0, 168.0, 32.0, 129.0, 9.0, 175.0, 19.0, 95.0
1063664, B4U62_RS05540, G->A, missense, 0.639952624583, 0.3823, 7, 1, 1, 1, 1, 1, FAIL, 3.0, 174.0, 28.0, 100.0, 17.0, 52.0, 0.0, 76.0, 0.0, 72.0, 0.0, 67.0, 0.0, 55.0
1071913, B4U62_RS05580, G->T, missense, -2.50845991361, 0.3852, 7, 1, 1, 1, 1, 1, FAIL, 4.0, 250.0, 0.0, 0.0, 1.0, 84.0, 3.0, 23.0, 0.0, 179.0, 0.0, 2.0, 3.0, 111.0
1138101, B4U62_RS05915, C->A, missense, -0.0109835483592, 0.3979, 7, 1, 1, 1, 1, 1, FAIL, 26.0, 178.0, 127.0, 441.0, 25.0, 78.0, 89.0, 327.0, 29.0, 206.0, 102.0, 382.0, 49.0, 134.0
1182497, B4U62_RS06125, C->A, nonsense, -0.0797760010946, 0.3875, 7, 1, 1, 1, 1, 1, FAIL, 14.0, 145.0, 9.0, 46.0, 7.0, 50.0, 10.0, 86.0, 1.0, 93.0, 7.0, 52.0, 3.0, 70.0
1182503, B4U62_RS06125, C->A, missense, -1.41045880513, 0.4147, 7, 1, 1, 1, 1, 1, FAIL, 2.0, 163.0, 7.0, 48.0, 0.0, 57.0, 3.0, 96.0, 2.0, 101.0, 0.0, 57.0, 0.0, 74.0
1182524, B4U62_RS06125, C->A, nonsense, -0.135511689458, 0.4042, 7, 1, 1, 1, 1, 1, FAIL, 11.0, 174.0, 9.0, 51.0, 3.0, 68.0, 8.0, 98.0, 2.0, 115.0, 4.0, 69.0, 4.0, 83.0
1194929, intergenic, C->G, noncoding, -0.281782516526, 0.3422, 7, 1, 1, 1, 1, 1, FAIL, 24.0, 115.0, 0.0, 0.0, 18.0, 54.0, 1.0, 7.0, 8.0, 87.0, 0.0, 1.0, 15.0, 51.0
1206319, B4U62_RS06260, G->T, missense, 2.0241965353, 0.1075, 7, 1, 1, 1, 1, 1, FAIL, 4.0, 171.0, 2.0, 6.0, 2.0, 47.0, 3.0, 19.0, 1.0, 78.0, 0.0, 19.0, 0.0, 44.0
1223044, B4U62_RS06340, T->G, synonymous, 0.768604179811, 0.0769, 7, 1, 1, 1, 1, 1, PASS, 3.0, 211.0, 1.0, 152.0, 1.0, 85.0, 1.0, 151.0, 41.0, 139.0, 25.0, 99.0, 28.0, 106.0
1223383, B4U62_RS06340, G->A, synonymous, 0.165111835465, 0.1942, 7, 1, 1, 1, 1, 1, FAIL, 8.0, 176.0, 75.0, 154.0, 10.0, 56.0, 64.0, 133.0, 92.0, 109.0, 107.0, 114.0, 48.0, 64.0
1223410, B4U62_RS06340, G->A, nonsense, 0.445787572153, 0.0554, 7, 1, 1, 1, 1, 1, PASS, 0.0, 161.0, 0.0, 122.0, 34.0, 50.0, 65.0, 124.0, 16.0, 118.0, 9.0, 115.0, 12.0, 52.0
1223975, B4U62_RS06345, T->C, missense, 0.113323560667, 0.1753, 7, 1, 1, 1, 1, 1, FAIL, 76.0, 105.0, 68.0, 144.0, 39.0, 57.0, 46.0, 95.0, 13.0, 71.0, 9.0, 80.0, 12.0, 43.0
1275782, B4U62_RS06665, G->T, noncoding, -1.08182641918, 0.3493, 7, 1, 1, 1, 1, 1, FAIL, 8.0, 212.0, 0.0, 0.0, 5.0, 73.0, 5.0, 66.0, 0.0, 181.0, 5.0, 31.0, 3.0, 73.0
1335136, B4U62_RS07030, G->T, missense, -0.923018399494, 0.3923, 7, 1, 1, 1, 1, 1, FAIL, 2.0, 98.0, 1.0, 9.0, 3.0, 18.0, 2.0, 31.0, 2.0, 68.0, 1.0, 11.0, 4.0, 31.0
1351078, B4U62_RS07120, C->A, missense, 0.130347616718, 0.3881, 7, 1, 1, 1, 1, 1, FAIL, 5.0, 177.0, 0.0, 7.0, 1.0, 33.0, 0.0, 31.0, 4.0, 80.0, 3.0, 21.0, 3.0, 41.0
1351089, B4U62_RS07120, C->A, nonsense, -0.770458639539, 0.3758, 7, 1, 1, 1, 1, 1, FAIL, 8.0, 170.0, 0.0, 2.0, 5.0, 32.0, 2.0, 30.0, 2.0, 80.0, 2.0, 18.0, 8.0, 37.0
1351121, B4U62_RS07120, C->A, missense, -0.488156656292, 0.3617, 7, 1, 1, 1, 1, 1, FAIL, 3.0, 154.0, 0.0, 1.0, 3.0, 31.0, 2.0, 31.0, 3.0, 84.0, 1.0, 12.0, 6.0, 39.0
1351129, B4U62_RS07120, C->A, missense, -0.220761994639, 0.3894, 7, 1, 1, 1, 1, 1, FAIL, 2.0, 155.0, 0.0, 1.0, 2.0, 30.0, 1.0, 30.0, 2.0, 84.0, 0.0, 11.0, 6.0, 39.0
1360183, B4U62_RS07150, G->T, synonymous, -0.0693123952055, 0.4019, 7, 1, 1, 1, 1, 1, FAIL, 19.0, 150.0, 24.0, 157.0, 6.0, 57.0, 19.0, 83.0, 6.0, 109.0, 6.0, 84.0, 11.0, 100.0
1413345, B4U62_RS07435, G->T, missense, -0.031631006335, 0.381, 7, 1, 1, 1, 1, 1, FAIL, 5.0, 161.0, 2.0, 13.0, 6.0, 56.0, 4.0, 66.0, 5.0, 133.0, 1.0, 47.0, 5.0, 63.0
1415253, B4U62_RS07450, C->T, missense, 0.492140374376, 0.0315, 7, 1, 1, 1, 1, 1, PASS, 0.0, 176.0, 0.0, 435.0, 50.0, 84.0, 88.0, 156.0, 31.0, 162.0, 15.0, 142.0, 25.0, 90.0
1421192, B4U62_RS07475, G->T, synonymous, -0.41596352168, 0.3835, 7, 1, 1, 1, 1, 1, FAIL, 11.0, 190.0, 1.0, 3.0, 5.0, 55.0, 5.0, 63.0, 1.0, 158.0, 1.0, 34.0, 8.0, 75.0
1421205, B4U62_RS07475, C->A, synonymous, -0.75579625431, 0.3864, 7, 1, 1, 1, 1, 1, FAIL, 4.0, 175.0, 1.0, 7.0, 6.0, 50.0, 0.0, 60.0, 2.0, 141.0, 1.0, 35.0, 8.0, 62.0
1421247, B4U62_RS07475, G->T, synonymous, -0.0864187988765, 0.3895, 7, 1, 1, 1, 1, 1, FAIL, 13.0, 169.0, 3.0, 23.0, 11.0, 52.0, 12.0, 69.0, 6.0, 124.0, 4.0, 44.0, 15.0, 61.0
1421253, B4U62_RS07475, G->T, synonymous, 0.00307518273681, 0.3904, 7, 1, 1, 1, 1, 1, FAIL, 14.0, 168.0, 4.0, 24.0, 12.0, 53.0, 9.0, 69.0, 3.0, 119.0, 7.0, 45.0, 13.0, 63.0
1425455, B4U62_RS07495, C->A, nonsense, -0.0829302705764, 0.397, 7, 1, 1, 1, 1, 1, FAIL, 17.0, 165.0, 2.0, 15.0, 13.0, 83.0, 15.0, 61.0, 4.0, 141.0, 1.0, 26.0, 10.0, 80.0
1425488, B4U62_RS07495, C->A, nonsense, -0.964123385665, 0.3885, 7, 1, 1, 1, 1, 1, FAIL, 13.0, 222.0, 2.0, 7.0, 5.0, 96.0, 4.0, 66.0, 2.0, 180.0, 1.0, 31.0, 10.0, 99.0
1434675, B4U62_RS07555, C->T, nonsense, 0.150077048101, 0.1463, 7, 1, 1, 1, 1, 1, FAIL, 22.0, 254.0, 132.0, 296.0, 24.0, 126.0, 104.0, 250.0, 129.0, 174.0, 132.0, 154.0, 115.0, 148.0
1439260, riboswitch_11, G->T, noncoding, -0.623216825437, 0.3831, 7, 1, 1, 1, 1, 1, FAIL, 5.0, 194.0, 3.0, 19.0, 1.0, 71.0, 0.0, 42.0, 9.0, 134.0, 0.0, 20.0, 2.0, 95.0
1449862, B4U62_RS07640, C->A, synonymous, -0.148564944357, 0.4077, 7, 1, 1, 1, 1, 1, FAIL, 25.0, 187.0, 11.0, 63.0, 10.0, 64.0, 22.0, 157.0, 6.0, 156.0, 15.0, 108.0, 17.0, 71.0
1457206, B4U62_RS07675, G->A, noncoding, 0.514339261429, 0.098, 7, 1, 1, 1, 1, 1, PASS, 0.0, 151.0, 0.0, 107.0, 1.0, 53.0, 24.0, 94.0, 24.0, 132.0, 34.0, 99.0, 16.0, 67.0
1460585, B4U62_RS07685, A->G, missense, 0.569628900355, 0.1526, 7, 1, 1, 1, 1, 1, FAIL, 17.0, 61.0, 133.0, 157.0, 12.0, 21.0, 67.0, 67.0, 145.0, 148.0, 134.0, 134.0, 65.0, 67.0
1476470, B4U62_RS07750, C->A, missense, -0.303937073009, 0.3859, 7, 1, 1, 1, 1, 1, FAIL, 17.0, 215.0, 1.0, 4.0, 3.0, 104.0, 11.0, 108.0, 4.0, 173.0, 2.0, 36.0, 8.0, 119.0
1480389, B4U62_RS07770, G->T, missense, 0.0, 0.2468, 7, 1, 1, 1, 1, 1, FAIL, 4.0, 240.0, 0.0, 2.0, 1.0, 70.0, 0.0, 55.0, 3.0, 196.0, 3.0, 20.0, 1.0, 79.0
1484776, B4U62_RS07795, C->T, missense, 0.453325779247, 0.0646, 7, 1, 1, 1, 1, 1, PASS, 1.0, 292.0, 132.0, 307.0, 6.0, 100.0, 91.0, 186.0, 162.0, 204.0, 110.0, 131.0, 62.0, 85.0
1503351, B4U62_RS07905, G->A, missense, 1.10208555267, 0.0039, 7, 1, 1, 1, 1, 1, PASS, 1.0, 203.0, 4.0, 346.0, 4.0, 97.0, 84.0, 164.0, 107.0, 133.0, 113.0, 126.0, 50.0, 71.0
1518270, B4U62_RS07985, G->T, noncoding, 1.24762506911, 0.1166, 7, 1, 1, 1, 1, 1, FAIL, 1.0, 166.0, 0.0, 2.0, 1.0, 43.0, 3.0, 25.0, 2.0, 99.0, 2.0, 11.0, 0.0, 52.0
1518321, B4U62_RS07985, G->T, noncoding, 0.407427736662, 0.213, 7, 1, 1, 1, 1, 1, FAIL, 2.0, 134.0, 1.0, 2.0, 2.0, 39.0, 1.0, 16.0, 2.0, 86.0, 3.0, 12.0, 3.0, 33.0
1548444, B4U62_RS08145, C->A, missense, -0.228432866632, 0.3839, 7, 1, 1, 1, 1, 1, FAIL, 10.0, 178.0, 5.0, 28.0, 7.0, 62.0, 23.0, 95.0, 6.0, 135.0, 5.0, 33.0, 7.0, 78.0
1548472, B4U62_RS08145, C->A, missense, -0.113772009421, 0.3519, 7, 1, 1, 1, 1, 1, FAIL, 22.0, 176.0, 8.0, 33.0, 10.0, 60.0, 18.0, 96.0, 7.0, 132.0, 7.0, 31.0, 11.0, 79.0
1559564, B4U62_RS08190, G->A, missense, 0.318151755581, 0.0551, 7, 1, 1, 1, 1, 1, PASS, 1.0, 283.0, 152.0, 320.0, 19.0, 121.0, 106.0, 240.0, 191.0, 224.0, 147.0, 176.0, 91.0, 126.0
1603855, B4U62_RS08410, G->T, missense, 0.0506291856586, 0.4015, 7, 1, 1, 1, 1, 1, FAIL, 3.0, 120.0, 1.0, 12.0, 3.0, 20.0, 4.0, 49.0, 3.0, 95.0, 3.0, 45.0, 0.0, 38.0
1603893, B4U62_RS08410, A->C, synonymous, 0.139458772814, 0.3853, 7, 1, 1, 1, 1, 1, FAIL, 7.0, 134.0, 0.0, 15.0, 3.0, 18.0, 4.0, 48.0, 1.0, 99.0, 1.0, 48.0, 3.0, 38.0
1603909, B4U62_RS08410, A->C, missense, -1.19191365058, 0.3827, 7, 1, 1, 1, 1, 1, FAIL, 3.0, 112.0, 0.0, 14.0, 2.0, 13.0, 1.0, 39.0, 2.0, 87.0, 4.0, 34.0, 0.0, 30.0
1663387, B4U62_RS08700, G->T, nonsense, 0.0164067414308, 0.3741, 7, 1, 1, 1, 1, 1, FAIL, 20.0, 158.0, 15.0, 114.0, 13.0, 50.0, 10.0, 102.0, 10.0, 134.0, 7.0, 82.0, 12.0, 86.0
1690675, B4U62_RS08840, G->A, missense, 0.979608783748, 0.2774, 7, 1, 1, 1, 1, 1, FAIL, 156.0, 156.0, 241.0, 242.0, 42.0, 42.0, 87.0, 87.0, 133.0, 134.0, 93.0, 95.0, 40.0, 40.0
1754888, B4U62_RS09170, G->T, synonymous, -0.236291780962, 0.3928, 7, 1, 1, 1, 1, 1, FAIL, 10.0, 227.0, 2.0, 38.0, 7.0, 81.0, 5.0, 122.0, 25.0, 124.0, 5.0, 76.0, 8.0, 87.0
1762534, B4U62_RS09205, G->T, missense, 0.0289596003069, 0.3814, 7, 1, 1, 1, 1, 1, FAIL, 5.0, 146.0, 1.0, 6.0, 3.0, 50.0, 1.0, 63.0, 4.0, 117.0, 3.0, 29.0, 3.0, 52.0
1860399, B4U62_RS09375, C->A, missense, -0.231023915504, 0.3833, 7, 1, 1, 1, 1, 1, FAIL, 7.0, 523.0, 29.0, 977.0, 4.0, 172.0, 29.0, 846.0, 88.0, 608.0, 25.0, 1035.0, 14.0, 431.0
1860403, B4U62_RS09375, C->A, noncoding, -0.323896722257, 0.3927, 7, 1, 1, 1, 1, 1, FAIL, 3.0, 509.0, 18.0, 957.0, 1.0, 171.0, 18.0, 822.0, 80.0, 578.0, 20.0, 1013.0, 11.0, 422.0
1860411, B4U62_RS09375, C->A, noncoding, -0.306648748925, 0.4018, 7, 1, 1, 1, 1, 1, FAIL, 10.0, 487.0, 22.0, 887.0, 4.0, 167.0, 14.0, 786.0, 84.0, 556.0, 32.0, 963.0, 11.0, 407.0
1860414, B4U62_RS09375, C->A, noncoding, -0.415065484465, 0.4083, 7, 1, 1, 1, 1, 1, FAIL, 5.0, 475.0, 15.0, 881.0, 5.0, 164.0, 21.0, 768.0, 101.0, 543.0, 22.0, 945.0, 13.0, 402.0
1884828, B4U62_RS09525, G->T, missense, -0.0334316912079, 0.3215, 7, 1, 1, 1, 1, 1, FAIL, 16.0, 415.0, 4.0, 16.0, 10.0, 80.0, 32.0, 180.0, 101.0, 1025.0, 19.0, 163.0, 26.0, 157.0
1884843, B4U62_RS09525, G->T, missense, -0.0720300616164, 0.2866, 7, 1, 1, 1, 1, 1, FAIL, 25.0, 413.0, 5.0, 16.0, 17.0, 91.0, 46.0, 189.0, 133.0, 1021.0, 25.0, 169.0, 46.0, 166.0
1884853, B4U62_RS09525, G->T, synonymous, 0.0252728921851, 0.0769, 7, 1, 1, 1, 1, 1, PASS, 26.0, 411.0, 5.0, 14.0, 21.0, 84.0, 44.0, 184.0, 160.0, 989.0, 28.0, 159.0, 40.0, 165.0
1884870, B4U62_RS09525, G->T, missense, 0.0319969059635, 0.0434, 7, 1, 1, 1, 1, 1, PASS, 34.0, 440.0, 5.0, 17.0, 30.0, 94.0, 52.0, 195.0, 197.0, 1059.0, 47.0, 171.0, 49.0, 178.0
1958058, B4U62_RS09945, C->A, unknown, -1.57722841774, 0.4071, 7, 1, 1, 1, 1, 1, FAIL, 5.0, 150.0, 0.0, 37.0, 2.0, 54.0, 2.0, 64.0, 1.0, 80.0, 4.0, 29.0, 0.0, 63.0
2003166, B4U62_RS09995, G->T, nonsense, -0.383144642707, 0.3757, 7, 1, 1, 1, 1, 1, FAIL, 8.0, 196.0, 0.0, 12.0, 6.0, 72.0, 5.0, 74.0, 4.0, 140.0, 3.0, 36.0, 14.0, 82.0
2003170, B4U62_RS09995, G->T, missense, -0.389845401732, 0.3947, 7, 1, 1, 1, 1, 1, FAIL, 10.0, 202.0, 1.0, 12.0, 11.0, 72.0, 6.0, 77.0, 3.0, 149.0, 1.0, 40.0, 15.0, 84.0
2003215, intergenic, G->T, noncoding, -0.375416580102, 0.3995, 7, 1, 1, 1, 1, 1, FAIL, 11.0, 183.0, 2.0, 11.0, 3.0, 78.0, 10.0, 70.0, 3.0, 162.0, 5.0, 41.0, 12.0, 89.0
2074721, B4U62_RS10370, G->T, synonymous, -0.248989785953, 0.3847, 7, 1, 1, 1, 1, 1, FAIL, 10.0, 162.0, 1.0, 11.0, 10.0, 56.0, 2.0, 63.0, 4.0, 150.0, 6.0, 51.0, 6.0, 88.0
2074784, B4U62_RS10370, C->A, synonymous, -6.81666666667, 0.4147, 7, 1, 1, 1, 1, 1, FAIL, 0.0, 132.0, 3.0, 18.0, 1.0, 46.0, 0.0, 53.0, 3.0, 110.0, 1.0, 43.0, 2.0, 67.0
2097016, B4U62_RS10485, C->A, noncoding, -0.416897066189, 0.3702, 7, 1, 1, 1, 1, 1, FAIL, 15.0, 167.0, 0.0, 0.0, 11.0, 46.0, 2.0, 15.0, 5.0, 106.0, 0.0, 3.0, 12.0, 62.0
2101754, B4U62_RS10530, T->C, synonymous, 0.329586400665, 0.2052, 7, 1, 1, 1, 1, 1, FAIL, 0.0, 200.0, 0.0, 332.0, 1.0, 83.0, 98.0, 184.0, 39.0, 181.0, 44.0, 189.0, 28.0, 87.0
2146964, B4U62_RS10785, G->T, missense, -0.546131733419, 0.3937, 7, 1, 1, 1, 1, 1, FAIL, 4.0, 165.0, 3.0, 23.0, 0.0, 48.0, 1.0, 45.0, 1.0, 118.0, 2.0, 41.0, 3.0, 69.0
2167554, B4U62_RS10975, C->A, noncoding, -10.0, 0.3837, 7, 1, 1, 1, 1, 1, FAIL, 2.0, 274.0, 0.0, 1.0, 1.0, 104.0, 3.0, 27.0, 2.0, 261.0, 0.0, 3.0, 0.0, 122.0
2169675, B4U62_RS11005, C->A, missense, 0.158554835658, 0.2044, 7, 1, 1, 1, 1, 1, FAIL, 3.0, 358.0, 3.0, 17.0, 3.0, 130.0, 1.0, 202.0, 6.0, 382.0, 0.0, 95.0, 2.0, 156.0
2200692, B4U62_RS11255, T->G, missense, -0.932101213164, 0.3753, 7, 1, 1, 1, 1, 1, FAIL, 6.0, 173.0, 0.0, 1.0, 2.0, 64.0, 4.0, 26.0, 4.0, 151.0, 0.0, 3.0, 3.0, 77.0
2200700, B4U62_RS11255, C->A, missense, -0.167604765419, 0.3756, 7, 1, 1, 1, 1, 1, FAIL, 12.0, 173.0, 0.0, 0.0, 9.0, 66.0, 6.0, 26.0, 3.0, 152.0, 0.0, 2.0, 6.0, 84.0
2200735, B4U62_RS11255, C->A, missense, -0.425763969134, 0.3864, 7, 1, 1, 1, 1, 1, FAIL, 6.0, 147.0, 0.0, 0.0, 3.0, 50.0, 3.0, 19.0, 5.0, 121.0, 0.0, 1.0, 4.0, 66.0
2200772, B4U62_RS11255, C->A, missense, -0.253446455085, 0.3802, 7, 1, 1, 1, 1, 1, FAIL, 4.0, 152.0, 0.0, 0.0, 2.0, 42.0, 1.0, 16.0, 3.0, 116.0, 0.0, 4.0, 10.0, 65.0
2200785, B4U62_RS11255, C->A, nonsense, -0.854566883499, 0.3862, 7, 1, 1, 1, 1, 1, FAIL, 3.0, 164.0, 0.0, 1.0, 3.0, 47.0, 1.0, 18.0, 1.0, 122.0, 0.0, 6.0, 10.0, 65.0
2217775, intergenic, G->T, noncoding, 0.0294830570391, 0.3035, 7, 1, 1, 1, 1, 1, FAIL, 5.0, 174.0, 0.0, 0.0, 11.0, 59.0, 1.0, 1.0, 31.0, 173.0, 0.0, 0.0, 12.0, 54.0
2257709, B4U62_RS11625, C->A, synonymous, -0.230494710364, 0.3829, 7, 1, 1, 1, 1, 1, FAIL, 7.0, 196.0, 1.0, 6.0, 7.0, 59.0, 1.0, 37.0, 7.0, 153.0, 0.0, 12.0, 5.0, 59.0
2257741, B4U62_RS11625, T->A, synonymous, -1.4861647724, 0.3849, 7, 1, 1, 1, 1, 1, FAIL, 5.0, 195.0, 1.0, 7.0, 5.0, 42.0, 2.0, 31.0, 0.0, 148.0, 0.0, 13.0, 4.0, 44.0
2257746, B4U62_RS11625, C->A, synonymous, 0.0293182496449, 0.3772, 7, 1, 1, 1, 1, 1, FAIL, 10.0, 201.0, 0.0, 7.0, 4.0, 40.0, 1.0, 31.0, 4.0, 151.0, 3.0, 15.0, 7.0, 41.0
2257752, B4U62_RS11625, A->C, missense, -0.282973612847, 0.3771, 7, 1, 1, 1, 1, 1, FAIL, 7.0, 201.0, 1.0, 7.0, 4.0, 40.0, 1.0, 32.0, 5.0, 154.0, 1.0, 16.0, 2.0, 41.0
2257755, B4U62_RS11625, G->T, missense, -0.063788260743, 0.3646, 7, 1, 1, 1, 1, 1, FAIL, 14.0, 201.0, 2.0, 7.0, 6.0, 40.0, 2.0, 32.0, 4.0, 154.0, 5.0, 17.0, 9.0, 41.0
2257761, B4U62_RS11625, G->T, missense, -1.16100912673, 0.3868, 7, 1, 1, 1, 1, 1, FAIL, 3.0, 201.0, 1.0, 7.0, 5.0, 42.0, 1.0, 32.0, 1.0, 160.0, 4.0, 18.0, 4.0, 45.0
2257764, B4U62_RS11625, A->C, synonymous, 0.615239539253, 0.2068, 7, 1, 1, 1, 1, 1, FAIL, 5.0, 195.0, 0.0, 7.0, 0.0, 42.0, 0.0, 32.0, 7.0, 161.0, 3.0, 19.0, 3.0, 44.0
2257767, B4U62_RS11625, C->A, synonymous, -0.643106018083, 0.3928, 7, 1, 1, 1, 1, 1, FAIL, 11.0, 190.0, 1.0, 7.0, 2.0, 42.0, 1.0, 32.0, 3.0, 160.0, 5.0, 19.0, 3.0, 44.0
2283593, B4U62_RS11770, C->A, missense, -0.774522958555, 0.401, 7, 1, 1, 1, 1, 1, FAIL, 0.0, 299.0, 0.0, 13.0, 0.0, 86.0, 0.0, 75.0, 2.0, 224.0, 3.0, 24.0, 2.0, 85.0
2289838, B4U62_RS11805, C->T, synonymous, 0.0845775018141, 0.2513, 7, 1, 1, 1, 1, 1, FAIL, 124.0, 175.0, 44.0, 81.0, 51.0, 66.0, 37.0, 84.0, 32.0, 161.0, 11.0, 70.0, 26.0, 89.0
2316653, B4U62_RS11980, G->T, missense, -1.31594741235, 0.3994, 7, 1, 1, 1, 1, 1, FAIL, 0.0, 200.0, 3.0, 236.0, 1.0, 73.0, 1.0, 140.0, 21.0, 148.0, 0.0, 150.0, 2.0, 99.0
2345294, B4U62_RS12140, C->A, synonymous, -1.61012634742, 0.4047, 7, 1, 1, 1, 1, 1, FAIL, 3.0, 232.0, 3.0, 21.0, 0.0, 123.0, 1.0, 150.0, 0.0, 182.0, 1.0, 71.0, 3.0, 113.0
2375798, intergenic, T->G, noncoding, -0.132901862267, 0.3721, 7, 1, 1, 1, 1, 1, FAIL, 2.0, 93.0, 4.0, 137.0, 3.0, 21.0, 2.0, 58.0, 3.0, 50.0, 3.0, 55.0, 2.0, 32.0
2391339, B4U62_RS12390, G->T, missense, -1.0308891029, 0.413, 7, 1, 1, 1, 1, 1, FAIL, 2.0, 216.0, 1.0, 91.0, 1.0, 48.0, 1.0, 95.0, 13.0, 98.0, 2.0, 83.0, 0.0, 68.0
2395119, B4U62_RS12420, A->G, missense, 0.172859926193, 0.3178, 7, 1, 1, 1, 1, 1, FAIL, 2.0, 242.0, 0.0, 473.0, 0.0, 127.0, 127.0, 238.0, 38.0, 223.0, 33.0, 212.0, 27.0, 123.0
2395640, B4U62_RS12420, A->G, missense, 0.928626531673, 0.075, 7, 1, 1, 1, 1, 1, PASS, 0.0, 192.0, 0.0, 108.0, 0.0, 70.0, 0.0, 129.0, 39.0, 147.0, 34.0, 113.0, 25.0, 90.0
2400691, B4U62_RS12450, T->A, missense, -0.0900716477536, 0.3976, 7, 1, 1, 1, 1, 1, FAIL, 12.0, 254.0, 6.0, 55.0, 9.0, 104.0, 10.0, 126.0, 15.0, 230.0, 13.0, 73.0, 7.0, 102.0
2400703, B4U62_RS12450, G->T, missense, 0.209949000766, 0.1035, 7, 1, 1, 1, 1, 1, FAIL, 6.0, 250.0, 3.0, 55.0, 4.0, 105.0, 9.0, 129.0, 19.0, 230.0, 13.0, 71.0, 6.0, 103.0
2400738, B4U62_RS12450, G->T, missense, -0.190971630184, 0.37, 7, 1, 1, 1, 1, 1, FAIL, 12.0, 198.0, 5.0, 34.0, 7.0, 77.0, 16.0, 92.0, 13.0, 189.0, 16.0, 52.0, 11.0, 85.0
2400741, B4U62_RS12450, C->A, missense, -0.334928412997, 0.3938, 7, 1, 1, 1, 1, 1, FAIL, 15.0, 185.0, 2.0, 32.0, 2.0, 69.0, 10.0, 84.0, 7.0, 180.0, 12.0, 43.0, 9.0, 82.0
2400748, B4U62_RS12450, G->T, synonymous, -0.0527244139601, 0.257, 7, 1, 1, 1, 1, 1, FAIL, 19.0, 171.0, 6.0, 23.0, 12.0, 60.0, 20.0, 71.0, 24.0, 172.0, 18.0, 40.0, 19.0, 68.0
2400750, B4U62_RS12450, T->A, missense, -0.132083971482, 0.3294, 7, 1, 1, 1, 1, 1, FAIL, 16.0, 170.0, 3.0, 23.0, 10.0, 60.0, 10.0, 70.0, 8.0, 172.0, 13.0, 40.0, 13.0, 70.0
2400755, B4U62_RS12450, A->T, missense, -0.197344164316, 0.3646, 7, 1, 1, 1, 1, 1, FAIL, 9.0, 170.0, 4.0, 22.0, 4.0, 55.0, 11.0, 66.0, 4.0, 170.0, 5.0, 39.0, 9.0, 70.0
2400762, B4U62_RS12450, G->T, missense, 0.036816858134, 0.3983, 7, 1, 1, 1, 1, 1, FAIL, 15.0, 161.0, 5.0, 19.0, 7.0, 56.0, 22.0, 64.0, 32.0, 170.0, 17.0, 35.0, 10.0, 74.0
2400766, B4U62_RS12450, T->A, synonymous, -0.393956851893, 0.3901, 7, 1, 1, 1, 1, 1, FAIL, 22.0, 163.0, 2.0, 19.0, 9.0, 60.0, 18.0, 67.0, 9.0, 169.0, 8.0, 35.0, 11.0, 73.0
2400771, B4U62_RS12450, G->C, missense, -0.241006487009, 0.3427, 7, 1, 1, 1, 1, 1, FAIL, 24.0, 163.0, 3.0, 17.0, 13.0, 63.0, 23.0, 66.0, 17.0, 176.0, 14.0, 34.0, 20.0, 71.0
2400771, B4U62_RS12450, G->T, missense, 0.116844212942, 0.1953, 7, 1, 1, 1, 1, 1, FAIL, 7.0, 163.0, 2.0, 17.0, 4.0, 63.0, 5.0, 66.0, 19.0, 176.0, 7.0, 34.0, 7.0, 71.0
2400776, B4U62_RS12450, A->C, missense, -0.199825521063, 0.2088, 7, 1, 1, 1, 1, 1, FAIL, 18.0, 157.0, 6.0, 17.0, 11.0, 66.0, 19.0, 66.0, 12.0, 177.0, 10.0, 32.0, 14.0, 75.0
2400781, B4U62_RS12450, G->C, synonymous, -0.363521452929, 0.3891, 7, 1, 1, 1, 1, 1, FAIL, 17.0, 163.0, 0.0, 14.0, 11.0, 65.0, 7.0, 63.0, 3.0, 177.0, 6.0, 32.0, 7.0, 79.0
2400781, B4U62_RS12450, G->T, synonymous, -0.559309771573, 0.39, 7, 1, 1, 1, 1, 1, FAIL, 9.0, 163.0, 4.0, 14.0, 5.0, 65.0, 14.0, 63.0, 9.0, 177.0, 3.0, 32.0, 18.0, 79.0
2400783, B4U62_RS12450, G->A, missense, -0.566512366205, 0.3843, 7, 1, 1, 1, 1, 1, FAIL, 12.0, 153.0, 2.0, 10.0, 1.0, 54.0, 6.0, 53.0, 0.0, 151.0, 1.0, 30.0, 5.0, 68.0
2400783, B4U62_RS12450, G->C, missense, -0.112340628325, 0.3837, 7, 1, 1, 1, 1, 1, FAIL, 13.0, 153.0, 1.0, 10.0, 16.0, 54.0, 10.0, 53.0, 9.0, 151.0, 6.0, 30.0, 15.0, 68.0
2400783, B4U62_RS12450, G->T, missense, 0.179468899739, 0.0881, 7, 1, 1, 1, 1, 1, PASS, 13.0, 153.0, 2.0, 10.0, 7.0, 54.0, 20.0, 53.0, 28.0, 151.0, 10.0, 30.0, 16.0, 68.0
2400788, B4U62_RS12450, A->C, missense, -0.112994442706, 0.1447, 7, 1, 1, 1, 1, 1, FAIL, 28.0, 155.0, 5.0, 9.0, 25.0, 59.0, 25.0, 58.0, 14.0, 167.0, 15.0, 29.0, 28.0, 73.0
2401664, B4U62_RS12455, T->A, missense, -0.102194269513, 0.3887, 7, 1, 1, 1, 1, 1, FAIL, 7.0, 210.0, 9.0, 183.0, 4.0, 76.0, 7.0, 143.0, 20.0, 122.0, 4.0, 87.0, 6.0, 76.0
2401742, B4U62_RS12455, C->A, missense, -1.83571255792, 0.3863, 7, 1, 1, 1, 1, 1, FAIL, 8.0, 220.0, 4.0, 214.0, 9.0, 58.0, 5.0, 120.0, 2.0, 159.0, 4.0, 97.0, 2.0, 61.0
2406328, B4U62_RS12480, C->A, missense, -1.33794510456, 0.4006, 7, 1, 1, 1, 1, 1, FAIL, 1.0, 140.0, 9.0, 65.0, 2.0, 52.0, 0.0, 59.0, 0.0, 87.0, 2.0, 58.0, 4.0, 65.0
2435914, B4U62_RS12660, G->T, noncoding, -2.99799145322, 0.4041, 7, 1, 1, 1, 1, 1, FAIL, 1.0, 239.0, 3.0, 15.0, 3.0, 104.0, 1.0, 118.0, 4.0, 202.0, 1.0, 47.0, 4.0, 136.0
2512972, intergenic, C->A, noncoding, -0.038173734639, 0.3962, 7, 1, 1, 1, 1, 1, FAIL, 21.0, 114.0, 32.0, 105.0, 21.0, 54.0, 37.0, 114.0, 11.0, 101.0, 22.0, 80.0, 28.0, 87.0
2512995, intergenic, C->A, noncoding, -0.0536173698674, 0.3958, 7, 1, 1, 1, 1, 1, FAIL, 20.0, 147.0, 34.0, 124.0, 16.0, 69.0, 38.0, 124.0, 8.0, 115.0, 23.0, 92.0, 38.0, 98.0
2513003, intergenic, G->C, noncoding, -0.0808614186661, 0.3788, 7, 1, 1, 1, 1, 1, FAIL, 16.0, 159.0, 9.0, 131.0, 15.0, 74.0, 14.0, 133.0, 2.0, 119.0, 11.0, 97.0, 12.0, 105.0
2515220, B4U62_RS13095, G->T, missense, -0.797085092078, 0.3908, 7, 1, 1, 1, 1, 1, FAIL, 8.0, 219.0, 2.0, 363.0, 0.0, 90.0, 3.0, 233.0, 10.0, 77.0, 1.0, 170.0, 2.0, 128.0
2518955, intergenic, G->T, noncoding, -7.80357142857, 0.3845, 7, 1, 1, 1, 1, 1, FAIL, 2.0, 177.0, 0.0, 7.0, 1.0, 65.0, 0.0, 49.0, 0.0, 105.0, 3.0, 21.0, 2.0, 69.0
2519848, B4U62_RS13115, C->A, missense, 0.73659714938, 0.0933, 7, 1, 1, 1, 1, 1, PASS, 3.0, 119.0, 0.0, 54.0, 2.0, 37.0, 2.0, 45.0, 1.0, 87.0, 5.0, 43.0, 8.0, 45.0
2542214, B4U62_RS13250, G->T, nonsense, -0.465203351341, 0.3826, 7, 1, 1, 1, 1, 1, FAIL, 15.0, 214.0, 0.0, 2.0, 1.0, 71.0, 2.0, 66.0, 2.0, 123.0, 3.0, 16.0, 3.0, 98.0
2553084, intergenic, C->G, noncoding, -0.209324979677, 0.2839, 7, 1, 1, 1, 1, 1, FAIL, 7.0, 154.0, 2.0, 5.0, 9.0, 73.0, 8.0, 49.0, 5.0, 169.0, 4.0, 21.0, 9.0, 88.0
2553086, intergenic, C->G, noncoding, -0.417727437358, 0.383, 7, 1, 1, 1, 1, 1, FAIL, 6.0, 161.0, 1.0, 5.0, 4.0, 78.0, 5.0, 49.0, 3.0, 176.0, 1.0, 22.0, 6.0, 92.0
2553096, intergenic, C->G, noncoding, -0.134668621562, 0.3706, 7, 1, 1, 1, 1, 1, FAIL, 8.0, 163.0, 1.0, 5.0, 16.0, 80.0, 13.0, 52.0, 11.0, 189.0, 4.0, 23.0, 11.0, 94.0
2553101, B4U62_RS13310, A->T, unknown, -0.125112553489, 0.3106, 7, 1, 1, 1, 1, 1, FAIL, 7.0, 165.0, 2.0, 5.0, 10.0, 80.0, 5.0, 52.0, 10.0, 190.0, 5.0, 24.0, 13.0, 95.0
2553113, B4U62_RS13310, C->A, missense, -0.183226878939, 0.3857, 7, 1, 1, 1, 1, 1, FAIL, 9.0, 167.0, 1.0, 6.0, 24.0, 80.0, 15.0, 54.0, 19.0, 191.0, 3.0, 24.0, 23.0, 95.0
2553116, B4U62_RS13310, C->A, nonsense, -0.347351178237, 0.3975, 7, 1, 1, 1, 1, 1, FAIL, 4.0, 168.0, 0.0, 6.0, 17.0, 80.0, 7.0, 54.0, 9.0, 187.0, 3.0, 24.0, 15.0, 95.0
2553123, B4U62_RS13310, C->G, synonymous, -0.252324606424, 0.3822, 7, 1, 1, 1, 1, 1, FAIL, 5.0, 169.0, 0.0, 7.0, 6.0, 80.0, 2.0, 54.0, 4.0, 191.0, 4.0, 24.0, 7.0, 97.0
2553131, B4U62_RS13310, C->A, nonsense, -0.0481541949725, 0.3771, 7, 1, 1, 1, 1, 1, FAIL, 6.0, 170.0, 2.0, 7.0, 16.0, 81.0, 6.0, 56.0, 16.0, 189.0, 4.0, 23.0, 11.0, 93.0
2553141, B4U62_RS13310, C->A, synonymous, -0.194436665758, 0.3732, 7, 1, 1, 1, 1, 1, FAIL, 3.0, 168.0, 0.0, 7.0, 19.0, 85.0, 10.0, 56.0, 17.0, 186.0, 2.0, 24.0, 16.0, 91.0
2553156, B4U62_RS13310, A->T, missense, -0.367291376289, 0.4089, 7, 1, 1, 1, 1, 1, FAIL, 2.0, 167.0, 0.0, 8.0, 7.0, 79.0, 5.0, 54.0, 5.0, 187.0, 4.0, 25.0, 4.0, 83.0
2553158, B4U62_RS13310, C->A, missense, 0.0286368192695, 0.3462, 7, 1, 1, 1, 1, 1, FAIL, 3.0, 165.0, 2.0, 8.0, 12.0, 75.0, 8.0, 53.0, 17.0, 185.0, 5.0, 25.0, 14.0, 81.0
2553164, B4U62_RS13310, G->T, missense, -0.0512174287625, 0.3812, 7, 1, 1, 1, 1, 1, FAIL, 2.0, 161.0, 0.0, 9.0, 5.0, 72.0, 3.0, 53.0, 5.0, 178.0, 4.0, 24.0, 7.0, 78.0
2553167, B4U62_RS13310, C->G, missense, -0.434718520494, 0.3824, 7, 1, 1, 1, 1, 1, FAIL, 2.0, 157.0, 1.0, 10.0, 7.0, 71.0, 5.0, 54.0, 5.0, 175.0, 5.0, 26.0, 5.0, 78.0
2553174, B4U62_RS13310, G->T, synonymous, -0.161396323137, 0.3828, 7, 1, 1, 1, 1, 1, FAIL, 0.0, 165.0, 1.0, 11.0, 7.0, 67.0, 3.0, 55.0, 10.0, 168.0, 4.0, 26.0, 5.0, 75.0
2556014, B4U62_RS13330, C->A, missense, 0.301649124146, 0.2422, 7, 1, 1, 1, 1, 1, FAIL, 7.0, 241.0, 0.0, 6.0, 1.0, 73.0, 1.0, 50.0, 6.0, 131.0, 3.0, 19.0, 5.0, 60.0
2575163, B4U62_RS13465, C->A, synonymous, -0.697185977849, 0.4176, 7, 1, 1, 1, 1, 1, FAIL, 0.0, 267.0, 3.0, 404.0, 0.0, 87.0, 2.0, 242.0, 24.0, 183.0, 2.0, 203.0, 2.0, 104.0
2599913, B4U62_RS13605, T->G, noncoding, -2.92556538214, 0.3852, 7, 1, 1, 1, 1, 1, FAIL, 1.0, 135.0, 0.0, 13.0, 2.0, 28.0, 1.0, 26.0, 3.0, 61.0, 0.0, 11.0, 6.0, 31.0
2599920, B4U62_RS13605, T->G, noncoding, 0.0299444105242, 0.3924, 7, 1, 1, 1, 1, 1, FAIL, 3.0, 137.0, 0.0, 13.0, 6.0, 27.0, 1.0, 24.0, 9.0, 59.0, 0.0, 12.0, 3.0, 31.0
2655262, intergenic, C->A, noncoding, -0.151407931935, 0.3692, 7, 1, 1, 1, 1, 1, FAIL, 12.0, 222.0, 0.0, 0.0, 13.0, 89.0, 9.0, 46.0, 5.0, 172.0, 1.0, 13.0, 8.0, 76.0
2663225, B4U62_RS13960, G->T, missense, -0.378025809438, 0.4127, 7, 1, 1, 1, 1, 1, FAIL, 2.0, 207.0, 0.0, 1.0, 1.0, 52.0, 3.0, 19.0, 6.0, 145.0, 0.0, 8.0, 0.0, 50.0
2674689, B4U62_RS14040, C->A, synonymous, 0.0111481823575, 0.404, 7, 1, 1, 1, 1, 1, FAIL, 6.0, 194.0, 7.0, 103.0, 6.0, 80.0, 12.0, 121.0, 31.0, 157.0, 4.0, 102.0, 0.0, 71.0
2674691, B4U62_RS14040, G->T, missense, -0.0627100150806, 0.389, 7, 1, 1, 1, 1, 1, FAIL, 3.0, 196.0, 2.0, 104.0, 3.0, 80.0, 9.0, 120.0, 33.0, 156.0, 1.0, 103.0, 1.0, 70.0
2674692, B4U62_RS14040, C->A, missense, -0.0480442960813, 0.3777, 7, 1, 1, 1, 1, 1, FAIL, 4.0, 196.0, 1.0, 104.0, 2.0, 80.0, 4.0, 116.0, 27.0, 155.0, 4.0, 102.0, 0.0, 70.0
2674730, B4U62_RS14040, C->A, missense, -0.334556792617, 0.4037, 7, 1, 1, 1, 1, 1, FAIL, 4.0, 199.0, 3.0, 106.0, 3.0, 89.0, 4.0, 121.0, 24.0, 153.0, 1.0, 113.0, 1.0, 86.0
2674734, B4U62_RS14040, C->A, missense, -0.585012223257, 0.4052, 7, 1, 1, 1, 1, 1, FAIL, 6.0, 203.0, 2.0, 111.0, 2.0, 91.0, 2.0, 121.0, 24.0, 153.0, 0.0, 112.0, 0.0, 86.0
2674742, B4U62_RS14040, G->T, missense, -0.627494499199, 0.4087, 7, 1, 1, 1, 1, 1, FAIL, 4.0, 195.0, 2.0, 107.0, 2.0, 93.0, 2.0, 118.0, 24.0, 147.0, 0.0, 109.0, 0.0, 80.0
2674758, B4U62_RS14040, G->T, synonymous, -0.278774037636, 0.3914, 7, 1, 1, 1, 1, 1, FAIL, 9.0, 196.0, 2.0, 102.0, 7.0, 88.0, 5.0, 121.0, 23.0, 140.0, 2.0, 111.0, 2.0, 88.0
2681227, B4U62_RS14080, C->A, missense, -1.40106177432, 0.3899, 7, 1, 1, 1, 1, 1, FAIL, 2.0, 184.0, 0.0, 15.0, 3.0, 60.0, 3.0, 89.0, 2.0, 130.0, 4.0, 31.0, 0.0, 89.0
2701351, B4U62_RS14230, G->T, synonymous, -0.103980949634, 0.3977, 7, 1, 1, 1, 1, 1, FAIL, 16.0, 191.0, 8.0, 37.0, 22.0, 90.0, 14.0, 62.0, 1.0, 96.0, 9.0, 62.0, 18.0, 91.0
2701373, B4U62_RS14230, G->T, synonymous, -0.1702422302, 0.3983, 7, 1, 1, 1, 1, 1, FAIL, 19.0, 161.0, 6.0, 36.0, 21.0, 75.0, 9.0, 57.0, 5.0, 81.0, 5.0, 51.0, 15.0, 79.0
2701378, intergenic, G->T, noncoding, -0.0133050452675, 0.3925, 7, 1, 1, 1, 1, 1, FAIL, 30.0, 164.0, 6.0, 40.0, 26.0, 70.0, 15.0, 58.0, 6.0, 78.0, 10.0, 52.0, 23.0, 84.0
2701411, intergenic, G->T, noncoding, -0.074302622495, 0.4063, 7, 1, 1, 1, 1, 1, FAIL, 22.0, 173.0, 10.0, 62.0, 23.0, 76.0, 14.0, 63.0, 11.0, 104.0, 9.0, 56.0, 21.0, 97.0
2707683, B4U62_RS14270, G->T, missense, -0.0884925632663, 0.3916, 7, 1, 1, 1, 1, 1, FAIL, 12.0, 289.0, 2.0, 17.0, 3.0, 74.0, 8.0, 91.0, 8.0, 227.0, 10.0, 46.0, 9.0, 97.0
2719791, B4U62_RS14365, C->A, nonsense, -0.550569482302, 0.4034, 7, 1, 1, 1, 1, 1, FAIL, 2.0, 219.0, 1.0, 38.0, 1.0, 63.0, 1.0, 58.0, 4.0, 137.0, 4.0, 27.0, 0.0, 64.0
2733159, B4U62_RS14445, G->T, missense, -0.10295889773, 0.3938, 7, 1, 1, 1, 1, 1, FAIL, 3.0, 305.0, 3.0, 21.0, 2.0, 116.0, 0.0, 53.0, 6.0, 220.0, 0.0, 20.0, 1.0, 116.0
2744671, B4U62_RS14510, G->T, missense, -3.0859426041, 0.401, 7, 1, 1, 1, 1, 1, FAIL, 1.0, 285.0, 3.0, 15.0, 1.0, 95.0, 1.0, 129.0, 6.0, 232.0, 1.0, 47.0, 2.0, 88.0
2768954, B4U62_RS14640, C->A, synonymous, -1.01150421717, 0.4112, 7, 1, 1, 1, 1, 1, FAIL, 2.0, 228.0, 0.0, 8.0, 2.0, 74.0, 0.0, 51.0, 1.0, 152.0, 3.0, 20.0, 1.0, 98.0
2789384, B4U62_RS14735, C->A, nonsense, -0.635293681125, 0.412, 7, 1, 1, 1, 1, 1, FAIL, 7.0, 153.0, 8.0, 35.0, 2.0, 52.0, 1.0, 69.0, 1.0, 100.0, 3.0, 57.0, 3.0, 58.0
2818377, B4U62_RS14885, C->A, missense, -1.01759408819, 0.3855, 7, 1, 1, 1, 1, 1, FAIL, 12.0, 221.0, 3.0, 18.0, 5.0, 87.0, 2.0, 21.0, 1.0, 132.0, 0.0, 4.0, 7.0, 75.0
2835145, B4U62_RS14965, G->T, missense, -0.240017699534, 0.3976, 7, 1, 1, 1, 1, 1, FAIL, 12.0, 241.0, 2.0, 37.0, 10.0, 56.0, 3.0, 78.0, 7.0, 133.0, 1.0, 40.0, 10.0, 95.0
2835163, B4U62_RS14965, G->T, missense, -0.110110204192, 0.403, 7, 1, 1, 1, 1, 1, FAIL, 13.0, 226.0, 2.0, 49.0, 10.0, 58.0, 4.0, 75.0, 5.0, 128.0, 1.0, 44.0, 11.0, 88.0
2844687, intergenic, G->T, noncoding, -1.29110190691, 0.4068, 7, 1, 1, 1, 1, 1, FAIL, 1.0, 240.0, 1.0, 331.0, 1.0, 106.0, 4.0, 227.0, 13.0, 110.0, 2.0, 175.0, 1.0, 123.0
2844690, intergenic, C->A, noncoding, -0.780695376014, 0.3994, 7, 1, 1, 1, 1, 1, FAIL, 3.0, 242.0, 7.0, 334.0, 3.0, 107.0, 2.0, 227.0, 18.0, 109.0, 3.0, 175.0, 3.0, 124.0
2844696, B4U62_RS15025, C->A, missense, -0.508628158181, 0.3922, 7, 1, 1, 1, 1, 1, FAIL, 2.0, 246.0, 7.0, 350.0, 1.0, 108.0, 2.0, 234.0, 21.0, 111.0, 5.0, 180.0, 3.0, 128.0
2844698, B4U62_RS15025, C->A, nonsense, -0.229658788893, 0.4042, 7, 1, 1, 1, 1, 1, FAIL, 3.0, 242.0, 7.0, 352.0, 2.0, 108.0, 4.0, 231.0, 20.0, 113.0, 6.0, 182.0, 4.0, 128.0
2879945, B4U62_RS15205, C->A, missense, -0.460517240576, 0.3986, 7, 1, 1, 1, 1, 1, FAIL, 8.0, 155.0, 4.0, 23.0, 1.0, 69.0, 2.0, 44.0, 4.0, 112.0, 2.0, 21.0, 1.0, 56.0
2965809, B4U62_RS15625, A->G, missense, -0.258430235254, 0.4084, 7, 1, 1, 1, 1, 1, FAIL, 1.0, 182.0, 3.0, 76.0, 11.0, 84.0, 3.0, 132.0, 0.0, 133.0, 0.0, 76.0, 0.0, 73.0
3010923, B4U62_RS15845, C->A, nonsense, 0.0532644063736, 0.3861, 7, 1, 1, 1, 1, 1, FAIL, 2.0, 183.0, 28.0, 251.0, 12.0, 59.0, 16.0, 108.0, 2.0, 119.0, 5.0, 106.0, 10.0, 84.0
3028597, B4U62_RS15940, C->A, synonymous, 1.16707892275, 0.0509, 7, 1, 1, 1, 1, 1, PASS, 1.0, 233.0, 0.0, 89.0, 1.0, 82.0, 1.0, 81.0, 6.0, 161.0, 4.0, 30.0, 2.0, 106.0
3029838, B4U62_RS15945, C->A, missense, -0.367564194761, 0.4029, 7, 1, 1, 1, 1, 1, FAIL, 5.0, 160.0, 13.0, 62.0, 4.0, 73.0, 10.0, 101.0, 11.0, 136.0, 9.0, 62.0, 8.0, 93.0
3099090, B4U62_RS16270, G->T, missense, -0.0630662990751, 0.4052, 7, 1, 1, 1, 1, 1, FAIL, 16.0, 181.0, 77.0, 307.0, 16.0, 80.0, 31.0, 151.0, 22.0, 178.0, 42.0, 149.0, 31.0, 94.0
3136250, intergenic, G->T, noncoding, -0.147279060211, 0.3897, 7, 1, 1, 1, 1, 1, FAIL, 8.0, 142.0, 4.0, 23.0, 5.0, 49.0, 3.0, 47.0, 2.0, 75.0, 4.0, 36.0, 2.0, 48.0
3136258, B4U62_RS16455, C->A, missense, -1.6737447085, 0.3867, 7, 1, 1, 1, 1, 1, FAIL, 3.0, 149.0, 5.0, 24.0, 2.0, 50.0, 1.0, 52.0, 2.0, 75.0, 4.0, 40.0, 0.0, 48.0
3136260, B4U62_RS16455, T->A, synonymous, -1.2007015105, 0.4091, 7, 1, 1, 1, 1, 1, FAIL, 4.0, 146.0, 4.0, 24.0, 1.0, 51.0, 2.0, 55.0, 0.0, 77.0, 0.0, 40.0, 3.0, 47.0
3146118, B4U62_RS16525, C->A, synonymous, -0.544411320639, 0.3987, 7, 1, 1, 1, 1, 1, FAIL, 15.0, 229.0, 3.0, 50.0, 4.0, 57.0, 14.0, 82.0, 2.0, 137.0, 4.0, 64.0, 4.0, 77.0
3146148, B4U62_RS16525, A->C, synonymous, -0.526266836587, 0.3881, 7, 1, 1, 1, 1, 1, FAIL, 26.0, 217.0, 3.0, 47.0, 5.0, 58.0, 18.0, 82.0, 2.0, 135.0, 7.0, 65.0, 6.0, 66.0
3181647, B4U62_RS16770, G->T, missense, -0.0041736305028, 0.4022, 7, 1, 1, 1, 1, 1, FAIL, 19.0, 180.0, 23.0, 97.0, 10.0, 73.0, 22.0, 141.0, 2.0, 112.0, 7.0, 76.0, 13.0, 88.0
3181650, B4U62_RS16770, C->A, nonsense, -0.0607161942722, 0.3915, 7, 1, 1, 1, 1, 1, FAIL, 12.0, 174.0, 20.0, 97.0, 19.0, 73.0, 30.0, 138.0, 6.0, 109.0, 18.0, 76.0, 15.0, 85.0
3181668, B4U62_RS16770, C->A, nonsense, -0.189804534626, 0.3935, 7, 1, 1, 1, 1, 1, FAIL, 7.0, 165.0, 21.0, 94.0, 8.0, 65.0, 7.0, 104.0, 1.0, 105.0, 6.0, 74.0, 11.0, 74.0
3196487, B4U62_RS16850, G->T, missense, -1.08700506368, 0.3921, 7, 1, 1, 1, 1, 1, FAIL, 9.0, 199.0, 1.0, 12.0, 2.0, 42.0, 11.0, 66.0, 0.0, 110.0, 2.0, 19.0, 3.0, 73.0
3226336, B4U62_RS16990, C->A, missense, -0.537706642856, 0.3801, 7, 1, 1, 1, 1, 1, FAIL, 1.0, 187.0, 3.0, 326.0, 1.0, 51.0, 2.0, 174.0, 12.0, 86.0, 2.0, 166.0, 3.0, 84.0
3234556, B4U62_RS17040, T->C, missense, 0.499074264725, 0.0239, 7, 1, 1, 1, 1, 1, PASS, 0.0, 182.0, 3.0, 23.0, 8.0, 62.0, 34.0, 96.0, 82.0, 102.0, 34.0, 43.0, 60.0, 83.0
3236282, intergenic, C->A, noncoding, -0.617182676283, 0.3573, 7, 1, 1, 1, 1, 1, FAIL, 11.0, 129.0, 5.0, 12.0, 3.0, 50.0, 14.0, 62.0, 5.0, 76.0, 6.0, 17.0, 9.0, 71.0
3274555, B4U62_RS17235, C->A, synonymous, -0.018843231262, 0.3965, 7, 1, 1, 1, 1, 1, FAIL, 7.0, 161.0, 7.0, 79.0, 10.0, 53.0, 5.0, 88.0, 3.0, 98.0, 3.0, 94.0, 5.0, 80.0
3284737, B4U62_RS17270, G->A, synonymous, 1.99778011977, 0.0408, 7, 1, 1, 1, 1, 1, PASS, 0.0, 227.0, 0.0, 679.0, 0.0, 89.0, 5.0, 236.0, 46.0, 119.0, 108.0, 238.0, 35.0, 99.0
3324356, B4U62_RS17475, G->T, synonymous, -0.613587084988, 0.4011, 7, 1, 1, 1, 1, 1, FAIL, 1.0, 269.0, 19.0, 873.0, 5.0, 162.0, 4.0, 373.0, 22.0, 171.0, 4.0, 308.0, 4.0, 168.0
3337483, B4U62_RS17535, C->A, nonsense, -0.180775883452, 0.38, 7, 1, 1, 1, 1, 1, FAIL, 11.0, 166.0, 5.0, 19.0, 7.0, 67.0, 9.0, 80.0, 7.0, 79.0, 0.0, 11.0, 12.0, 109.0
3392832, B4U62_RS17855, C->A, missense, 0.336204493885, 0.1243, 7, 1, 1, 1, 1, 1, FAIL, 7.0, 179.0, 1.0, 13.0, 4.0, 49.0, 3.0, 55.0, 3.0, 98.0, 6.0, 38.0, 10.0, 56.0
3392841, B4U62_RS17855, C->A, synonymous, 0.20587547052, 0.3301, 7, 1, 1, 1, 1, 1, FAIL, 3.0, 172.0, 1.0, 13.0, 1.0, 50.0, 0.0, 60.0, 1.0, 103.0, 6.0, 41.0, 3.0, 58.0
3392903, B4U62_RS17855, C->A, missense, -0.178900022207, 0.4055, 7, 1, 1, 1, 1, 1, FAIL, 10.0, 199.0, 3.0, 15.0, 2.0, 53.0, 5.0, 71.0, 2.0, 115.0, 3.0, 54.0, 5.0, 50.0
3437672, B4U62_RS18080, C->A, nonsense, -0.222216317079, 0.3836, 7, 1, 1, 1, 1, 1, FAIL, 16.0, 131.0, 1.0, 7.0, 7.0, 48.0, 6.0, 38.0, 3.0, 94.0, 7.0, 30.0, 7.0, 80.0
3457466, B4U62_RS18185, G->T, missense, -0.386695260357, 0.395, 7, 1, 1, 1, 1, 1, FAIL, 21.0, 197.0, 8.0, 52.0, 5.0, 56.0, 16.0, 117.0, 1.0, 124.0, 14.0, 64.0, 7.0, 74.0
3457472, B4U62_RS18185, G->T, missense, -0.374318889143, 0.4013, 7, 1, 1, 1, 1, 1, FAIL, 22.0, 177.0, 6.0, 52.0, 5.0, 53.0, 13.0, 108.0, 3.0, 114.0, 14.0, 57.0, 8.0, 67.0
3459403, B4U62_RS18195, G->T, synonymous, -0.39836332946, 0.4104, 7, 1, 1, 1, 1, 1, FAIL, 1.0, 217.0, 9.0, 555.0, 1.0, 103.0, 2.0, 231.0, 18.0, 116.0, 4.0, 193.0, 2.0, 95.0
3459406, B4U62_RS18195, A->T, missense, -0.415227490534, 0.4014, 7, 1, 1, 1, 1, 1, FAIL, 1.0, 213.0, 11.0, 535.0, 1.0, 99.0, 3.0, 225.0, 14.0, 108.0, 3.0, 189.0, 2.0, 91.0
3459409, B4U62_RS18195, G->T, missense, -0.456661806138, 0.3991, 7, 1, 1, 1, 1, 1, FAIL, 4.0, 224.0, 17.0, 579.0, 2.0, 110.0, 2.0, 241.0, 20.0, 120.0, 5.0, 199.0, 1.0, 102.0
3459412, B4U62_RS18195, A->T, missense, -0.331468549205, 0.4068, 7, 1, 1, 1, 1, 1, FAIL, 1.0, 227.0, 4.0, 571.0, 0.0, 110.0, 3.0, 230.0, 16.0, 118.0, 2.0, 195.0, 2.0, 101.0
3459414, B4U62_RS18195, A->T, nonsense, -0.270468345058, 0.4109, 7, 1, 1, 1, 1, 1, FAIL, 1.0, 228.0, 10.0, 565.0, 1.0, 109.0, 4.0, 232.0, 15.0, 117.0, 3.0, 195.0, 2.0, 101.0
3459418, B4U62_RS18195, C->A, synonymous, -0.301366195409, 0.4111, 7, 1, 1, 1, 1, 1, FAIL, 3.0, 234.0, 8.0, 578.0, 0.0, 110.0, 4.0, 239.0, 16.0, 123.0, 2.0, 194.0, 1.0, 107.0
3459427, B4U62_RS18195, C->T, missense, -0.931853816684, 0.4073, 7, 1, 1, 1, 1, 1, FAIL, 0.0, 221.0, 7.0, 527.0, 1.0, 102.0, 2.0, 226.0, 17.0, 111.0, 1.0, 179.0, 0.0, 95.0
3463461, B4U62_RS18220, C->A, noncoding, -0.335065745451, 0.4182, 7, 1, 1, 1, 1, 1, FAIL, 2.0, 164.0, 3.0, 74.0, 1.0, 41.0, 2.0, 56.0, 21.0, 99.0, 1.0, 52.0, 2.0, 57.0
3475656, B4U62_RS18290, A->C, missense, -0.193320151939, 0.4061, 7, 1, 1, 1, 1, 1, FAIL, 6.0, 175.0, 3.0, 46.0, 1.0, 61.0, 0.0, 70.0, 2.0, 131.0, 1.0, 36.0, 13.0, 77.0
3520562, B4U62_RS18495, T->C, missense, 0.160617289824, 0.1014, 7, 1, 1, 1, 1, 1, FAIL, 0.0, 231.0, 0.0, 202.0, 0.0, 123.0, 1.0, 211.0, 2.0, 144.0, 2.0, 175.0, 19.0, 125.0
3546133, intergenic, G->T, noncoding, -0.0720317456474, 0.3996, 7, 1, 1, 1, 1, 1, FAIL, 36.0, 231.0, 13.0, 52.0, 15.0, 94.0, 19.0, 126.0, 2.0, 151.0, 15.0, 73.0, 7.0, 64.0
3546141, intergenic, G->T, noncoding, -0.115378711924, 0.3892, 7, 1, 1, 1, 1, 1, FAIL, 28.0, 228.0, 11.0, 50.0, 9.0, 90.0, 17.0, 122.0, 6.0, 152.0, 13.0, 73.0, 8.0, 64.0
3644685, B4U62_RS19115, C->A, missense, -0.0678993042127, 0.3839, 7, 1, 1, 1, 1, 1, FAIL, 20.0, 298.0, 4.0, 18.0, 8.0, 101.0, 11.0, 131.0, 10.0, 224.0, 10.0, 96.0, 5.0, 73.0
3674470, B4U62_RS19245, C->A, missense, -0.700484694136, 0.4023, 7, 1, 1, 1, 1, 1, FAIL, 3.0, 188.0, 5.0, 27.0, 1.0, 70.0, 2.0, 122.0, 8.0, 171.0, 1.0, 72.0, 3.0, 72.0
3688710, intergenic, C->A, noncoding, -1.60697722331, 0.4165, 7, 1, 1, 1, 1, 1, FAIL, 4.0, 222.0, 3.0, 18.0, 1.0, 59.0, 0.0, 76.0, 6.0, 156.0, 2.0, 43.0, 2.0, 70.0
3715005, B4U62_RS19425, G->T, synonymous, -0.452002320749, 0.3957, 7, 1, 1, 1, 1, 1, FAIL, 6.0, 152.0, 1.0, 15.0, 1.0, 33.0, 2.0, 42.0, 16.0, 90.0, 0.0, 31.0, 1.0, 53.0
3715014, B4U62_RS19425, G->T, synonymous, -0.647067352636, 0.3905, 7, 1, 1, 1, 1, 1, FAIL, 10.0, 172.0, 4.0, 18.0, 2.0, 34.0, 1.0, 48.0, 14.0, 97.0, 2.0, 34.0, 2.0, 58.0
3715029, B4U62_RS19425, C->A, synonymous, -0.148071587651, 0.4096, 7, 1, 1, 1, 1, 1, FAIL, 14.0, 166.0, 1.0, 16.0, 0.0, 29.0, 3.0, 42.0, 25.0, 86.0, 3.0, 27.0, 4.0, 52.0
3715095, B4U62_RS19425, G->T, synonymous, -0.753679147107, 0.404, 7, 1, 1, 1, 1, 1, FAIL, 4.0, 146.0, 0.0, 20.0, 2.0, 41.0, 2.0, 40.0, 18.0, 93.0, 1.0, 26.0, 1.0, 42.0
3717472, B4U62_RS19435, T->A, missense, -0.622321046754, 0.3553, 7, 1, 1, 1, 1, 1, FAIL, 7.0, 139.0, 0.0, 0.0, 3.0, 21.0, 1.0, 10.0, 10.0, 45.0, 0.0, 9.0, 2.0, 13.0
3717498, B4U62_RS19435, C->A, synonymous, 0.363128607699, 0.3481, 7, 1, 1, 1, 1, 1, FAIL, 1.0, 112.0, 0.0, 0.0, 4.0, 17.0, 1.0, 7.0, 10.0, 29.0, 0.0, 8.0, 2.0, 11.0
3717515, B4U62_RS19435, C->A, missense, 0.111202567293, 0.3688, 7, 1, 1, 1, 1, 1, FAIL, 3.0, 108.0, 0.0, 0.0, 2.0, 17.0, 0.0, 8.0, 6.0, 37.0, 2.0, 8.0, 0.0, 8.0
3717524, B4U62_RS19435, G->T, nonsense, 0.987754807685, 0.1878, 7, 1, 1, 1, 1, 1, FAIL, 1.0, 112.0, 0.0, 0.0, 2.0, 16.0, 0.0, 8.0, 5.0, 46.0, 2.0, 8.0, 0.0, 10.0
3717537, B4U62_RS19435, C->A, synonymous, -0.131415487318, 0.3569, 7, 1, 1, 1, 1, 1, FAIL, 4.0, 106.0, 0.0, 0.0, 2.0, 16.0, 1.0, 11.0, 10.0, 57.0, 3.0, 8.0, 0.0, 11.0
3717539, B4U62_RS19435, C->A, synonymous, -0.102789214749, 0.3657, 7, 1, 1, 1, 1, 1, FAIL, 1.0, 108.0, 0.0, 0.0, 2.0, 16.0, 0.0, 10.0, 9.0, 58.0, 2.0, 8.0, 0.0, 12.0
3717552, B4U62_RS19435, C->A, missense, -0.236820181624, 0.3515, 7, 1, 1, 1, 1, 1, FAIL, 4.0, 118.0, 0.0, 0.0, 3.0, 15.0, 1.0, 9.0, 12.0, 58.0, 1.0, 9.0, 0.0, 13.0
3717591, B4U62_RS19435, C->A, missense, 0.207429298463, 0.3647, 7, 1, 1, 1, 1, 1, FAIL, 5.0, 126.0, 0.0, 0.0, 1.0, 23.0, 0.0, 12.0, 18.0, 74.0, 2.0, 7.0, 0.0, 12.0
3717597, B4U62_RS19435, T->A, synonymous, -0.857825852577, 0.364, 7, 1, 1, 1, 1, 1, FAIL, 4.0, 127.0, 0.0, 0.0, 2.0, 22.0, 1.0, 12.0, 18.0, 77.0, 0.0, 7.0, 2.0, 11.0
3726301, B4U62_RS19495, C->T, synonymous, 0.95492361913, 0.2726, 7, 1, 1, 1, 1, 1, FAIL, 255.0, 259.0, 230.0, 232.0, 70.0, 70.0, 151.0, 151.0, 174.0, 179.0, 109.0, 110.0, 83.0, 85.0
3757422, B4U62_RS19670, G->T, missense, -2.17734031006, 0.4177, 7, 1, 1, 1, 1, 1, FAIL, 2.0, 179.0, 3.0, 564.0, 0.0, 58.0, 0.0, 240.0, 22.0, 81.0, 2.0, 183.0, 1.0, 64.0
3757423, B4U62_RS19670, G->T, synonymous, -1.23466913169, 0.4036, 7, 1, 1, 1, 1, 1, FAIL, 0.0, 178.0, 1.0, 564.0, 0.0, 58.0, 3.0, 240.0, 22.0, 81.0, 3.0, 182.0, 0.0, 64.0
3757426, B4U62_RS19670, G->T, synonymous, -1.56913494079, 0.4087, 7, 1, 1, 1, 1, 1, FAIL, 2.0, 160.0, 6.0, 563.0, 1.0, 57.0, 1.0, 235.0, 21.0, 79.0, 2.0, 180.0, 1.0, 63.0
3757428, B4U62_RS19670, G->T, missense, -1.82638038083, 0.4245, 7, 1, 1, 1, 1, 1, FAIL, 0.0, 153.0, 4.0, 554.0, 0.0, 56.0, 3.0, 228.0, 20.0, 77.0, 0.0, 177.0, 1.0, 63.0
3757443, B4U62_RS19670, G->T, missense, -0.605628284812, 0.4214, 7, 1, 1, 1, 1, 1, FAIL, 0.0, 142.0, 4.0, 472.0, 0.0, 43.0, 4.0, 187.0, 21.0, 66.0, 2.0, 154.0, 0.0, 53.0
3757447, B4U62_RS19670, G->T, missense, -1.77042200357, 0.4178, 7, 1, 1, 1, 1, 1, FAIL, 1.0, 147.0, 6.0, 476.0, 0.0, 45.0, 1.0, 188.0, 22.0, 67.0, 2.0, 159.0, 1.0, 51.0
3757453, B4U62_RS19670, G->T, synonymous, -2.0245030201, 0.4098, 7, 1, 1, 1, 1, 1, FAIL, 3.0, 155.0, 2.0, 509.0, 0.0, 46.0, 1.0, 195.0, 9.0, 68.0, 0.0, 170.0, 0.0, 55.0
3757459, B4U62_RS19670, A->T, synonymous, -1.97087017712, 0.4102, 7, 1, 1, 1, 1, 1, FAIL, 2.0, 159.0, 1.0, 532.0, 1.0, 46.0, 2.0, 203.0, 21.0, 70.0, 0.0, 174.0, 0.0, 57.0
3757929, B4U62_RS19670, G->T, synonymous, -0.616663325935, 0.4011, 7, 1, 1, 1, 1, 1, FAIL, 4.0, 185.0, 3.0, 22.0, 0.0, 80.0, 1.0, 111.0, 1.0, 114.0, 1.0, 72.0, 3.0, 83.0
3788485, B4U62_RS19880, C->T, missense, 1.47654752652, 0.0819, 7, 1, 1, 1, 1, 1, PASS, 0.0, 246.0, 0.0, 1.0, 0.0, 72.0, 0.0, 59.0, 37.0, 145.0, 9.0, 16.0, 32.0, 75.0
3813190, B4U62_RS20015, C->A, noncoding, -0.878023051225, 0.3723, 7, 1, 1, 1, 1, 1, FAIL, 2.0, 235.0, 0.0, 0.0, 0.0, 84.0, 5.0, 41.0, 4.0, 176.0, 1.0, 8.0, 2.0, 82.0
3824205, B4U62_RS20065, T->C, missense, 1.92266977312, 0.0068, 7, 1, 1, 1, 1, 1, PASS, 0.0, 357.0, 0.0, 499.0, 0.0, 125.0, 6.0, 274.0, 47.0, 177.0, 100.0, 203.0, 62.0, 128.0
3825726, B4U62_RS20075, G->T, missense, -0.700861295095, 0.4041, 7, 1, 1, 1, 1, 1, FAIL, 3.0, 230.0, 2.0, 322.0, 0.0, 80.0, 1.0, 158.0, 15.0, 125.0, 1.0, 152.0, 0.0, 102.0
3880273, B4U62_RS20340, G->A, missense, 0.272567741578, 0.0933, 7, 1, 1, 1, 1, 1, PASS, 6.0, 192.0, 81.0, 234.0, 7.0, 60.0, 80.0, 159.0, 82.0, 104.0, 90.0, 104.0, 56.0, 81.0
3881809, B4U62_RS20345, G->T, synonymous, -0.956677196219, 0.3994, 7, 1, 1, 1, 1, 1, FAIL, 1.0, 233.0, 3.0, 570.0, 1.0, 105.0, 2.0, 184.0, 21.0, 132.0, 1.0, 204.0, 1.0, 78.0
3898505, B4U62_RS20445, G->T, missense, -1.12992143361, 0.4237, 7, 1, 1, 1, 1, 1, FAIL, 1.0, 124.0, 3.0, 346.0, 1.0, 48.0, 2.0, 171.0, 13.0, 52.0, 2.0, 164.0, 1.0, 67.0
3898513, B4U62_RS20445, G->T, missense, -2.57924794277, 0.4205, 7, 1, 1, 1, 1, 1, FAIL, 2.0, 111.0, 2.0, 395.0, 0.0, 48.0, 5.0, 190.0, 11.0, 48.0, 2.0, 164.0, 1.0, 67.0
3918043, B4U62_RS20540, G->T, missense, 0.360373152791, 0.1434, 7, 1, 1, 1, 1, 1, FAIL, 5.0, 222.0, 0.0, 22.0, 4.0, 63.0, 6.0, 67.0, 13.0, 147.0, 7.0, 41.0, 5.0, 57.0
3918089, B4U62_RS20540, G->T, nonsense, -0.0294799018052, 0.3892, 7, 1, 1, 1, 1, 1, FAIL, 16.0, 235.0, 0.0, 4.0, 5.0, 71.0, 19.0, 74.0, 16.0, 169.0, 11.0, 42.0, 14.0, 64.0
3918095, B4U62_RS20540, T->A, synonymous, -0.0962085270368, 0.3836, 7, 1, 1, 1, 1, 1, FAIL, 9.0, 239.0, 1.0, 4.0, 8.0, 71.0, 11.0, 74.0, 7.0, 170.0, 5.0, 43.0, 9.0, 66.0
3918097, B4U62_RS20540, C->A, missense, -0.200629605025, 0.2996, 7, 1, 1, 1, 1, 1, FAIL, 35.0, 239.0, 2.0, 4.0, 16.0, 70.0, 29.0, 73.0, 15.0, 172.0, 13.0, 44.0, 15.0, 66.0
3918098, B4U62_RS20540, T->A, missense, -0.343617013173, 0.3767, 7, 1, 1, 1, 1, 1, FAIL, 15.0, 239.0, 0.0, 4.0, 7.0, 71.0, 16.0, 72.0, 9.0, 172.0, 7.0, 44.0, 10.0, 66.0
3918103, B4U62_RS20540, T->A, missense, 0.0544689697766, 0.3359, 7, 1, 1, 1, 1, 1, FAIL, 15.0, 226.0, 1.0, 4.0, 6.0, 68.0, 5.0, 72.0, 8.0, 157.0, 5.0, 41.0, 9.0, 64.0
3918108, B4U62_RS20540, G->T, missense, -0.076732964405, 0.3742, 7, 1, 1, 1, 1, 1, FAIL, 26.0, 217.0, 0.0, 4.0, 17.0, 64.0, 20.0, 69.0, 14.0, 161.0, 12.0, 40.0, 20.0, 63.0
3918109, B4U62_RS20540, T->A, missense, -0.0842157364068, 0.38, 7, 1, 1, 1, 1, 1, FAIL, 18.0, 218.0, 0.0, 3.0, 5.0, 64.0, 12.0, 70.0, 7.0, 160.0, 8.0, 40.0, 14.0, 64.0
3918113, B4U62_RS20540, T->A, synonymous, -0.0666797024627, 0.382, 7, 1, 1, 1, 1, 1, FAIL, 14.0, 199.0, 1.0, 3.0, 6.0, 57.0, 9.0, 63.0, 3.0, 144.0, 1.0, 42.0, 6.0, 56.0
3918115, B4U62_RS20540, G->C, missense, -0.0399981944245, 0.3863, 7, 1, 1, 1, 1, 1, FAIL, 19.0, 199.0, 0.0, 3.0, 12.0, 54.0, 16.0, 62.0, 13.0, 143.0, 11.0, 41.0, 19.0, 57.0
3918121, B4U62_RS20540, A->C, missense, -0.107302389338, 0.3672, 7, 1, 1, 1, 1, 1, FAIL, 21.0, 202.0, 1.0, 3.0, 12.0, 58.0, 16.0, 68.0, 11.0, 149.0, 11.0, 45.0, 11.0, 60.0
3918122, B4U62_RS20540, G->C, synonymous, -0.125431885044, 0.3725, 7, 1, 1, 1, 1, 1, FAIL, 28.0, 201.0, 0.0, 3.0, 15.0, 58.0, 25.0, 68.0, 13.0, 149.0, 16.0, 44.0, 20.0, 59.0
3949883, B4U62_RS20695, G->T, nonsense, -1.45688861348, 0.3763, 7, 1, 1, 1, 1, 1, FAIL, 2.0, 135.0, 0.0, 17.0, 3.0, 45.0, 4.0, 30.0, 2.0, 99.0, 6.0, 28.0, 2.0, 61.0
3949892, B4U62_RS20695, G->T, nonsense, -1.42460200472, 0.3861, 7, 1, 1, 1, 1, 1, FAIL, 3.0, 159.0, 0.0, 15.0, 1.0, 59.0, 2.0, 31.0, 4.0, 117.0, 4.0, 28.0, 2.0, 82.0
3949895, B4U62_RS20695, G->C, missense, -3.119812915, 0.3902, 7, 1, 1, 1, 1, 1, FAIL, 4.0, 157.0, 0.0, 15.0, 2.0, 59.0, 2.0, 31.0, 0.0, 121.0, 5.0, 26.0, 2.0, 83.0
3949913, B4U62_RS20695, G->T, nonsense, -0.888485626517, 0.3834, 7, 1, 1, 1, 1, 1, FAIL, 10.0, 167.0, 1.0, 12.0, 2.0, 63.0, 1.0, 34.0, 2.0, 129.0, 5.0, 26.0, 2.0, 80.0
3949924, B4U62_RS20695, A->C, missense, -2.28074834534, 0.3888, 7, 1, 1, 1, 1, 1, FAIL, 5.0, 170.0, 1.0, 6.0, 1.0, 65.0, 4.0, 35.0, 1.0, 128.0, 4.0, 23.0, 1.0, 86.0
3949928, B4U62_RS20695, G->C, missense, -3.33115551068, 0.3928, 7, 1, 1, 1, 1, 1, FAIL, 4.0, 168.0, 0.0, 5.0, 2.0, 65.0, 2.0, 38.0, 0.0, 132.0, 4.0, 22.0, 1.0, 87.0
3949932, B4U62_RS20695, G->C, synonymous, -2.15609989574, 0.389, 7, 1, 1, 1, 1, 1, FAIL, 2.0, 178.0, 0.0, 5.0, 1.0, 65.0, 3.0, 40.0, 1.0, 140.0, 4.0, 22.0, 2.0, 91.0
3949938, B4U62_RS20695, G->T, missense, -0.426733650674, 0.3622, 7, 1, 1, 1, 1, 1, FAIL, 12.0, 186.0, 0.0, 3.0, 3.0, 64.0, 7.0, 38.0, 5.0, 147.0, 3.0, 23.0, 2.0, 88.0
3949950, B4U62_RS20695, G->T, missense, -0.294544123591, 0.371, 7, 1, 1, 1, 1, 1, FAIL, 22.0, 187.0, 0.0, 2.0, 4.0, 62.0, 5.0, 33.0, 8.0, 127.0, 6.0, 14.0, 7.0, 73.0
3949955, B4U62_RS20695, C->A, synonymous, 0.0781523228348, 0.3756, 7, 1, 1, 1, 1, 1, FAIL, 18.0, 184.0, 0.0, 1.0, 3.0, 62.0, 0.0, 32.0, 3.0, 125.0, 3.0, 15.0, 8.0, 74.0
3949959, B4U62_RS20695, T->A, synonymous, -1.52491294281, 0.375, 7, 1, 1, 1, 1, 1, FAIL, 19.0, 187.0, 0.0, 1.0, 1.0, 60.0, 5.0, 32.0, 0.0, 126.0, 5.0, 15.0, 2.0, 74.0
3949966, intergenic, A->C, noncoding, -0.868574480955, 0.381, 7, 1, 1, 1, 1, 1, FAIL, 14.0, 176.0, 0.0, 1.0, 2.0, 55.0, 4.0, 31.0, 0.0, 122.0, 3.0, 14.0, 5.0, 71.0
3949967, intergenic, G->C, noncoding, -0.85968901807, 0.3781, 7, 1, 1, 1, 1, 1, FAIL, 13.0, 174.0, 0.0, 1.0, 1.0, 55.0, 3.0, 31.0, 1.0, 122.0, 3.0, 14.0, 3.0, 70.0
3963361, B4U62_RS20770, T->G, missense, -0.0493624832057, 0.3604, 7, 1, 1, 1, 1, 1, FAIL, 26.0, 210.0, 37.0, 164.0, 31.0, 100.0, 38.0, 151.0, 28.0, 222.0, 36.0, 110.0, 22.0, 108.0
3963365, B4U62_RS20770, C->G, missense, -0.094362669257, 0.3477, 7, 1, 1, 1, 1, 1, FAIL, 20.0, 211.0, 26.0, 172.0, 23.0, 105.0, 28.0, 155.0, 13.0, 217.0, 27.0, 110.0, 15.0, 103.0
3981527, B4U62_RS20860, G->T, missense, -0.0556509553025, 0.3866, 7, 1, 1, 1, 1, 1, FAIL, 25.0, 227.0, 66.0, 334.0, 24.0, 91.0, 25.0, 168.0, 8.0, 138.0, 21.0, 125.0, 18.0, 135.0
3983232, B4U62_RS20870, C->A, missense, -0.229265241277, 0.3923, 7, 1, 1, 1, 1, 1, FAIL, 10.0, 181.0, 43.0, 190.0, 10.0, 77.0, 18.0, 110.0, 5.0, 124.0, 21.0, 85.0, 14.0, 106.0
3983240, B4U62_RS20870, C->A, nonsense, -0.0956902072956, 0.3889, 7, 1, 1, 1, 1, 1, FAIL, 18.0, 185.0, 41.0, 202.0, 10.0, 81.0, 10.0, 113.0, 8.0, 134.0, 23.0, 88.0, 14.0, 110.0
4037494, B4U62_RS21125, G->T, missense, -0.194455195429, 0.3856, 7, 1, 1, 1, 1, 1, FAIL, 22.0, 322.0, 4.0, 85.0, 21.0, 100.0, 4.0, 54.0, 12.0, 207.0, 7.0, 44.0, 14.0, 107.0
4076535, B4U62_RS21330, C->T, missense, 0.439500431186, 0.0253, 7, 1, 1, 1, 1, 1, PASS, 0.0, 272.0, 27.0, 587.0, 51.0, 89.0, 113.0, 221.0, 30.0, 172.0, 34.0, 208.0, 36.0, 126.0
4097195, intergenic, G->T, noncoding, -0.542600428407, 0.4078, 7, 1, 1, 1, 1, 1, FAIL, 6.0, 286.0, 2.0, 45.0, 1.0, 98.0, 1.0, 86.0, 18.0, 91.0, 1.0, 56.0, 2.0, 107.0
4097249, intergenic, T->A, noncoding, -0.370389855341, 0.412, 7, 1, 1, 1, 1, 1, FAIL, 6.0, 307.0, 1.0, 85.0, 5.0, 119.0, 2.0, 113.0, 18.0, 101.0, 2.0, 78.0, 3.0, 128.0
4133342, B4U62_RS21605, C->A, nonsense, -1.81771215395, 0.4244, 7, 1, 1, 1, 1, 1, FAIL, 0.0, 242.0, 0.0, 0.0, 1.0, 54.0, 3.0, 23.0, 2.0, 183.0, 0.0, 6.0, 2.0, 61.0
4134798, B4U62_RS21610, C->A, missense, -0.158304703222, 0.3944, 7, 1, 1, 1, 1, 1, FAIL, 14.0, 243.0, 9.0, 122.0, 11.0, 66.0, 3.0, 86.0, 1.0, 160.0, 10.0, 78.0, 5.0, 87.0
4134821, B4U62_RS21610, C->A, nonsense, -0.0726091744355, 0.351, 7, 1, 1, 1, 1, 1, FAIL, 10.0, 267.0, 10.0, 117.0, 11.0, 77.0, 9.0, 90.0, 7.0, 168.0, 9.0, 83.0, 18.0, 98.0
4134828, B4U62_RS21610, T->G, missense, -0.464993361093, 0.3979, 7, 1, 1, 1, 1, 1, FAIL, 10.0, 246.0, 2.0, 104.0, 3.0, 71.0, 7.0, 83.0, 3.0, 157.0, 4.0, 80.0, 17.0, 93.0
4134893, B4U62_RS21610, C->A, nonsense, -0.163497195167, 0.397, 7, 1, 1, 1, 1, 1, FAIL, 13.0, 275.0, 0.0, 48.0, 3.0, 79.0, 6.0, 92.0, 2.0, 163.0, 2.0, 78.0, 16.0, 92.0
4143725, B4U62_RS21670, C->G, missense, -0.525419650788, 0.4319, 7, 1, 1, 1, 1, 1, FAIL, 2.0, 200.0, 1.0, 94.0, 1.0, 81.0, 2.0, 117.0, 13.0, 99.0, 0.0, 60.0, 1.0, 116.0
4148360, B4U62_RS21695, C->A, missense, -0.863835423222, 0.4051, 7, 1, 1, 1, 1, 1, FAIL, 2.0, 188.0, 6.0, 508.0, 1.0, 77.0, 2.0, 212.0, 20.0, 135.0, 1.0, 192.0, 0.0, 104.0
4166100, B4U62_RS21795, A->G, synonymous, 0.642887640466, 0.0058, 7, 1, 1, 1, 1, 1, PASS, 0.0, 253.0, 10.0, 126.0, 4.0, 90.0, 44.0, 134.0, 150.0, 211.0, 92.0, 110.0, 73.0, 103.0
4168113, B4U62_RS21810, C->A, noncoding, 0.814372967699, 0.1431, 7, 1, 1, 1, 1, 1, FAIL, 1.0, 265.0, 3.0, 20.0, 4.0, 94.0, 0.0, 99.0, 3.0, 214.0, 0.0, 53.0, 1.0, 127.0
