100, 200, 300, 400, 500, 600, 700
737.0, 678.0, 527.0, 148.0, 49.0, 46.0, 0.0
0.0, 0.0, 1.0, 1.0, 3.0, 33.0, 278.0
0.0, 0.0, 0.0, 0.0, 0.0, 0.0, 27.0
0.0, 59.0, 209.0, 588.0, 685.0, 658.0, 432.0
0, 0, 0, 0, 0, 0, 3
0, 0, 0, 3, 3, 3, 1
0, 0, 3, 3, 3, 3, 3
0, 0, 0, 0, 0, 0, 3
0, 0, 3, 3, 3, 3, 1
0, 0, 0, 3, 3, 3, 3
0, 0, 0, 3, 3, 3, 3
0, 0, 3, 3, 3, 3, 3
0, 0, 0, 3, 3, 3, 1
0, 0, 3, 3, 3, 3, 3
0, 0, 0, 3, 3, 3, 3
0, 0, 0, 3, 1, 1, 1
0, 0, 0, 3, 3, 3, 1
0, 0, 0, 0, 0, 0, 3
0, 0, 0, 3, 3, 3, 1
0, 3, 3, 3, 3, 3, 3
0, 0, 0, 3, 3, 3, 3
0, 0, 3, 3, 3, 3, 3
0, 3, 3, 3, 3, 3, 3
0, 0, 0, 3, 3, 3, 1
0, 0, 0, 0, 3, 3, 3
0, 0, 0, 3, 3, 3, 2
0, 0, 0, 3, 3, 3, 1
0, 0, 0, 3, 3, 3, 3
0, 0, 0, 3, 3, 3, 3
0, 0, 0, 3, 3, 1, 1
0, 0, 0, 3, 3, 3, 3
0, 0, 0, 3, 3, 3, 3
0, 0, 3, 3, 3, 3, 3
0, 0, 3, 3, 3, 3, 1
0, 0, 0, 3, 3, 3, 2
0, 0, 0, 3, 3, 3, 3
0, 0, 3, 3, 3, 3, 3
0, 0, 0, 0, 3, 3, 3
0, 0, 0, 0, 0, 0, 3
0, 0, 0, 0, 3, 1, 1
0, 0, 0, 3, 3, 3, 3
0, 0, 3, 3, 3, 3, 1
0, 3, 3, 3, 3, 3, 3
0, 0, 3, 3, 3, 3, 1
0, 0, 0, 3, 3, 3, 3
0, 0, 0, 3, 3, 3, 3
0, 0, 3, 3, 3, 3, 1
0, 0, 3, 3, 3, 3, 1
0, 0, 3, 3, 3, 3, 1
0, 0, 3, 3, 3, 3, 1
0, 0, 0, 3, 3, 3, 1
0, 0, 0, 3, 3, 3, 3
0, 0, 3, 3, 3, 3, 3
0, 0, 3, 3, 3, 3, 1
0, 0, 0, 3, 3, 3, 1
0, 0, 0, 3, 3, 3, 1
0, 0, 3, 3, 3, 3, 1
0, 0, 0, 3, 3, 3, 3
0, 0, 3, 3, 3, 3, 3
0, 0, 0, 3, 3, 3, 3
0, 0, 0, 3, 3, 3, 3
0, 0, 0, 3, 3, 3, 3
0, 3, 3, 3, 3, 3, 3
0, 0, 0, 3, 3, 3, 1
0, 0, 0, 0, 0, 0, 3
0, 0, 0, 3, 3, 3, 1
0, 0, 3, 3, 3, 3, 1
0, 0, 0, 3, 3, 3, 1
0, 0, 0, 3, 3, 3, 1
0, 3, 3, 3, 3, 3, 3
0, 0, 0, 3, 3, 3, 3
0, 0, 0, 0, 3, 3, 3
0, 0, 0, 0, 0, 0, 3
0, 0, 3, 3, 3, 3, 3
0, 0, 3, 3, 3, 3, 1
0, 0, 3, 3, 3, 3, 3
0, 0, 0, 3, 3, 3, 3
0, 3, 3, 3, 3, 3, 3
0, 0, 3, 3, 3, 3, 1
0, 0, 0, 3, 3, 3, 1
0, 0, 3, 3, 3, 3, 1
0, 0, 0, 3, 3, 3, 1
0, 0, 0, 3, 3, 3, 3
0, 0, 0, 3, 3, 3, 3
0, 0, 0, 0, 3, 3, 3
0, 0, 0, 3, 3, 3, 1
0, 0, 0, 0, 3, 3, 3
0, 0, 3, 3, 3, 3, 1
0, 0, 0, 3, 3, 3, 1
0, 3, 3, 3, 3, 3, 1
0, 0, 3, 3, 3, 3, 1
0, 0, 3, 3, 3, 3, 1
0, 0, 0, 3, 3, 3, 1
0, 0, 0, 3, 3, 3, 1
0, 3, 3, 3, 3, 3, 3
0, 0, 0, 3, 3, 3, 3
0, 0, 0, 3, 3, 3, 3
0, 0, 0, 0, 0, 0, 3
0, 0, 3, 3, 3, 3, 3
0, 0, 0, 3, 3, 3, 1
0, 3, 3, 3, 3, 3, 3
0, 0, 0, 0, 0, 0, 3
0, 0, 0, 3, 3, 3, 1
0, 0, 3, 3, 3, 3, 1
0, 0, 0, 0, 0, 0, 3
0, 0, 3, 3, 3, 3, 1
0, 0, 0, 3, 3, 3, 3
0, 0, 0, 3, 3, 3, 3
0, 0, 3, 3, 3, 3, 1
0, 3, 3, 3, 3, 3, 1
0, 0, 3, 3, 3, 3, 1
0, 0, 3, 3, 3, 3, 1
0, 0, 0, 3, 3, 3, 3
0, 0, 0, 3, 3, 3, 3
0, 0, 0, 0, 3, 1, 1
0, 0, 0, 0, 3, 1, 1
0, 0, 0, 3, 3, 1, 1
0, 0, 0, 0, 3, 3, 3
0, 0, 0, 3, 3, 3, 1
0, 0, 0, 0, 0, 0, 3
0, 0, 0, 3, 3, 3, 1
0, 0, 3, 3, 3, 3, 1
0, 0, 3, 3, 3, 3, 1
0, 0, 0, 3, 3, 3, 3
0, 3, 3, 3, 3, 3, 3
0, 0, 0, 3, 3, 3, 3
0, 0, 0, 3, 3, 3, 1
0, 0, 0, 3, 3, 3, 1
0, 0, 3, 3, 3, 3, 1
0, 0, 3, 3, 3, 3, 1
0, 0, 3, 3, 3, 3, 1
0, 3, 3, 3, 3, 3, 3
0, 3, 3, 3, 3, 3, 3
0, 0, 3, 3, 3, 3, 1
0, 0, 3, 3, 3, 3, 1
0, 3, 3, 3, 3, 3, 1
0, 0, 0, 3, 3, 3, 1
0, 0, 3, 3, 3, 3, 1
0, 0, 0, 3, 3, 3, 3
0, 0, 0, 3, 3, 3, 3
0, 0, 0, 0, 0, 0, 3
0, 0, 0, 3, 3, 3, 1
0, 0, 3, 3, 3, 3, 1
0, 0, 0, 3, 3, 3, 3
0, 0, 3, 3, 3, 3, 3
0, 3, 3, 3, 3, 3, 3
0, 0, 0, 3, 3, 3, 3
0, 3, 3, 3, 3, 3, 3
0, 0, 0, 3, 3, 3, 1
0, 0, 0, 3, 3, 3, 3
0, 0, 0, 0, 3, 3, 3
0, 3, 3, 3, 3, 3, 3
0, 0, 0, 0, 3, 3, 3
0, 0, 0, 3, 3, 3, 3
0, 0, 3, 3, 3, 3, 1
0, 0, 3, 3, 3, 3, 1
0, 0, 0, 0, 3, 3, 3
0, 0, 3, 3, 3, 3, 1
0, 0, 3, 3, 3, 3, 1
0, 3, 3, 3, 3, 3, 3
0, 0, 0, 3, 3, 3, 3
0, 0, 0, 3, 3, 3, 1
0, 0, 3, 3, 3, 3, 1
0, 0, 0, 0, 3, 3, 3
0, 0, 0, 0, 3, 3, 3
0, 0, 0, 3, 3, 3, 1
0, 0, 0, 3, 3, 3, 3
0, 0, 0, 0, 3, 3, 3
0, 0, 3, 3, 3, 3, 3
0, 0, 3, 3, 3, 3, 3
0, 0, 3, 3, 3, 3, 1
0, 3, 3, 3, 3, 3, 3
0, 0, 0, 3, 3, 3, 3
0, 0, 0, 0, 0, 0, 3
0, 0, 3, 3, 3, 3, 3
0, 0, 0, 0, 3, 3, 3
0, 0, 0, 0, 0, 3, 3
0, 0, 0, 0, 0, 0, 3
0, 0, 3, 3, 3, 3, 3
0, 0, 0, 3, 3, 3, 1
0, 0, 3, 3, 3, 3, 3
0, 0, 0, 0, 3, 3, 2
0, 0, 0, 0, 3, 3, 3
0, 0, 0, 3, 3, 3, 3
0, 0, 0, 3, 3, 3, 3
0, 0, 3, 3, 3, 3, 3
0, 0, 0, 3, 3, 3, 2
0, 3, 3, 3, 3, 3, 3
0, 0, 0, 3, 3, 3, 3
0, 0, 0, 0, 3, 3, 3
0, 0, 0, 0, 3, 3, 3
0, 0, 3, 3, 3, 3, 1
0, 0, 0, 3, 3, 3, 3
0, 0, 0, 3, 3, 1, 1
0, 0, 3, 3, 3, 3, 1
0, 0, 0, 0, 3, 3, 3
0, 0, 0, 3, 3, 3, 3
0, 0, 0, 3, 3, 3, 3
0, 0, 3, 3, 3, 3, 1
0, 0, 0, 3, 3, 3, 1
0, 0, 0, 3, 3, 3, 3
0, 0, 3, 3, 3, 3, 1
0, 0, 0, 0, 3, 3, 3
0, 0, 0, 3, 3, 3, 1
0, 0, 3, 3, 3, 3, 3
0, 0, 0, 0, 3, 3, 3
0, 0, 0, 3, 3, 3, 1
0, 0, 0, 3, 3, 3, 1
0, 0, 0, 3, 3, 3, 1
0, 0, 0, 3, 3, 3, 3
0, 0, 3, 3, 3, 3, 1
0, 0, 3, 3, 3, 3, 1
0, 0, 0, 3, 3, 3, 3
0, 0, 3, 3, 3, 3, 3
0, 0, 0, 3, 3, 3, 3
0, 0, 0, 3, 3, 1, 1
0, 0, 0, 3, 3, 3, 1
0, 0, 3, 3, 3, 3, 1
0, 3, 3, 3, 3, 3, 3
0, 0, 0, 0, 0, 0, 3
0, 3, 3, 3, 3, 3, 3
0, 0, 0, 3, 3, 3, 1
0, 0, 0, 3, 3, 3, 1
0, 0, 0, 3, 3, 3, 3
0, 0, 0, 3, 3, 3, 1
0, 0, 0, 3, 3, 3, 3
0, 3, 3, 3, 3, 3, 3
0, 0, 3, 3, 3, 3, 1
0, 3, 3, 3, 3, 3, 3
0, 0, 0, 3, 3, 3, 1
0, 0, 0, 3, 3, 3, 3
0, 0, 0, 0, 3, 3, 3
0, 0, 0, 3, 3, 3, 1
0, 0, 0, 3, 3, 3, 1
0, 0, 0, 3, 3, 3, 1
0, 0, 0, 0, 3, 3, 3
0, 0, 3, 3, 3, 3, 3
0, 0, 0, 0, 3, 3, 1
0, 0, 0, 0, 3, 3, 3
0, 0, 0, 3, 3, 3, 1
0, 0, 0, 0, 3, 3, 3
0, 0, 0, 3, 3, 3, 3
0, 0, 0, 3, 3, 3, 1
0, 0, 0, 3, 3, 3, 3
0, 0, 0, 3, 3, 3, 1
0, 0, 0, 3, 3, 3, 3
0, 0, 0, 3, 3, 3, 3
0, 0, 0, 3, 3, 3, 3
0, 0, 0, 3, 3, 3, 1
0, 0, 0, 3, 3, 3, 1
0, 0, 0, 3, 3, 3, 3
0, 0, 0, 3, 3, 3, 1
0, 0, 0, 3, 3, 3, 1
0, 0, 3, 3, 3, 3, 1
0, 0, 0, 3, 3, 3, 1
0, 0, 0, 3, 3, 3, 3
0, 0, 0, 3, 3, 3, 1
0, 0, 0, 3, 3, 3, 3
0, 0, 0, 0, 0, 0, 3
0, 0, 0, 3, 3, 1, 1
0, 0, 0, 3, 3, 3, 3
0, 0, 0, 0, 3, 3, 3
0, 0, 0, 3, 3, 3, 1
0, 3, 3, 3, 3, 3, 3
0, 0, 0, 3, 3, 3, 3
0, 0, 0, 0, 3, 3, 3
0, 0, 0, 3, 3, 3, 3
0, 0, 3, 3, 3, 3, 1
0, 0, 0, 3, 3, 3, 3
0, 0, 0, 3, 3, 3, 3
0, 0, 3, 3, 3, 3, 1
0, 0, 0, 3, 3, 3, 1
0, 0, 0, 3, 3, 3, 1
0, 0, 0, 3, 3, 3, 1
0, 0, 0, 0, 0, 0, 3
0, 0, 3, 3, 3, 3, 3
0, 0, 3, 3, 3, 1, 1
0, 0, 0, 0, 0, 0, 3
0, 0, 0, 0, 3, 3, 3
0, 0, 0, 3, 3, 3, 1
0, 0, 3, 3, 3, 3, 1
0, 0, 0, 3, 3, 3, 1
0, 0, 0, 3, 3, 3, 1
0, 0, 0, 3, 3, 3, 1
0, 3, 3, 3, 3, 3, 3
0, 0, 0, 3, 3, 3, 3
0, 0, 0, 3, 3, 3, 1
0, 0, 0, 3, 3, 3, 3
0, 0, 3, 3, 3, 3, 3
0, 0, 3, 3, 3, 3, 3
0, 0, 0, 3, 3, 3, 3
0, 0, 0, 0, 0, 0, 3
0, 0, 0, 3, 3, 3, 3
0, 0, 0, 3, 3, 3, 1
0, 0, 0, 0, 3, 1, 1
0, 0, 0, 3, 3, 3, 1
0, 0, 0, 3, 3, 3, 3
0, 0, 0, 3, 3, 3, 3
0, 0, 0, 0, 3, 3, 3
0, 0, 0, 3, 3, 3, 3
0, 3, 1, 1, 1, 1, 1
0, 0, 0, 0, 3, 3, 3
0, 0, 0, 3, 3, 3, 3
0, 0, 3, 3, 3, 3, 1
0, 0, 0, 3, 3, 3, 1
0, 0, 0, 3, 3, 3, 1
0, 3, 3, 3, 3, 3, 3
0, 0, 3, 3, 3, 3, 3
0, 0, 0, 0, 3, 3, 3
0, 0, 0, 3, 3, 3, 3
0, 0, 3, 3, 3, 1, 1
0, 0, 0, 0, 3, 3, 3
0, 0, 0, 3, 3, 3, 3
0, 0, 0, 3, 3, 3, 2
0, 0, 0, 3, 3, 3, 1
0, 0, 0, 3, 3, 3, 3
0, 3, 3, 3, 3, 3, 3
0, 0, 0, 3, 3, 3, 1
0, 0, 0, 3, 3, 3, 3
0, 0, 0, 3, 3, 1, 1
0, 0, 3, 3, 3, 3, 3
0, 0, 3, 3, 3, 3, 3
0, 3, 3, 3, 3, 3, 3
0, 0, 0, 3, 3, 3, 1
0, 0, 0, 0, 0, 0, 3
0, 0, 0, 0, 3, 3, 2
0, 0, 0, 3, 3, 3, 3
0, 0, 0, 3, 3, 3, 1
0, 0, 0, 3, 3, 3, 1
0, 0, 0, 0, 3, 3, 2
0, 0, 0, 3, 3, 1, 1
0, 0, 0, 3, 3, 3, 1
0, 0, 0, 3, 3, 3, 1
0, 0, 3, 3, 3, 3, 3
0, 0, 3, 3, 3, 3, 1
0, 0, 0, 0, 3, 3, 3
0, 0, 0, 0, 0, 0, 3
0, 0, 0, 0, 3, 3, 3
0, 3, 3, 3, 3, 3, 3
0, 0, 0, 0, 3, 3, 3
0, 0, 0, 3, 3, 3, 1
0, 0, 0, 3, 3, 3, 1
0, 0, 3, 3, 3, 3, 1
0, 0, 0, 3, 3, 3, 1
0, 0, 0, 3, 3, 3, 3
0, 0, 0, 3, 3, 3, 3
0, 0, 0, 3, 3, 1, 1
0, 0, 3, 3, 3, 3, 3
0, 0, 0, 0, 0, 0, 3
0, 0, 0, 3, 3, 3, 1
0, 0, 0, 3, 3, 3, 1
0, 0, 0, 3, 3, 3, 3
0, 0, 0, 3, 3, 3, 1
0, 0, 0, 3, 3, 3, 3
0, 0, 0, 3, 3, 3, 3
0, 0, 3, 3, 3, 3, 1
0, 0, 0, 0, 3, 1, 1
0, 0, 0, 3, 3, 3, 3
0, 0, 0, 3, 1, 1, 1
0, 0, 3, 3, 3, 3, 3
0, 0, 0, 0, 3, 3, 3
0, 0, 0, 3, 3, 3, 3
0, 3, 3, 3, 3, 3, 3
0, 0, 0, 0, 3, 3, 3
0, 0, 0, 3, 3, 3, 1
0, 0, 0, 3, 3, 3, 1
0, 0, 3, 3, 3, 3, 1
0, 0, 0, 3, 3, 3, 1
0, 0, 0, 0, 0, 0, 3
0, 0, 0, 3, 3, 3, 1
0, 0, 0, 3, 3, 3, 3
0, 0, 0, 0, 3, 1, 1
0, 0, 3, 3, 3, 3, 2
0, 0, 0, 3, 3, 3, 3
0, 0, 0, 0, 3, 3, 3
0, 0, 3, 3, 3, 3, 3
0, 0, 3, 3, 3, 3, 2
0, 0, 3, 3, 3, 3, 3
0, 0, 0, 3, 3, 3, 1
0, 0, 0, 3, 3, 1, 1
0, 0, 0, 3, 3, 3, 3
0, 0, 0, 3, 3, 3, 1
0, 0, 0, 3, 3, 3, 1
0, 0, 0, 3, 3, 3, 3
0, 0, 0, 3, 3, 3, 1
0, 3, 3, 3, 3, 3, 3
0, 0, 3, 3, 3, 3, 1
0, 3, 3, 3, 3, 3, 3
0, 0, 0, 3, 3, 3, 3
0, 0, 0, 3, 3, 3, 3
0, 0, 0, 0, 3, 3, 3
0, 0, 0, 3, 3, 3, 1
0, 0, 0, 3, 3, 3, 1
0, 0, 0, 3, 3, 3, 3
0, 0, 3, 3, 3, 3, 1
0, 0, 0, 0, 0, 0, 3
0, 0, 0, 0, 0, 0, 3
0, 3, 3, 3, 3, 3, 3
0, 0, 0, 3, 3, 3, 1
0, 0, 0, 3, 3, 3, 1
0, 3, 3, 3, 3, 3, 3
0, 0, 0, 3, 3, 3, 3
0, 0, 0, 3, 3, 3, 3
0, 0, 0, 3, 3, 3, 3
0, 0, 0, 3, 3, 3, 3
0, 0, 0, 0, 3, 3, 3
0, 0, 3, 3, 3, 3, 3
0, 0, 0, 3, 3, 3, 3
0, 0, 3, 3, 3, 3, 3
0, 0, 3, 3, 3, 3, 3
0, 0, 0, 3, 3, 3, 2
0, 0, 0, 3, 3, 3, 3
0, 0, 0, 3, 3, 3, 2
0, 0, 0, 3, 3, 3, 1
0, 0, 0, 0, 3, 3, 3
0, 0, 0, 3, 3, 3, 1
0, 0, 0, 0, 3, 3, 3
0, 0, 0, 3, 3, 3, 3
0, 0, 0, 0, 3, 3, 3
0, 0, 3, 3, 3, 3, 2
0, 0, 0, 3, 3, 3, 3
0, 0, 3, 3, 3, 3, 3
0, 0, 0, 3, 3, 3, 3
0, 0, 0, 0, 3, 1, 1
0, 0, 0, 3, 3, 3, 3
0, 0, 0, 3, 3, 3, 2
0, 0, 0, 3, 3, 3, 3
0, 0, 0, 0, 3, 3, 3
0, 0, 0, 3, 3, 3, 3
0, 0, 0, 0, 3, 3, 2
0, 0, 0, 3, 3, 3, 1
0, 0, 3, 3, 3, 3, 3
0, 3, 3, 3, 3, 3, 3
0, 0, 0, 3, 3, 3, 3
0, 3, 3, 3, 3, 3, 3
0, 0, 0, 3, 3, 1, 1
0, 0, 0, 0, 3, 1, 1
0, 0, 0, 3, 3, 3, 3
0, 0, 0, 3, 3, 3, 1
0, 0, 0, 0, 0, 0, 3
0, 0, 0, 3, 3, 3, 1
0, 0, 0, 3, 3, 3, 2
0, 0, 0, 3, 3, 3, 2
0, 0, 0, 0, 3, 3, 3
0, 0, 0, 3, 3, 3, 3
0, 3, 3, 3, 3, 3, 3
0, 0, 0, 3, 3, 3, 3
0, 0, 0, 3, 3, 3, 3
0, 0, 3, 3, 3, 3, 3
0, 0, 3, 3, 3, 3, 2
0, 0, 0, 3, 3, 3, 3
0, 0, 0, 3, 3, 3, 1
0, 0, 0, 0, 3, 3, 3
0, 0, 3, 3, 3, 3, 1
0, 0, 0, 3, 3, 3, 3
0, 0, 0, 3, 3, 3, 3
0, 0, 0, 3, 3, 3, 3
0, 0, 0, 3, 3, 3, 3
0, 0, 0, 3, 3, 3, 1
0, 3, 3, 3, 3, 3, 3
0, 0, 0, 3, 3, 3, 1
0, 0, 3, 3, 3, 3, 1
0, 0, 0, 3, 3, 3, 1
0, 0, 0, 3, 3, 3, 3
0, 0, 0, 0, 3, 3, 3
0, 0, 0, 3, 3, 3, 1
0, 0, 0, 0, 3, 3, 3
0, 0, 0, 3, 3, 3, 3
0, 0, 0, 3, 3, 3, 3
0, 0, 0, 3, 3, 3, 3
0, 0, 0, 3, 3, 3, 1
0, 0, 0, 3, 3, 3, 3
0, 0, 0, 0, 3, 3, 3
0, 0, 0, 3, 3, 3, 3
0, 0, 0, 3, 3, 3, 3
0, 0, 0, 3, 3, 3, 1
0, 0, 0, 3, 3, 3, 2
0, 0, 0, 3, 3, 3, 1
0, 0, 0, 3, 3, 3, 3
0, 0, 3, 3, 3, 3, 3
0, 0, 0, 3, 3, 3, 1
0, 0, 0, 3, 3, 3, 3
0, 0, 0, 0, 0, 0, 3
0, 0, 0, 0, 3, 3, 3
0, 0, 0, 0, 3, 3, 3
0, 0, 0, 3, 3, 3, 3
0, 0, 0, 3, 3, 3, 1
0, 0, 0, 0, 3, 3, 3
0, 0, 0, 3, 3, 3, 3
0, 0, 3, 3, 3, 3, 3
0, 0, 0, 0, 3, 3, 3
0, 0, 0, 3, 3, 3, 3
0, 0, 0, 3, 3, 1, 1
0, 0, 3, 3, 3, 3, 3
0, 0, 0, 3, 3, 3, 1
0, 0, 0, 3, 3, 1, 1
0, 0, 0, 3, 3, 3, 3
0, 0, 3, 3, 3, 3, 3
0, 0, 0, 0, 0, 0, 3
0, 3, 3, 3, 3, 3, 3
0, 0, 0, 3, 3, 3, 3
0, 0, 3, 3, 3, 3, 3
0, 0, 0, 3, 3, 3, 3
0, 0, 0, 0, 3, 3, 3
0, 0, 0, 3, 3, 3, 2
0, 0, 0, 0, 3, 3, 3
0, 0, 3, 3, 3, 3, 3
0, 0, 0, 3, 3, 1, 1
0, 0, 0, 0, 0, 0, 3
0, 0, 0, 3, 3, 3, 3
0, 0, 3, 3, 3, 3, 1
0, 0, 3, 3, 3, 3, 3
0, 0, 0, 3, 3, 3, 3
0, 0, 3, 3, 3, 3, 3
0, 3, 3, 3, 3, 3, 3
0, 3, 3, 3, 3, 3, 3
0, 0, 0, 0, 3, 1, 1
0, 0, 0, 3, 3, 3, 1
0, 0, 0, 3, 3, 3, 1
0, 0, 0, 3, 3, 3, 3
0, 0, 3, 3, 3, 3, 3
0, 0, 0, 3, 3, 3, 1
0, 0, 0, 3, 3, 3, 1
0, 0, 0, 3, 3, 3, 3
0, 3, 3, 3, 3, 3, 1
0, 0, 0, 3, 3, 3, 3
0, 0, 0, 3, 3, 3, 1
0, 0, 0, 0, 3, 3, 3
0, 0, 3, 3, 3, 3, 3
0, 0, 0, 0, 3, 3, 3
0, 0, 3, 3, 3, 3, 3
0, 0, 0, 3, 3, 3, 3
0, 0, 0, 0, 3, 3, 3
0, 0, 0, 3, 3, 3, 1
0, 0, 0, 3, 3, 3, 3
0, 0, 3, 3, 3, 3, 1
0, 0, 3, 3, 3, 3, 1
0, 0, 0, 3, 3, 3, 3
0, 0, 0, 3, 3, 3, 3
0, 0, 0, 3, 3, 3, 1
0, 0, 0, 0, 3, 3, 3
0, 0, 0, 3, 3, 3, 3
0, 3, 3, 3, 3, 3, 3
0, 0, 0, 3, 3, 3, 1
0, 0, 0, 3, 3, 3, 2
0, 0, 0, 3, 3, 3, 3
0, 0, 0, 3, 3, 3, 1
0, 0, 3, 3, 3, 3, 1
0, 0, 0, 3, 3, 3, 1
0, 0, 0, 3, 3, 3, 3
0, 0, 0, 3, 3, 3, 1
0, 0, 0, 3, 3, 3, 1
0, 0, 0, 3, 3, 3, 1
0, 0, 0, 3, 3, 3, 3
0, 0, 0, 3, 3, 3, 3
0, 0, 0, 3, 3, 3, 3
0, 0, 0, 3, 3, 3, 3
0, 0, 0, 3, 3, 3, 3
0, 0, 0, 3, 3, 3, 1
0, 0, 0, 3, 3, 3, 3
0, 0, 0, 3, 3, 3, 3
0, 0, 0, 3, 3, 1, 1
0, 0, 0, 0, 0, 0, 3
0, 0, 0, 0, 0, 0, 3
0, 0, 3, 3, 3, 3, 3
0, 0, 0, 3, 3, 3, 3
0, 0, 0, 3, 3, 3, 1
0, 0, 0, 0, 0, 0, 3
0, 0, 0, 0, 0, 0, 3
0, 0, 0, 3, 3, 3, 3
0, 0, 0, 3, 3, 3, 3
0, 0, 0, 3, 3, 3, 1
0, 0, 0, 3, 3, 3, 1
0, 3, 3, 3, 3, 3, 3
0, 3, 3, 3, 3, 3, 3
0, 0, 0, 3, 3, 3, 3
0, 0, 0, 0, 3, 3, 3
0, 0, 0, 3, 3, 3, 1
0, 0, 0, 3, 3, 3, 3
0, 0, 0, 3, 3, 3, 3
0, 0, 0, 3, 3, 3, 3
0, 0, 0, 3, 3, 3, 1
0, 0, 0, 3, 3, 3, 3
0, 0, 0, 3, 3, 3, 3
0, 3, 3, 3, 3, 3, 3
0, 0, 0, 3, 3, 3, 1
0, 0, 0, 0, 3, 3, 3
0, 0, 0, 0, 3, 3, 3
0, 0, 3, 3, 3, 3, 3
0, 0, 0, 3, 3, 3, 3
0, 0, 0, 0, 3, 3, 3
0, 0, 0, 3, 3, 3, 3
0, 0, 0, 0, 3, 3, 2
0, 0, 0, 3, 3, 3, 3
0, 0, 0, 0, 0, 0, 3
0, 0, 0, 3, 3, 3, 3
0, 0, 0, 3, 3, 3, 3
0, 0, 0, 3, 3, 3, 1
0, 0, 0, 3, 3, 3, 3
0, 0, 0, 0, 3, 3, 3
0, 0, 3, 3, 3, 3, 1
0, 0, 3, 3, 3, 3, 1
0, 0, 0, 3, 3, 3, 1
0, 0, 0, 3, 3, 3, 3
0, 0, 0, 3, 3, 3, 3
0, 0, 3, 3, 3, 3, 1
0, 0, 0, 3, 3, 3, 1
0, 0, 0, 0, 0, 0, 3
0, 0, 0, 3, 3, 3, 1
0, 0, 3, 3, 3, 3, 1
0, 0, 0, 0, 0, 0, 3
0, 0, 0, 3, 3, 3, 1
0, 0, 3, 3, 3, 3, 3
0, 0, 0, 3, 3, 3, 3
0, 3, 3, 3, 3, 3, 3
0, 0, 0, 0, 0, 0, 3
0, 0, 3, 3, 3, 3, 1
0, 0, 0, 3, 3, 3, 3
0, 0, 0, 3, 3, 3, 1
0, 0, 0, 3, 3, 3, 3
0, 0, 0, 0, 3, 3, 3
0, 3, 3, 3, 3, 3, 3
0, 0, 0, 0, 3, 3, 3
0, 0, 3, 3, 3, 3, 1
0, 0, 3, 3, 3, 3, 3
0, 0, 0, 3, 3, 3, 1
0, 0, 0, 3, 3, 3, 1
0, 3, 3, 3, 3, 3, 3
0, 0, 0, 3, 3, 3, 2
0, 0, 0, 3, 3, 1, 1
0, 0, 3, 3, 3, 3, 1
0, 0, 0, 3, 3, 3, 3
0, 3, 3, 3, 3, 3, 3
0, 0, 0, 0, 3, 3, 2
0, 0, 0, 3, 3, 3, 3
0, 0, 0, 3, 3, 3, 3
0, 0, 0, 3, 3, 3, 1
0, 0, 0, 0, 0, 0, 3
0, 0, 0, 3, 3, 3, 1
0, 0, 0, 3, 3, 3, 2
0, 0, 0, 0, 0, 0, 3
0, 0, 3, 3, 3, 3, 1
0, 0, 0, 0, 3, 3, 3
0, 0, 3, 3, 3, 3, 1
0, 0, 3, 3, 3, 3, 2
0, 0, 0, 3, 3, 3, 3
0, 0, 0, 0, 3, 3, 3
0, 0, 3, 3, 3, 3, 3
0, 0, 0, 3, 3, 3, 2
0, 0, 0, 0, 0, 3, 3
0, 0, 0, 0, 3, 1, 1
0, 0, 0, 3, 3, 3, 3
0, 0, 0, 3, 3, 3, 3
0, 0, 0, 3, 3, 3, 3
0, 3, 3, 3, 3, 3, 3
0, 0, 0, 3, 3, 3, 1
0, 3, 3, 3, 3, 3, 3
0, 0, 3, 3, 3, 3, 3
0, 0, 0, 3, 3, 3, 1
0, 0, 0, 3, 3, 3, 1
0, 0, 0, 3, 3, 3, 3
0, 0, 0, 0, 3, 1, 1
0, 0, 0, 0, 3, 1, 1
0, 0, 3, 3, 3, 3, 1
0, 0, 0, 0, 3, 3, 3
0, 0, 0, 0, 0, 0, 3
0, 0, 0, 3, 3, 3, 1
0, 0, 3, 3, 3, 3, 1
0, 0, 0, 3, 3, 3, 3
0, 0, 3, 3, 3, 3, 3
0, 0, 0, 3, 3, 3, 1
0, 0, 3, 3, 3, 3, 1
0, 0, 0, 3, 3, 3, 3
0, 0, 0, 3, 3, 3, 3
0, 0, 0, 0, 0, 0, 3
0, 0, 0, 0, 3, 3, 3
0, 0, 0, 0, 3, 3, 3
0, 0, 0, 3, 3, 3, 1
0, 0, 0, 3, 3, 3, 3
0, 0, 3, 3, 3, 3, 1
0, 0, 0, 0, 0, 0, 3
0, 0, 0, 0, 3, 3, 1
0, 0, 0, 0, 3, 3, 3
0, 0, 3, 3, 3, 3, 3
0, 0, 0, 3, 3, 3, 1
0, 0, 0, 0, 0, 0, 3
0, 0, 0, 3, 3, 3, 3
0, 0, 0, 3, 3, 3, 1
0, 3, 3, 3, 3, 3, 1
0, 3, 3, 3, 3, 3, 3
0, 0, 0, 3, 3, 3, 1
0, 0, 0, 3, 3, 3, 3
0, 0, 0, 3, 3, 3, 1
0, 3, 3, 3, 3, 3, 3
0, 0, 0, 0, 3, 3, 3
0, 3, 3, 3, 3, 3, 1
0, 0, 0, 3, 3, 3, 3
0, 0, 3, 3, 3, 3, 1
0, 0, 0, 3, 3, 3, 3
0, 0, 0, 0, 3, 3, 3
0, 0, 0, 0, 3, 3, 1
0, 0, 0, 3, 3, 3, 3
0, 0, 0, 3, 3, 3, 1
0, 0, 3, 3, 3, 3, 3
0, 0, 3, 3, 3, 1, 1
0, 0, 0, 3, 3, 3, 3
0, 0, 0, 0, 0, 0, 3
0, 0, 3, 3, 3, 3, 1
0, 0, 0, 3, 3, 3, 1
0, 0, 0, 3, 3, 3, 3
0, 0, 0, 0, 3, 3, 3
0, 0, 0, 3, 3, 3, 3
0, 0, 3, 3, 3, 3, 1
0, 0, 3, 3, 3, 3, 1
0, 0, 0, 3, 3, 3, 3
0, 0, 0, 3, 3, 3, 3
0, 0, 0, 3, 3, 3, 1
0, 0, 0, 3, 3, 3, 3
0, 0, 3, 3, 3, 3, 1
0, 0, 0, 3, 3, 3, 1
0, 0, 0, 3, 3, 3, 3
0, 0, 0, 0, 0, 3, 3
0, 0, 0, 3, 3, 3, 3
0, 0, 3, 3, 3, 3, 3
0, 0, 0, 3, 3, 3, 1
0, 0, 0, 3, 3, 3, 3
0, 0, 0, 0, 3, 3, 3
0, 0, 0, 0, 0, 0, 3
0, 3, 3, 3, 3, 3, 3
0, 0, 0, 0, 3, 3, 3
0, 0, 3, 3, 3, 3, 2
0, 0, 3, 3, 3, 3, 1
0, 0, 3, 3, 3, 3, 1
0, 0, 0, 0, 3, 3, 3
0, 0, 0, 0, 0, 0, 3
0, 0, 3, 3, 3, 3, 1
0, 0, 0, 3, 3, 3, 3
0, 0, 0, 0, 0, 0, 3
0, 0, 0, 0, 3, 3, 3
0, 0, 0, 3, 3, 3, 1
0, 0, 0, 0, 3, 3, 3
