100, 200, 300, 400, 500, 600, 700
49.0, 20.0, 13.0, 6.0, 0.0, 0.0, 0.0
0.0, 0.0, 0.0, 0.0, 2.0, 5.0, 6.0
0.0, 0.0, 5.0, 6.0, 6.0, 6.0, 6.0
0.0, 29.0, 31.0, 37.0, 41.0, 38.0, 37.0
0, 3, 3, 2, 2, 2, 2
0, 3, 3, 3, 3, 3, 3
0, 3, 3, 3, 3, 3, 1
0, 3, 3, 3, 3, 3, 3
0, 3, 3, 3, 3, 3, 3
0, 3, 3, 3, 3, 3, 3
0, 3, 3, 3, 3, 3, 3
0, 3, 3, 3, 3, 3, 3
0, 0, 0, 0, 3, 3, 3
0, 3, 3, 3, 3, 3, 3
0, 3, 3, 3, 3, 3, 3
0, 3, 3, 3, 3, 3, 3
0, 0, 0, 0, 3, 1, 1
0, 0, 0, 3, 3, 3, 3
0, 0, 3, 3, 3, 3, 3
0, 0, 0, 3, 3, 3, 3
0, 0, 0, 3, 3, 3, 3
0, 0, 3, 3, 3, 3, 3
0, 0, 0, 3, 3, 3, 3
0, 0, 3, 3, 3, 3, 3
0, 0, 0, 0, 3, 3, 3
0, 0, 0, 3, 3, 3, 3
0, 3, 3, 3, 3, 3, 3
0, 3, 3, 3, 3, 3, 3
0, 3, 3, 3, 3, 3, 3
0, 3, 2, 2, 2, 2, 2
0, 3, 2, 2, 2, 2, 2
0, 3, 2, 2, 2, 2, 2
0, 3, 2, 2, 2, 2, 2
0, 3, 2, 2, 2, 2, 2
0, 0, 3, 3, 3, 3, 3
0, 3, 3, 3, 3, 3, 3
0, 3, 3, 3, 3, 3, 3
0, 3, 3, 3, 3, 3, 3
0, 3, 3, 3, 3, 3, 3
0, 0, 0, 3, 3, 3, 3
0, 0, 0, 3, 3, 3, 3
0, 3, 3, 3, 3, 3, 3
0, 3, 3, 3, 3, 3, 3
0, 3, 3, 3, 3, 3, 3
0, 0, 3, 3, 1, 1, 1
0, 3, 3, 3, 3, 3, 3
0, 0, 0, 0, 3, 1, 1
0, 0, 3, 3, 3, 3, 3
0, 0, 0, 0, 3, 1, 1
0, 0, 3, 3, 3, 3, 3
0, 3, 3, 3, 1, 1, 1
0, 3, 3, 3, 3, 3, 3
0, 0, 0, 0, 3, 3, 3
