100, 200, 300, 400, 500, 600, 700, 800
1447.0, 1352.0, 1329.0, 970.0, 793.0, 126.0, 70.0, 0.0
0.0, 0.0, 0.0, 1.0, 12.0, 154.0, 358.0, 505.0
0.0, 0.0, 0.0, 0.0, 0.0, 0.0, 0.0, 0.0
0.0, 95.0, 118.0, 476.0, 642.0, 1167.0, 1019.0, 942.0
0, 0, 0, 3, 3, 3, 1, 1
0, 0, 0, 0, 0, 3, 1, 1
0, 0, 0, 3, 3, 3, 3, 3
0, 0, 0, 0, 0, 3, 1, 1
0, 0, 0, 3, 3, 3, 1, 1
0, 0, 0, 3, 3, 3, 3, 3
0, 0, 0, 3, 3, 1, 1, 1
0, 3, 3, 3, 3, 3, 3, 3
0, 0, 0, 3, 3, 1, 1, 1
0, 3, 3, 3, 3, 3, 3, 3
0, 3, 3, 3, 3, 3, 3, 3
0, 3, 3, 3, 3, 1, 1, 1
0, 3, 3, 3, 1, 1, 1, 1
0, 0, 0, 0, 0, 3, 3, 3
0, 0, 0, 0, 0, 3, 3, 3
0, 0, 0, 0, 0, 0, 0, 3
0, 0, 0, 0, 3, 3, 3, 3
0, 0, 0, 3, 3, 3, 3, 1
0, 0, 0, 0, 0, 3, 3, 1
0, 0, 0, 0, 0, 3, 1, 1
0, 0, 0, 0, 0, 3, 3, 1
0, 0, 0, 3, 3, 3, 3, 3
0, 0, 0, 0, 0, 3, 3, 1
0, 0, 0, 3, 3, 3, 3, 1
0, 0, 0, 3, 3, 3, 3, 3
0, 0, 0, 3, 3, 3, 3, 3
0, 0, 0, 3, 3, 3, 3, 3
0, 0, 0, 0, 0, 3, 1, 1
0, 0, 0, 0, 0, 3, 1, 1
0, 0, 0, 0, 0, 3, 1, 1
0, 0, 0, 0, 0, 3, 3, 3
0, 0, 0, 0, 0, 3, 3, 3
0, 0, 0, 0, 0, 3, 3, 3
0, 0, 0, 0, 0, 3, 3, 3
0, 0, 0, 0, 0, 3, 3, 3
0, 0, 0, 0, 0, 3, 3, 3
0, 0, 0, 0, 0, 3, 3, 1
0, 0, 0, 0, 0, 3, 3, 3
0, 0, 0, 0, 0, 3, 3, 3
0, 0, 0, 0, 0, 3, 3, 3
0, 0, 0, 0, 0, 3, 3, 3
0, 0, 0, 0, 0, 3, 3, 1
0, 0, 0, 0, 0, 3, 3, 3
0, 0, 0, 0, 0, 3, 3, 1
0, 0, 0, 0, 0, 3, 3, 3
0, 0, 0, 0, 0, 3, 3, 1
0, 0, 0, 0, 0, 0, 3, 3
0, 0, 0, 0, 0, 0, 3, 3
0, 0, 0, 0, 0, 0, 3, 3
0, 0, 0, 0, 0, 0, 3, 3
0, 0, 0, 0, 0, 0, 3, 3
0, 0, 0, 0, 0, 0, 3, 3
0, 0, 0, 0, 3, 1, 1, 1
0, 0, 0, 0, 3, 3, 3, 3
0, 0, 0, 3, 3, 3, 3, 3
0, 0, 0, 3, 1, 1, 1, 1
0, 0, 0, 3, 3, 1, 1, 1
0, 0, 0, 0, 0, 3, 3, 3
0, 0, 0, 0, 0, 3, 1, 1
0, 0, 0, 0, 0, 3, 1, 1
0, 0, 0, 0, 0, 3, 3, 3
0, 0, 0, 3, 3, 3, 3, 3
0, 0, 0, 0, 0, 3, 3, 3
0, 0, 0, 0, 0, 3, 3, 3
0, 0, 0, 0, 0, 3, 3, 3
0, 0, 0, 0, 0, 3, 1, 1
0, 0, 0, 3, 3, 3, 3, 3
0, 0, 0, 3, 3, 3, 3, 3
0, 0, 0, 0, 0, 0, 3, 3
0, 0, 0, 3, 3, 3, 3, 3
0, 0, 0, 0, 0, 0, 3, 3
0, 0, 0, 0, 0, 3, 3, 1
0, 0, 0, 0, 0, 3, 3, 3
0, 0, 0, 0, 0, 3, 3, 3
0, 0, 0, 0, 0, 3, 3, 3
0, 0, 0, 3, 3, 3, 3, 3
0, 3, 3, 3, 3, 3, 3, 3
0, 0, 0, 0, 0, 3, 3, 3
0, 0, 0, 0, 0, 3, 1, 1
0, 0, 0, 0, 0, 3, 1, 1
0, 0, 0, 3, 3, 3, 3, 3
0, 0, 3, 3, 3, 3, 3, 3
0, 0, 0, 0, 0, 3, 3, 3
0, 0, 0, 0, 0, 3, 3, 3
0, 0, 0, 0, 0, 3, 3, 3
0, 0, 0, 0, 0, 3, 3, 3
0, 0, 0, 0, 0, 3, 3, 3
0, 0, 0, 0, 0, 3, 3, 3
0, 0, 0, 0, 0, 3, 3, 3
0, 0, 0, 0, 3, 3, 3, 3
0, 0, 0, 0, 3, 1, 1, 1
0, 0, 0, 0, 0, 3, 1, 1
0, 0, 0, 3, 3, 3, 3, 3
0, 0, 0, 0, 3, 3, 3, 3
0, 0, 0, 0, 0, 3, 3, 3
0, 0, 0, 0, 0, 0, 0, 3
0, 0, 0, 3, 3, 3, 3, 3
0, 3, 3, 3, 3, 3, 3, 3
0, 0, 0, 0, 0, 0, 3, 3
0, 0, 0, 3, 3, 3, 3, 3
0, 0, 0, 0, 3, 3, 3, 3
0, 0, 0, 0, 0, 3, 3, 1
0, 0, 0, 3, 3, 3, 3, 3
0, 0, 0, 3, 3, 3, 3, 3
0, 0, 0, 3, 3, 3, 1, 1
0, 0, 0, 0, 0, 0, 0, 3
0, 0, 0, 0, 0, 3, 1, 1
0, 0, 0, 0, 0, 3, 3, 3
0, 3, 3, 3, 3, 3, 3, 3
0, 3, 3, 3, 3, 1, 1, 1
0, 0, 0, 0, 3, 3, 3, 3
0, 0, 0, 0, 0, 3, 1, 1
0, 0, 0, 3, 3, 3, 3, 3
0, 0, 0, 3, 3, 1, 1, 1
0, 0, 0, 3, 3, 1, 1, 1
0, 0, 0, 0, 3, 3, 3, 3
0, 0, 0, 0, 0, 3, 3, 3
0, 0, 0, 0, 3, 3, 3, 3
0, 0, 0, 0, 0, 3, 3, 3
0, 0, 0, 0, 0, 3, 3, 3
0, 0, 0, 0, 0, 3, 3, 3
0, 0, 0, 0, 0, 3, 3, 3
0, 0, 0, 3, 3, 3, 3, 3
0, 0, 0, 3, 3, 3, 3, 3
0, 0, 0, 3, 3, 3, 3, 3
0, 0, 0, 0, 3, 3, 3, 3
0, 0, 0, 0, 3, 3, 3, 3
0, 0, 0, 3, 3, 3, 3, 1
0, 0, 0, 3, 3, 3, 3, 3
0, 0, 0, 3, 3, 3, 3, 3
0, 0, 0, 3, 3, 3, 3, 3
0, 0, 0, 3, 3, 3, 3, 3
0, 0, 0, 0, 3, 3, 3, 3
0, 0, 0, 0, 3, 3, 3, 3
0, 0, 0, 0, 3, 3, 3, 3
0, 0, 0, 0, 3, 3, 1, 1
0, 0, 0, 0, 0, 3, 3, 3
0, 0, 0, 0, 3, 1, 1, 1
0, 0, 0, 0, 0, 3, 3, 3
0, 0, 0, 0, 0, 3, 3, 3
0, 0, 0, 0, 0, 3, 3, 3
0, 0, 0, 0, 0, 3, 3, 3
0, 0, 0, 0, 0, 3, 3, 3
0, 0, 0, 0, 0, 3, 3, 3
0, 0, 0, 0, 0, 3, 3, 3
0, 0, 0, 0, 0, 0, 0, 3
0, 0, 0, 0, 0, 3, 3, 3
0, 0, 0, 0, 0, 3, 3, 1
0, 0, 0, 0, 3, 3, 3, 3
0, 0, 0, 0, 0, 0, 0, 3
0, 0, 0, 0, 0, 3, 3, 3
0, 0, 0, 0, 0, 3, 3, 3
0, 0, 0, 3, 3, 3, 3, 3
0, 0, 0, 0, 0, 3, 3, 3
0, 0, 0, 0, 0, 3, 3, 3
0, 0, 0, 0, 0, 3, 3, 3
0, 0, 0, 0, 0, 3, 3, 3
0, 0, 0, 0, 0, 3, 3, 3
0, 0, 0, 0, 0, 3, 3, 3
0, 0, 0, 0, 0, 3, 3, 3
0, 0, 0, 0, 0, 3, 3, 3
0, 0, 0, 0, 0, 3, 3, 3
0, 3, 3, 3, 3, 3, 3, 3
0, 3, 3, 3, 3, 3, 3, 3
0, 0, 0, 0, 0, 3, 3, 3
0, 0, 0, 0, 0, 3, 1, 1
0, 0, 0, 0, 0, 0, 0, 3
0, 0, 0, 0, 3, 3, 3, 3
0, 0, 0, 0, 3, 1, 1, 1
0, 0, 0, 0, 3, 3, 3, 3
0, 0, 0, 0, 0, 3, 3, 3
0, 0, 0, 0, 0, 3, 3, 3
0, 0, 3, 3, 3, 3, 1, 1
0, 0, 0, 0, 0, 0, 0, 3
0, 0, 0, 0, 0, 3, 3, 3
0, 0, 0, 0, 0, 3, 3, 3
0, 0, 0, 0, 0, 3, 3, 3
0, 0, 0, 3, 3, 3, 3, 3
0, 0, 0, 0, 0, 3, 3, 3
0, 0, 0, 0, 0, 3, 3, 3
0, 0, 0, 0, 0, 3, 3, 3
0, 0, 0, 0, 0, 3, 3, 3
0, 0, 0, 0, 0, 3, 1, 1
0, 0, 3, 3, 3, 3, 3, 3
0, 0, 0, 3, 3, 3, 3, 3
0, 0, 0, 3, 3, 3, 3, 3
0, 0, 0, 3, 3, 3, 3, 3
0, 0, 0, 3, 3, 1, 1, 1
0, 0, 0, 3, 3, 3, 1, 1
0, 0, 0, 3, 3, 1, 1, 1
0, 0, 0, 3, 3, 3, 3, 1
0, 0, 0, 0, 3, 1, 1, 1
0, 0, 0, 3, 3, 3, 1, 1
0, 0, 3, 1, 1, 1, 1, 1
0, 0, 3, 3, 3, 1, 1, 1
0, 0, 0, 3, 3, 3, 3, 3
0, 0, 0, 3, 3, 3, 3, 3
0, 3, 3, 3, 3, 3, 3, 3
0, 0, 0, 3, 3, 1, 1, 1
0, 3, 3, 3, 3, 1, 1, 1
0, 0, 0, 0, 3, 1, 1, 1
0, 0, 0, 3, 3, 3, 3, 1
0, 0, 0, 3, 3, 3, 3, 3
0, 0, 0, 3, 3, 3, 3, 3
0, 0, 0, 3, 3, 3, 3, 3
0, 0, 0, 0, 3, 1, 1, 1
0, 0, 0, 0, 3, 1, 1, 1
0, 0, 0, 3, 3, 3, 1, 1
0, 0, 0, 0, 3, 1, 1, 1
0, 0, 0, 0, 3, 1, 1, 1
0, 0, 0, 0, 0, 3, 3, 3
0, 0, 0, 0, 0, 3, 3, 3
0, 0, 0, 0, 0, 3, 3, 3
0, 0, 0, 0, 0, 3, 3, 3
0, 0, 0, 0, 0, 3, 3, 3
0, 0, 0, 0, 0, 3, 3, 3
0, 0, 0, 0, 0, 3, 3, 3
0, 0, 0, 0, 0, 3, 3, 3
0, 0, 0, 0, 0, 3, 3, 3
0, 0, 0, 0, 0, 3, 3, 1
0, 0, 0, 0, 0, 3, 3, 1
0, 0, 0, 0, 0, 3, 3, 1
0, 0, 0, 3, 3, 3, 3, 3
0, 3, 3, 3, 3, 3, 3, 3
0, 0, 0, 0, 0, 3, 1, 1
0, 0, 0, 3, 1, 1, 1, 1
0, 0, 0, 0, 3, 1, 1, 1
0, 0, 0, 3, 3, 1, 1, 1
0, 0, 0, 3, 3, 3, 3, 3
0, 0, 0, 0, 3, 1, 1, 1
0, 0, 0, 0, 0, 3, 3, 3
0, 3, 3, 3, 3, 1, 1, 1
0, 3, 3, 3, 3, 1, 1, 1
0, 3, 3, 3, 3, 1, 1, 1
0, 0, 0, 0, 0, 3, 3, 3
0, 0, 0, 3, 3, 1, 1, 1
0, 0, 0, 3, 3, 1, 1, 1
0, 0, 0, 0, 0, 3, 3, 3
0, 0, 0, 0, 0, 3, 3, 1
0, 0, 0, 0, 0, 3, 3, 3
0, 0, 0, 0, 3, 3, 3, 3
0, 0, 0, 0, 0, 0, 0, 3
0, 0, 0, 0, 0, 0, 3, 3
0, 0, 0, 0, 0, 3, 3, 3
0, 0, 0, 0, 0, 3, 3, 1
0, 0, 0, 0, 0, 3, 3, 1
0, 0, 0, 3, 3, 3, 3, 3
0, 0, 0, 3, 3, 3, 3, 3
0, 0, 0, 3, 3, 3, 3, 3
0, 0, 0, 3, 3, 3, 3, 3
0, 0, 0, 3, 3, 3, 3, 1
0, 0, 0, 0, 3, 3, 3, 3
0, 0, 0, 0, 3, 3, 3, 3
0, 0, 0, 3, 3, 3, 3, 1
0, 0, 0, 0, 3, 3, 1, 1
0, 0, 0, 0, 3, 3, 3, 1
0, 0, 0, 3, 3, 3, 3, 1
0, 0, 0, 0, 0, 3, 1, 1
0, 0, 0, 0, 0, 3, 3, 1
0, 0, 0, 0, 0, 3, 3, 3
0, 0, 0, 3, 3, 1, 1, 1
0, 0, 3, 3, 3, 3, 3, 3
0, 0, 3, 3, 3, 3, 3, 3
0, 0, 0, 0, 0, 3, 3, 3
0, 0, 3, 3, 3, 3, 3, 3
0, 0, 0, 3, 3, 3, 1, 1
0, 0, 0, 3, 3, 3, 1, 1
0, 0, 0, 3, 3, 3, 3, 3
0, 0, 0, 3, 3, 3, 3, 3
0, 0, 0, 3, 3, 3, 3, 3
0, 0, 0, 3, 3, 3, 3, 3
0, 0, 0, 0, 3, 1, 1, 1
0, 0, 0, 3, 3, 3, 3, 3
0, 0, 0, 0, 0, 3, 1, 1
0, 0, 0, 0, 0, 3, 3, 3
0, 0, 0, 0, 0, 0, 3, 1
0, 0, 0, 3, 3, 3, 3, 3
0, 3, 3, 3, 3, 1, 1, 1
0, 0, 0, 0, 3, 3, 3, 3
0, 0, 0, 0, 3, 3, 3, 3
0, 0, 0, 0, 3, 1, 1, 1
0, 0, 0, 0, 3, 1, 1, 1
0, 0, 0, 3, 3, 3, 3, 3
0, 0, 0, 0, 0, 0, 3, 3
0, 0, 0, 0, 0, 3, 3, 1
0, 0, 0, 0, 0, 3, 3, 3
0, 0, 0, 0, 0, 3, 3, 3
0, 0, 0, 0, 0, 3, 3, 3
0, 0, 0, 3, 3, 3, 3, 3
0, 3, 3, 3, 3, 3, 3, 3
0, 0, 0, 3, 3, 1, 1, 1
0, 0, 0, 0, 3, 3, 3, 3
0, 0, 0, 0, 0, 3, 3, 3
0, 0, 0, 0, 0, 3, 1, 1
0, 0, 0, 0, 0, 3, 3, 3
0, 0, 0, 3, 3, 3, 3, 3
0, 0, 0, 0, 0, 3, 3, 3
0, 0, 0, 3, 3, 3, 3, 3
0, 0, 0, 0, 0, 3, 3, 3
0, 0, 0, 3, 3, 3, 3, 3
0, 0, 3, 3, 3, 3, 3, 3
0, 0, 0, 3, 3, 3, 3, 3
0, 0, 0, 3, 3, 3, 3, 3
0, 0, 0, 3, 3, 3, 3, 3
0, 0, 0, 3, 3, 1, 1, 1
0, 0, 0, 3, 3, 1, 1, 1
0, 0, 0, 0, 0, 3, 3, 3
0, 0, 0, 3, 3, 3, 3, 3
0, 0, 0, 0, 0, 0, 3, 3
0, 0, 0, 0, 0, 3, 3, 3
0, 0, 0, 0, 0, 0, 0, 3
0, 0, 0, 0, 3, 1, 1, 1
0, 0, 0, 3, 3, 3, 3, 1
0, 0, 0, 3, 3, 3, 3, 3
0, 0, 0, 3, 3, 3, 3, 3
0, 0, 0, 3, 3, 3, 3, 3
0, 0, 0, 3, 3, 1, 1, 1
0, 0, 0, 3, 3, 3, 3, 3
0, 0, 0, 3, 3, 1, 1, 1
0, 0, 0, 3, 3, 3, 1, 1
0, 0, 0, 0, 0, 3, 3, 3
0, 0, 0, 0, 0, 3, 3, 3
0, 0, 0, 0, 0, 0, 3, 1
0, 0, 0, 0, 0, 3, 3, 3
0, 0, 0, 0, 0, 3, 1, 1
0, 0, 0, 0, 0, 3, 3, 3
0, 0, 0, 0, 0, 3, 3, 3
0, 0, 0, 0, 0, 3, 3, 3
0, 0, 0, 0, 0, 3, 3, 3
0, 0, 3, 3, 3, 3, 3, 3
0, 0, 0, 3, 3, 3, 3, 3
0, 0, 0, 3, 3, 3, 3, 3
0, 0, 0, 0, 0, 0, 0, 3
0, 0, 0, 0, 3, 3, 3, 3
0, 0, 0, 3, 3, 1, 1, 1
0, 0, 0, 0, 0, 3, 3, 3
0, 0, 0, 3, 3, 3, 3, 3
0, 0, 0, 0, 0, 3, 3, 3
0, 0, 0, 3, 3, 3, 3, 3
0, 0, 0, 0, 0, 3, 1, 1
0, 0, 0, 0, 0, 3, 3, 3
0, 0, 0, 0, 3, 3, 3, 3
0, 0, 0, 0, 0, 3, 1, 1
0, 0, 0, 0, 0, 3, 1, 1
0, 0, 0, 0, 0, 3, 3, 3
0, 3, 3, 3, 3, 3, 3, 3
0, 0, 0, 0, 0, 3, 3, 3
0, 3, 3, 3, 3, 1, 1, 1
0, 0, 0, 0, 0, 3, 3, 1
0, 0, 0, 0, 0, 3, 3, 1
0, 0, 0, 0, 0, 3, 3, 1
0, 0, 0, 3, 3, 3, 3, 3
0, 0, 0, 0, 3, 3, 3, 1
0, 0, 0, 0, 0, 3, 3, 1
0, 0, 0, 3, 3, 1, 1, 1
0, 0, 0, 0, 0, 3, 3, 3
0, 0, 0, 0, 0, 3, 3, 3
0, 0, 0, 0, 0, 3, 3, 3
0, 0, 0, 0, 0, 3, 3, 3
0, 0, 0, 0, 0, 3, 3, 3
0, 0, 0, 0, 0, 3, 3, 1
0, 0, 0, 0, 0, 3, 3, 3
0, 0, 0, 0, 0, 3, 3, 3
0, 0, 0, 0, 0, 3, 3, 1
0, 0, 0, 0, 0, 3, 3, 3
0, 0, 0, 0, 0, 3, 3, 3
0, 0, 0, 0, 0, 3, 3, 1
0, 0, 0, 0, 0, 0, 3, 3
0, 0, 0, 0, 0, 0, 0, 3
0, 0, 0, 0, 3, 3, 3, 3
0, 3, 3, 3, 3, 3, 3, 3
0, 3, 3, 3, 3, 3, 3, 3
0, 3, 3, 3, 3, 3, 3, 3
0, 0, 0, 0, 0, 3, 3, 1
0, 0, 0, 3, 3, 3, 3, 3
0, 0, 0, 0, 0, 3, 3, 3
0, 0, 0, 3, 3, 3, 3, 3
0, 0, 0, 3, 3, 3, 3, 3
0, 0, 0, 3, 3, 1, 1, 1
0, 0, 0, 0, 3, 3, 3, 3
0, 0, 0, 3, 3, 1, 1, 1
0, 0, 0, 3, 3, 1, 1, 1
0, 0, 0, 3, 3, 1, 1, 1
0, 0, 0, 0, 3, 1, 1, 1
0, 0, 0, 3, 3, 3, 3, 3
0, 0, 0, 0, 0, 3, 1, 1
0, 0, 0, 0, 0, 3, 3, 1
0, 0, 0, 0, 0, 3, 3, 1
0, 0, 0, 3, 3, 3, 3, 3
0, 0, 0, 0, 0, 3, 3, 3
0, 0, 0, 3, 3, 3, 3, 3
0, 0, 3, 3, 1, 1, 1, 1
0, 0, 0, 0, 0, 3, 3, 1
0, 0, 0, 0, 0, 3, 1, 1
0, 0, 0, 0, 3, 3, 3, 1
0, 0, 0, 0, 0, 3, 3, 3
0, 0, 0, 0, 0, 3, 3, 3
0, 0, 0, 0, 0, 3, 1, 1
0, 0, 0, 0, 0, 3, 1, 1
0, 0, 0, 0, 0, 3, 1, 1
0, 0, 0, 0, 0, 0, 0, 3
0, 3, 3, 3, 3, 3, 3, 3
0, 0, 0, 0, 0, 3, 1, 1
0, 0, 0, 0, 0, 3, 3, 3
0, 0, 0, 3, 3, 3, 3, 3
0, 0, 0, 0, 0, 3, 3, 3
0, 0, 0, 0, 0, 3, 3, 3
0, 0, 0, 0, 0, 3, 3, 3
0, 0, 0, 0, 0, 3, 3, 3
0, 0, 0, 0, 0, 3, 3, 3
0, 0, 0, 0, 0, 3, 3, 3
0, 0, 0, 0, 0, 0, 0, 3
0, 0, 0, 3, 3, 3, 3, 3
0, 0, 0, 3, 3, 3, 3, 3
0, 0, 0, 3, 3, 3, 3, 3
0, 0, 0, 3, 3, 3, 3, 3
0, 0, 0, 3, 3, 3, 3, 3
0, 0, 0, 3, 3, 3, 3, 3
0, 0, 0, 0, 0, 0, 3, 3
0, 0, 0, 3, 3, 3, 3, 3
0, 0, 0, 3, 3, 3, 3, 3
0, 0, 0, 0, 0, 3, 3, 3
0, 0, 0, 0, 0, 3, 1, 1
0, 0, 0, 0, 0, 3, 1, 1
0, 0, 0, 0, 0, 3, 1, 1
0, 0, 0, 0, 0, 3, 1, 1
0, 0, 0, 0, 0, 3, 1, 1
0, 0, 0, 0, 0, 3, 1, 1
0, 0, 0, 0, 0, 3, 3, 3
0, 0, 0, 0, 0, 3, 3, 3
0, 0, 0, 0, 0, 3, 3, 1
0, 0, 0, 0, 0, 3, 3, 3
0, 0, 0, 0, 0, 3, 3, 3
0, 0, 0, 0, 0, 3, 3, 1
0, 0, 0, 0, 0, 3, 3, 3
0, 0, 0, 0, 0, 3, 3, 3
0, 0, 0, 0, 0, 3, 3, 3
0, 0, 0, 0, 0, 3, 3, 3
0, 0, 0, 0, 0, 3, 3, 3
0, 0, 0, 0, 0, 3, 1, 1
0, 0, 0, 0, 0, 3, 3, 3
0, 0, 0, 0, 0, 3, 3, 1
0, 0, 0, 0, 0, 3, 1, 1
0, 0, 0, 0, 0, 3, 1, 1
0, 0, 0, 0, 0, 3, 3, 3
0, 0, 0, 0, 0, 3, 3, 3
0, 0, 0, 0, 0, 3, 3, 1
0, 0, 0, 0, 0, 3, 3, 3
0, 0, 0, 0, 0, 3, 3, 3
0, 0, 0, 0, 0, 3, 3, 3
0, 0, 0, 0, 0, 3, 3, 3
0, 0, 0, 0, 0, 3, 3, 3
0, 0, 0, 0, 0, 3, 3, 1
0, 0, 0, 0, 0, 3, 3, 3
0, 0, 0, 0, 0, 3, 3, 3
0, 0, 0, 0, 0, 3, 3, 1
0, 0, 0, 0, 0, 3, 3, 3
0, 0, 0, 0, 0, 3, 3, 3
0, 0, 0, 3, 3, 3, 3, 1
0, 0, 0, 0, 0, 0, 0, 3
0, 0, 0, 0, 0, 3, 3, 3
0, 0, 0, 0, 0, 3, 3, 3
0, 0, 0, 0, 0, 0, 0, 3
0, 0, 0, 0, 0, 3, 1, 1
0, 0, 0, 0, 0, 3, 1, 1
0, 0, 0, 0, 0, 3, 1, 1
0, 0, 0, 3, 3, 3, 3, 3
0, 0, 0, 0, 3, 3, 3, 1
0, 0, 0, 0, 3, 3, 3, 3
0, 0, 0, 0, 3, 3, 3, 3
0, 0, 0, 0, 0, 3, 1, 1
0, 0, 0, 0, 0, 3, 1, 1
0, 0, 0, 0, 3, 1, 1, 1
0, 0, 0, 3, 3, 1, 1, 1
0, 0, 0, 0, 3, 3, 1, 1
0, 0, 0, 3, 3, 3, 3, 3
0, 0, 0, 0, 3, 1, 1, 1
0, 0, 0, 0, 0, 3, 3, 3
0, 0, 0, 0, 0, 3, 1, 1
0, 0, 0, 0, 3, 3, 1, 1
0, 0, 0, 0, 0, 0, 0, 3
0, 0, 0, 0, 0, 3, 1, 1
0, 0, 0, 0, 0, 3, 1, 1
0, 0, 0, 0, 3, 3, 1, 1
0, 0, 0, 0, 3, 3, 1, 1
0, 0, 0, 0, 0, 3, 3, 1
0, 0, 0, 0, 0, 3, 1, 1
0, 0, 0, 0, 0, 0, 0, 3
0, 0, 0, 0, 0, 3, 3, 3
0, 3, 3, 3, 3, 3, 3, 3
0, 3, 3, 3, 3, 3, 3, 3
0, 0, 0, 0, 0, 0, 3, 3
0, 3, 3, 3, 3, 3, 3, 3
0, 3, 3, 3, 3, 3, 3, 3
0, 0, 0, 0, 0, 3, 3, 3
0, 0, 0, 3, 3, 3, 3, 3
0, 0, 0, 3, 3, 3, 3, 3
0, 0, 0, 3, 3, 3, 3, 3
0, 0, 0, 3, 3, 1, 1, 1
0, 0, 0, 3, 3, 3, 1, 1
0, 0, 0, 0, 0, 3, 3, 3
0, 0, 0, 0, 0, 3, 3, 3
0, 0, 0, 0, 0, 3, 3, 3
0, 0, 0, 0, 0, 3, 3, 3
0, 0, 0, 0, 0, 3, 3, 1
0, 0, 0, 0, 0, 3, 3, 1
0, 0, 0, 3, 3, 3, 3, 3
0, 0, 0, 0, 0, 0, 0, 3
0, 0, 0, 0, 0, 0, 0, 3
0, 0, 0, 0, 0, 3, 1, 1
0, 0, 0, 0, 0, 3, 1, 1
0, 0, 0, 0, 3, 1, 1, 1
0, 0, 0, 3, 3, 3, 1, 1
0, 0, 0, 0, 0, 3, 1, 1
0, 0, 0, 0, 0, 0, 0, 3
0, 0, 0, 0, 0, 3, 1, 1
0, 0, 0, 0, 0, 3, 3, 3
0, 0, 0, 3, 3, 1, 1, 1
0, 0, 3, 3, 3, 1, 1, 1
0, 0, 0, 0, 0, 3, 3, 3
0, 0, 0, 0, 0, 3, 1, 1
0, 0, 0, 0, 0, 3, 1, 1
0, 0, 0, 0, 0, 0, 3, 3
0, 0, 0, 0, 0, 3, 3, 3
0, 0, 0, 0, 0, 3, 3, 3
0, 3, 3, 3, 3, 3, 3, 3
0, 0, 0, 0, 3, 3, 3, 3
0, 0, 3, 3, 3, 1, 1, 1
0, 0, 0, 0, 0, 3, 3, 3
0, 0, 0, 0, 0, 3, 3, 3
0, 0, 0, 0, 0, 3, 3, 3
0, 0, 0, 0, 0, 0, 0, 3
0, 0, 0, 3, 3, 3, 3, 3
0, 0, 0, 0, 0, 0, 0, 3
0, 0, 0, 0, 0, 3, 3, 3
0, 0, 0, 0, 0, 3, 3, 3
0, 0, 0, 0, 0, 3, 3, 3
0, 0, 0, 0, 0, 3, 3, 3
0, 0, 0, 0, 0, 3, 1, 1
0, 0, 0, 0, 0, 3, 3, 1
0, 0, 0, 0, 0, 3, 1, 1
0, 0, 0, 0, 0, 3, 1, 1
0, 0, 0, 0, 0, 3, 3, 3
0, 0, 0, 0, 3, 1, 1, 1
0, 0, 0, 0, 0, 0, 0, 3
0, 0, 0, 0, 0, 0, 3, 3
0, 0, 0, 0, 0, 3, 1, 1
0, 0, 0, 0, 0, 0, 0, 3
0, 0, 0, 0, 0, 3, 1, 1
0, 0, 0, 0, 0, 3, 1, 1
0, 0, 0, 3, 3, 3, 3, 3
0, 0, 0, 3, 3, 3, 3, 3
0, 0, 0, 0, 0, 3, 3, 1
0, 0, 0, 3, 3, 3, 3, 3
0, 0, 0, 0, 0, 3, 3, 1
0, 0, 0, 0, 3, 3, 3, 1
0, 0, 0, 0, 0, 3, 1, 1
0, 0, 0, 0, 0, 3, 3, 3
0, 0, 0, 0, 0, 3, 3, 3
0, 0, 0, 0, 0, 3, 3, 3
0, 0, 0, 0, 0, 3, 3, 3
0, 0, 0, 0, 0, 3, 3, 3
0, 0, 0, 0, 0, 3, 3, 3
0, 0, 0, 0, 0, 3, 3, 1
0, 0, 0, 0, 0, 3, 1, 1
0, 0, 0, 3, 3, 3, 3, 3
0, 0, 0, 0, 0, 0, 0, 3
0, 0, 0, 0, 0, 3, 1, 1
0, 0, 0, 3, 3, 3, 1, 1
0, 0, 0, 3, 3, 3, 1, 1
0, 3, 3, 3, 3, 3, 3, 3
0, 0, 0, 0, 0, 3, 3, 3
0, 0, 0, 0, 0, 3, 1, 1
0, 0, 0, 0, 0, 3, 3, 3
0, 0, 0, 0, 3, 3, 3, 3
0, 0, 0, 0, 0, 3, 1, 1
0, 3, 3, 3, 3, 3, 3, 3
0, 0, 0, 0, 0, 3, 3, 3
0, 0, 0, 0, 0, 3, 3, 3
0, 0, 0, 0, 0, 3, 3, 1
0, 0, 0, 0, 0, 3, 3, 3
0, 0, 0, 0, 0, 3, 3, 3
0, 0, 0, 0, 0, 3, 3, 1
0, 0, 0, 0, 0, 3, 3, 3
0, 0, 0, 0, 0, 3, 3, 3
0, 0, 0, 0, 0, 3, 3, 3
0, 0, 0, 0, 3, 3, 3, 3
0, 0, 0, 0, 3, 1, 1, 1
0, 0, 0, 0, 3, 3, 3, 1
0, 0, 0, 0, 3, 3, 3, 3
0, 0, 0, 0, 3, 3, 3, 3
0, 0, 0, 0, 3, 3, 3, 3
0, 0, 0, 0, 3, 3, 3, 1
0, 0, 0, 0, 3, 3, 3, 3
0, 0, 0, 0, 3, 3, 3, 1
0, 0, 0, 0, 3, 3, 3, 3
0, 0, 0, 0, 0, 3, 3, 3
0, 0, 0, 3, 3, 3, 3, 1
0, 0, 0, 0, 3, 3, 3, 3
0, 0, 0, 0, 0, 3, 3, 1
0, 0, 0, 0, 0, 3, 3, 1
0, 0, 0, 0, 0, 3, 3, 1
0, 0, 0, 0, 0, 3, 3, 3
0, 0, 0, 0, 0, 3, 3, 3
0, 0, 0, 0, 3, 3, 3, 3
0, 0, 0, 0, 0, 3, 3, 1
0, 0, 0, 0, 0, 3, 3, 3
0, 0, 0, 0, 0, 3, 1, 1
0, 0, 0, 0, 0, 3, 1, 1
0, 0, 0, 0, 0, 3, 3, 1
0, 0, 0, 0, 0, 3, 3, 1
0, 0, 0, 0, 0, 0, 3, 3
0, 0, 0, 0, 0, 3, 1, 1
0, 0, 0, 3, 1, 1, 1, 1
0, 0, 0, 0, 0, 3, 3, 3
0, 0, 0, 0, 0, 3, 3, 3
0, 0, 0, 0, 0, 3, 3, 3
0, 0, 0, 3, 3, 3, 3, 3
0, 0, 0, 0, 3, 3, 3, 3
0, 0, 0, 0, 3, 1, 1, 1
0, 0, 0, 0, 3, 3, 1, 1
0, 3, 3, 3, 3, 3, 3, 3
0, 3, 3, 3, 3, 1, 1, 1
0, 0, 0, 0, 0, 0, 0, 3
0, 0, 0, 0, 0, 0, 0, 3
0, 0, 0, 0, 0, 3, 3, 3
0, 0, 0, 3, 3, 3, 3, 3
0, 0, 0, 0, 0, 3, 3, 1
0, 0, 0, 3, 3, 3, 3, 3
0, 0, 0, 0, 0, 3, 1, 1
0, 0, 0, 0, 0, 3, 1, 1
0, 0, 0, 0, 0, 0, 0, 3
0, 0, 0, 0, 0, 0, 0, 3
0, 0, 0, 0, 0, 3, 3, 3
0, 0, 0, 0, 3, 1, 1, 1
0, 3, 3, 3, 3, 3, 3, 3
0, 0, 0, 0, 0, 3, 1, 1
0, 0, 0, 0, 0, 3, 3, 3
0, 3, 3, 3, 3, 3, 3, 3
0, 0, 0, 0, 0, 3, 3, 3
0, 0, 0, 0, 0, 3, 3, 3
0, 0, 0, 0, 0, 3, 3, 3
0, 0, 0, 0, 0, 3, 3, 1
0, 0, 0, 0, 3, 1, 1, 1
0, 0, 0, 3, 3, 1, 1, 1
0, 0, 0, 0, 3, 3, 3, 3
0, 0, 0, 0, 3, 3, 3, 3
0, 0, 0, 0, 3, 3, 3, 3
0, 0, 0, 0, 3, 3, 3, 3
0, 0, 0, 0, 3, 3, 3, 3
0, 0, 0, 0, 3, 3, 3, 3
0, 0, 0, 0, 3, 3, 3, 3
0, 0, 0, 0, 0, 3, 3, 1
0, 0, 0, 0, 0, 3, 1, 1
0, 0, 0, 0, 0, 3, 1, 1
0, 0, 0, 0, 0, 3, 3, 3
0, 0, 0, 0, 0, 3, 1, 1
0, 3, 3, 3, 3, 3, 3, 3
0, 0, 0, 0, 0, 3, 3, 3
0, 0, 0, 0, 0, 3, 3, 3
0, 0, 0, 0, 0, 3, 3, 1
0, 0, 0, 0, 0, 3, 3, 3
0, 0, 0, 0, 0, 3, 3, 3
0, 0, 0, 0, 0, 3, 3, 1
0, 0, 0, 0, 0, 3, 3, 3
0, 0, 0, 0, 0, 3, 3, 3
0, 3, 3, 3, 3, 3, 3, 3
0, 0, 0, 0, 0, 3, 1, 1
0, 0, 0, 0, 0, 3, 1, 1
0, 0, 0, 3, 3, 3, 3, 3
0, 0, 0, 3, 3, 3, 3, 3
0, 0, 0, 3, 3, 3, 3, 3
0, 0, 0, 3, 3, 3, 3, 3
0, 0, 0, 3, 3, 3, 1, 1
0, 0, 0, 0, 0, 3, 1, 1
0, 0, 0, 3, 3, 3, 3, 3
0, 0, 0, 3, 3, 3, 1, 1
0, 0, 0, 0, 3, 3, 3, 3
0, 0, 0, 0, 0, 3, 1, 1
0, 0, 0, 0, 3, 1, 1, 1
0, 0, 0, 0, 0, 3, 1, 1
0, 0, 0, 0, 0, 3, 3, 3
0, 0, 0, 0, 0, 3, 3, 3
0, 0, 0, 0, 0, 3, 3, 3
0, 0, 0, 0, 0, 0, 3, 3
0, 0, 0, 3, 3, 3, 3, 3
0, 0, 0, 0, 0, 3, 3, 3
0, 0, 0, 0, 0, 0, 3, 3
0, 0, 0, 0, 0, 0, 3, 3
0, 0, 0, 0, 0, 0, 3, 3
0, 0, 0, 0, 0, 0, 3, 3
0, 0, 0, 0, 0, 3, 3, 3
0, 0, 0, 0, 0, 3, 3, 3
0, 0, 0, 0, 0, 3, 3, 3
0, 0, 0, 0, 0, 3, 1, 1
0, 0, 0, 0, 0, 3, 3, 3
0, 0, 0, 0, 0, 3, 3, 3
0, 0, 0, 0, 0, 0, 0, 3
0, 0, 0, 0, 0, 0, 3, 3
0, 0, 0, 0, 0, 3, 1, 1
0, 0, 0, 3, 3, 3, 1, 1
0, 0, 0, 0, 3, 1, 1, 1
0, 0, 0, 3, 3, 1, 1, 1
0, 0, 0, 0, 0, 3, 1, 1
0, 3, 3, 3, 3, 3, 3, 3
0, 0, 0, 3, 3, 3, 3, 3
0, 0, 0, 0, 0, 3, 3, 3
0, 0, 0, 0, 0, 3, 3, 3
0, 0, 0, 0, 0, 3, 3, 3
0, 0, 0, 0, 0, 3, 3, 3
0, 0, 0, 0, 0, 3, 1, 1
0, 0, 0, 0, 0, 3, 3, 3
0, 0, 0, 0, 0, 3, 3, 3
0, 0, 0, 0, 0, 0, 3, 3
0, 0, 0, 3, 3, 3, 3, 3
0, 0, 0, 0, 0, 0, 3, 3
0, 0, 0, 0, 0, 0, 3, 3
0, 0, 0, 0, 0, 3, 3, 3
0, 0, 0, 0, 0, 0, 0, 3
0, 0, 0, 0, 0, 0, 0, 3
0, 0, 0, 0, 0, 0, 0, 3
0, 0, 0, 0, 0, 0, 0, 3
0, 0, 0, 0, 0, 0, 0, 3
0, 0, 0, 0, 0, 0, 0, 3
0, 0, 0, 0, 0, 0, 0, 3
0, 0, 0, 3, 3, 3, 3, 1
0, 0, 0, 0, 3, 3, 3, 1
0, 0, 0, 0, 0, 3, 1, 1
0, 0, 0, 0, 0, 3, 3, 1
0, 0, 0, 0, 0, 3, 3, 1
0, 0, 0, 3, 3, 3, 3, 3
0, 0, 0, 3, 3, 3, 3, 1
0, 0, 0, 0, 0, 3, 3, 3
0, 0, 0, 3, 3, 3, 3, 3
0, 0, 0, 3, 3, 3, 3, 3
0, 0, 0, 3, 3, 3, 3, 3
0, 0, 0, 0, 0, 3, 3, 1
0, 0, 0, 0, 0, 0, 3, 3
0, 0, 0, 0, 0, 0, 3, 3
0, 0, 0, 0, 0, 3, 3, 3
0, 0, 0, 0, 0, 3, 3, 3
0, 0, 0, 0, 0, 3, 3, 3
0, 0, 0, 0, 0, 3, 3, 3
0, 0, 0, 0, 0, 3, 3, 3
0, 0, 0, 0, 0, 3, 3, 3
0, 0, 0, 0, 0, 3, 3, 1
0, 0, 0, 0, 0, 3, 3, 3
0, 0, 0, 0, 0, 3, 3, 3
0, 0, 0, 0, 0, 3, 1, 1
0, 0, 0, 0, 0, 3, 3, 3
0, 0, 0, 0, 0, 0, 3, 3
0, 0, 0, 0, 0, 0, 0, 3
0, 0, 0, 0, 0, 0, 3, 3
0, 0, 0, 0, 0, 3, 3, 1
0, 0, 0, 0, 0, 3, 3, 1
0, 0, 0, 0, 0, 0, 3, 1
0, 0, 0, 3, 3, 3, 3, 3
0, 0, 0, 0, 0, 3, 3, 3
0, 3, 3, 3, 3, 1, 1, 1
0, 0, 0, 0, 3, 3, 3, 3
0, 0, 0, 0, 3, 3, 3, 3
0, 0, 0, 0, 3, 3, 3, 3
0, 0, 0, 0, 0, 0, 3, 3
0, 0, 0, 0, 0, 0, 0, 3
0, 0, 0, 3, 3, 3, 3, 3
0, 3, 3, 3, 3, 1, 1, 1
0, 0, 0, 3, 3, 1, 1, 1
0, 0, 0, 0, 3, 1, 1, 1
0, 0, 0, 0, 0, 3, 3, 1
0, 0, 0, 0, 0, 3, 1, 1
0, 0, 0, 0, 0, 3, 3, 3
0, 0, 0, 0, 0, 3, 1, 1
0, 0, 0, 0, 0, 3, 3, 3
0, 0, 0, 0, 0, 3, 3, 3
0, 0, 0, 3, 3, 3, 3, 3
0, 0, 0, 3, 3, 3, 3, 3
0, 0, 0, 3, 3, 3, 3, 3
0, 0, 0, 3, 3, 3, 3, 3
0, 0, 0, 3, 3, 3, 3, 3
0, 0, 0, 3, 3, 3, 3, 3
0, 0, 0, 0, 0, 0, 0, 3
0, 0, 0, 0, 0, 3, 3, 3
0, 0, 0, 3, 3, 3, 1, 1
0, 0, 0, 3, 3, 3, 3, 3
0, 0, 0, 3, 3, 3, 3, 3
0, 0, 0, 3, 3, 3, 3, 3
0, 0, 0, 3, 3, 3, 3, 3
0, 0, 0, 0, 3, 1, 1, 1
0, 0, 0, 0, 3, 1, 1, 1
0, 0, 0, 0, 0, 0, 0, 3
0, 0, 0, 0, 0, 3, 1, 1
0, 0, 0, 0, 0, 3, 1, 1
0, 0, 0, 0, 0, 0, 0, 3
0, 0, 0, 3, 1, 1, 1, 1
0, 0, 0, 3, 3, 1, 1, 1
0, 0, 0, 3, 3, 3, 3, 3
0, 0, 0, 0, 0, 3, 3, 3
0, 0, 0, 3, 3, 3, 3, 3
0, 0, 0, 3, 3, 3, 3, 3
0, 0, 0, 0, 3, 1, 1, 1
0, 0, 0, 0, 0, 3, 3, 3
0, 0, 0, 0, 0, 3, 3, 1
0, 0, 0, 0, 3, 3, 3, 3
0, 0, 0, 0, 0, 3, 3, 3
0, 0, 0, 0, 0, 3, 3, 3
0, 0, 0, 0, 0, 3, 3, 1
0, 0, 0, 0, 0, 3, 1, 1
0, 0, 0, 0, 0, 3, 1, 1
0, 0, 0, 0, 0, 3, 3, 3
0, 0, 0, 3, 3, 3, 3, 3
0, 0, 0, 0, 0, 0, 3, 3
0, 0, 0, 0, 0, 3, 3, 3
0, 0, 0, 3, 3, 3, 3, 3
0, 0, 0, 3, 3, 3, 3, 3
0, 0, 0, 0, 0, 3, 3, 3
0, 0, 0, 0, 0, 3, 3, 3
0, 0, 0, 0, 0, 3, 1, 1
0, 0, 0, 3, 3, 1, 1, 1
0, 3, 3, 3, 3, 3, 3, 3
0, 3, 3, 3, 3, 3, 3, 3
0, 0, 0, 0, 0, 3, 3, 3
0, 3, 3, 3, 3, 1, 1, 1
0, 0, 0, 0, 0, 3, 1, 1
0, 0, 0, 3, 3, 3, 3, 3
0, 0, 0, 0, 0, 0, 3, 3
0, 0, 0, 3, 3, 3, 3, 3
0, 0, 0, 0, 0, 3, 3, 1
0, 0, 0, 3, 3, 3, 3, 3
0, 0, 0, 0, 0, 3, 3, 1
0, 0, 0, 0, 0, 3, 3, 3
0, 0, 0, 0, 0, 3, 1, 1
0, 0, 0, 0, 0, 3, 3, 3
0, 0, 0, 0, 0, 3, 3, 3
0, 0, 0, 0, 0, 3, 3, 3
0, 0, 0, 0, 0, 3, 3, 3
0, 0, 0, 0, 0, 3, 3, 3
0, 0, 0, 0, 0, 0, 0, 3
0, 0, 0, 3, 3, 3, 1, 1
0, 0, 0, 0, 0, 3, 3, 3
0, 0, 0, 0, 0, 3, 3, 3
0, 0, 0, 0, 0, 3, 3, 3
0, 0, 0, 0, 0, 3, 3, 3
0, 0, 0, 0, 0, 3, 3, 3
0, 0, 0, 0, 0, 3, 3, 3
0, 0, 0, 0, 0, 3, 3, 3
0, 0, 0, 0, 0, 3, 3, 3
0, 0, 0, 0, 0, 3, 3, 3
0, 0, 0, 0, 0, 3, 3, 3
0, 0, 0, 0, 0, 3, 3, 1
0, 0, 0, 0, 0, 3, 3, 1
0, 0, 0, 0, 0, 3, 1, 1
0, 0, 0, 0, 0, 3, 1, 1
0, 0, 0, 0, 0, 3, 1, 1
0, 0, 0, 0, 3, 1, 1, 1
0, 3, 3, 3, 3, 3, 3, 3
0, 0, 0, 3, 3, 3, 3, 3
0, 3, 3, 3, 3, 3, 3, 3
0, 0, 0, 0, 0, 0, 3, 3
0, 0, 0, 0, 0, 3, 3, 1
0, 0, 0, 0, 0, 3, 3, 3
0, 0, 0, 0, 0, 3, 1, 1
0, 0, 0, 0, 0, 3, 3, 3
0, 0, 0, 0, 0, 3, 3, 3
0, 0, 0, 0, 0, 3, 3, 3
0, 0, 0, 0, 0, 3, 3, 3
0, 0, 0, 0, 0, 3, 3, 3
0, 0, 0, 0, 0, 3, 3, 3
0, 0, 0, 0, 0, 3, 3, 3
0, 0, 0, 0, 0, 3, 3, 3
0, 0, 0, 0, 0, 3, 3, 3
0, 0, 0, 0, 0, 3, 3, 3
0, 0, 0, 3, 3, 3, 3, 3
0, 0, 0, 3, 3, 1, 1, 1
0, 0, 0, 0, 0, 3, 3, 3
0, 0, 0, 0, 0, 3, 3, 3
0, 0, 0, 0, 0, 3, 3, 3
0, 0, 0, 0, 0, 3, 3, 3
0, 0, 0, 0, 0, 3, 3, 3
0, 0, 0, 3, 3, 1, 1, 1
0, 0, 0, 3, 3, 3, 3, 3
0, 0, 3, 3, 3, 3, 3, 3
0, 0, 0, 3, 3, 3, 3, 1
0, 0, 0, 0, 0, 3, 1, 1
0, 0, 0, 0, 0, 3, 1, 1
0, 0, 0, 0, 0, 0, 0, 3
0, 3, 3, 3, 3, 3, 3, 3
0, 0, 0, 3, 3, 3, 3, 3
0, 0, 0, 0, 3, 3, 1, 1
0, 0, 0, 0, 0, 3, 1, 1
0, 0, 0, 3, 3, 3, 1, 1
0, 0, 0, 0, 0, 3, 3, 3
0, 0, 0, 3, 3, 3, 1, 1
0, 0, 0, 3, 3, 1, 1, 1
0, 0, 0, 0, 0, 3, 3, 3
0, 0, 0, 0, 0, 3, 1, 1
0, 3, 3, 3, 3, 3, 3, 3
0, 3, 3, 3, 3, 3, 3, 3
0, 0, 0, 0, 3, 3, 3, 3
0, 0, 0, 0, 0, 3, 3, 3
0, 0, 0, 3, 3, 3, 3, 3
0, 0, 0, 3, 3, 3, 3, 3
0, 0, 0, 0, 0, 3, 1, 1
0, 0, 0, 0, 0, 3, 1, 1
0, 0, 0, 0, 3, 1, 1, 1
0, 0, 0, 0, 0, 3, 3, 3
0, 0, 0, 0, 0, 3, 1, 1
0, 0, 0, 3, 3, 1, 1, 1
0, 0, 0, 3, 3, 3, 3, 3
0, 0, 0, 0, 3, 1, 1, 1
0, 0, 0, 0, 0, 3, 3, 3
0, 0, 0, 0, 0, 3, 3, 3
0, 0, 0, 0, 0, 3, 3, 3
0, 0, 0, 0, 0, 3, 3, 3
0, 0, 0, 0, 0, 3, 3, 3
0, 0, 0, 0, 0, 3, 3, 3
0, 0, 0, 0, 0, 3, 3, 3
0, 0, 0, 0, 0, 3, 3, 3
0, 0, 0, 0, 0, 3, 3, 3
0, 0, 0, 0, 0, 3, 3, 3
0, 0, 0, 0, 0, 3, 3, 3
0, 0, 0, 0, 0, 3, 3, 3
0, 0, 0, 0, 0, 3, 3, 3
0, 0, 0, 0, 0, 3, 3, 3
0, 0, 0, 0, 3, 1, 1, 1
0, 0, 0, 3, 3, 3, 3, 3
0, 0, 0, 3, 3, 3, 3, 3
0, 0, 0, 0, 0, 3, 3, 3
0, 0, 0, 0, 0, 3, 3, 1
0, 0, 0, 0, 0, 3, 3, 1
0, 0, 0, 0, 0, 3, 1, 1
0, 3, 3, 3, 3, 3, 3, 3
0, 0, 0, 0, 3, 3, 3, 3
0, 0, 0, 3, 3, 1, 1, 1
0, 0, 0, 0, 0, 0, 0, 3
0, 0, 0, 0, 0, 3, 3, 3
0, 0, 0, 3, 3, 3, 3, 3
0, 0, 0, 0, 0, 3, 3, 3
0, 0, 0, 0, 0, 3, 3, 1
0, 0, 0, 0, 0, 3, 3, 1
0, 0, 0, 0, 0, 3, 3, 3
0, 0, 0, 3, 3, 3, 3, 3
0, 0, 0, 0, 0, 3, 3, 3
0, 0, 0, 0, 0, 3, 3, 3
0, 0, 0, 0, 0, 3, 3, 3
0, 0, 0, 0, 0, 0, 0, 3
0, 0, 0, 0, 0, 0, 3, 3
0, 0, 0, 0, 0, 3, 3, 3
0, 0, 0, 0, 0, 0, 3, 3
0, 0, 0, 3, 1, 1, 1, 1
0, 0, 0, 0, 0, 3, 3, 1
0, 0, 0, 0, 0, 3, 3, 3
0, 0, 0, 0, 0, 3, 1, 1
0, 0, 0, 0, 0, 3, 3, 3
0, 0, 0, 0, 0, 3, 3, 3
0, 0, 0, 0, 0, 3, 3, 3
0, 0, 0, 0, 0, 3, 3, 3
0, 0, 0, 0, 3, 3, 3, 3
0, 0, 0, 0, 0, 3, 3, 3
0, 0, 0, 0, 3, 3, 1, 1
0, 0, 0, 0, 0, 0, 0, 3
0, 0, 0, 0, 0, 3, 3, 1
0, 0, 0, 0, 3, 3, 1, 1
0, 3, 3, 3, 3, 3, 3, 3
0, 0, 0, 3, 3, 3, 3, 3
0, 3, 3, 3, 3, 3, 3, 3
0, 3, 3, 3, 3, 3, 3, 3
0, 3, 3, 3, 3, 3, 3, 3
0, 0, 0, 3, 3, 3, 1, 1
0, 3, 3, 3, 3, 3, 3, 3
0, 0, 0, 0, 0, 3, 3, 3
0, 0, 0, 0, 3, 3, 3, 3
0, 0, 0, 0, 0, 3, 3, 3
0, 0, 0, 0, 0, 3, 3, 3
0, 0, 0, 0, 0, 3, 3, 3
0, 0, 0, 0, 0, 0, 3, 3
0, 0, 0, 3, 3, 3, 3, 3
0, 0, 0, 3, 3, 3, 3, 3
0, 0, 0, 0, 0, 0, 0, 3
0, 0, 0, 0, 0, 3, 1, 1
0, 0, 3, 3, 3, 3, 3, 3
0, 0, 0, 3, 3, 3, 3, 3
0, 0, 0, 3, 3, 3, 3, 1
0, 0, 0, 3, 3, 3, 3, 3
0, 0, 0, 0, 0, 0, 0, 3
0, 0, 0, 0, 0, 3, 3, 3
0, 0, 0, 0, 0, 3, 3, 3
0, 0, 0, 0, 0, 3, 3, 3
0, 0, 0, 0, 0, 3, 3, 3
0, 0, 0, 0, 0, 3, 3, 3
0, 0, 0, 0, 0, 3, 3, 3
0, 0, 0, 0, 0, 3, 3, 3
0, 0, 0, 0, 0, 3, 3, 3
0, 0, 0, 0, 0, 3, 3, 3
0, 0, 0, 0, 0, 3, 3, 3
0, 0, 0, 0, 0, 0, 0, 3
0, 0, 0, 0, 0, 0, 0, 3
0, 0, 0, 0, 0, 3, 3, 3
0, 0, 0, 0, 3, 3, 1, 1
0, 3, 3, 3, 3, 1, 1, 1
0, 0, 0, 3, 3, 3, 3, 3
0, 0, 0, 0, 0, 3, 3, 3
0, 0, 0, 0, 0, 0, 3, 3
0, 3, 3, 3, 3, 3, 3, 3
0, 0, 0, 3, 3, 3, 3, 3
0, 0, 0, 0, 0, 3, 3, 1
0, 0, 0, 0, 0, 3, 3, 1
0, 0, 0, 0, 0, 3, 3, 1
0, 0, 0, 0, 0, 3, 1, 1
0, 0, 0, 0, 0, 3, 1, 1
0, 0, 0, 0, 0, 3, 1, 1
0, 0, 0, 0, 0, 0, 0, 3
0, 0, 0, 0, 0, 3, 3, 3
0, 0, 0, 0, 0, 3, 3, 3
0, 0, 0, 0, 0, 3, 3, 3
0, 0, 0, 0, 0, 3, 3, 3
0, 0, 0, 0, 0, 3, 3, 3
0, 0, 0, 0, 0, 3, 3, 3
0, 0, 0, 0, 0, 3, 3, 3
0, 0, 0, 0, 0, 3, 3, 3
0, 0, 0, 0, 3, 3, 3, 3
0, 0, 0, 0, 3, 1, 1, 1
0, 3, 3, 3, 3, 3, 3, 3
0, 0, 0, 3, 3, 3, 3, 3
0, 3, 3, 3, 3, 3, 3, 3
0, 3, 3, 3, 3, 3, 3, 3
0, 0, 0, 0, 0, 3, 3, 3
0, 0, 0, 0, 0, 0, 3, 3
0, 0, 0, 0, 0, 0, 0, 3
0, 0, 0, 0, 0, 0, 3, 3
0, 0, 0, 0, 0, 3, 1, 1
0, 0, 3, 3, 3, 3, 3, 3
0, 0, 0, 0, 0, 3, 3, 3
0, 0, 0, 3, 3, 3, 3, 3
0, 0, 0, 3, 3, 3, 3, 3
0, 0, 0, 0, 0, 0, 3, 1
0, 0, 0, 0, 0, 3, 3, 3
0, 3, 3, 3, 3, 1, 1, 1
0, 3, 3, 3, 3, 1, 1, 1
0, 0, 0, 0, 3, 3, 3, 3
0, 0, 0, 0, 3, 3, 3, 3
0, 0, 0, 0, 3, 3, 3, 3
0, 0, 0, 3, 3, 3, 3, 3
0, 0, 0, 0, 3, 1, 1, 1
0, 0, 0, 0, 3, 3, 3, 3
0, 3, 3, 3, 3, 1, 1, 1
0, 0, 0, 3, 3, 3, 3, 3
0, 0, 0, 3, 3, 3, 3, 3
0, 0, 0, 0, 3, 1, 1, 1
0, 0, 0, 0, 3, 1, 1, 1
0, 0, 0, 3, 3, 3, 3, 3
0, 0, 0, 0, 0, 3, 1, 1
0, 3, 3, 3, 3, 3, 3, 3
0, 0, 0, 0, 3, 1, 1, 1
0, 3, 3, 3, 3, 3, 3, 3
0, 3, 3, 3, 3, 3, 3, 3
0, 0, 0, 3, 3, 3, 3, 3
0, 0, 0, 3, 3, 3, 3, 3
0, 0, 0, 0, 0, 3, 3, 1
0, 3, 3, 3, 3, 1, 1, 1
0, 0, 0, 0, 0, 3, 1, 1
0, 0, 0, 3, 3, 3, 3, 3
0, 0, 0, 3, 3, 3, 3, 3
0, 0, 0, 3, 3, 3, 3, 1
0, 0, 0, 3, 3, 3, 3, 3
0, 0, 0, 3, 3, 3, 3, 3
0, 3, 3, 3, 3, 3, 3, 3
0, 0, 0, 3, 3, 3, 3, 1
0, 0, 0, 0, 0, 0, 0, 3
0, 0, 0, 3, 3, 3, 3, 3
0, 0, 0, 3, 3, 3, 3, 3
0, 0, 0, 3, 3, 3, 3, 3
0, 0, 0, 3, 3, 3, 3, 3
0, 0, 0, 0, 3, 3, 1, 1
0, 0, 0, 0, 0, 3, 3, 3
0, 0, 0, 3, 1, 1, 1, 1
0, 0, 0, 0, 3, 3, 3, 1
0, 0, 0, 3, 3, 3, 3, 1
0, 0, 0, 3, 3, 3, 3, 3
0, 0, 0, 3, 3, 3, 3, 3
0, 0, 0, 0, 0, 3, 3, 1
0, 0, 0, 0, 0, 3, 3, 3
0, 0, 0, 0, 0, 3, 3, 1
0, 0, 0, 0, 0, 3, 3, 3
0, 0, 0, 0, 0, 3, 3, 3
0, 0, 0, 0, 0, 3, 3, 1
0, 0, 0, 0, 0, 3, 3, 3
0, 0, 0, 0, 0, 3, 3, 3
0, 0, 0, 0, 0, 3, 3, 3
0, 0, 0, 0, 0, 3, 3, 3
0, 0, 0, 0, 0, 3, 3, 3
0, 0, 0, 0, 0, 3, 1, 1
0, 0, 0, 0, 0, 3, 3, 3
0, 0, 0, 0, 3, 1, 1, 1
0, 0, 0, 0, 3, 3, 3, 3
0, 0, 0, 3, 3, 3, 3, 3
0, 0, 0, 3, 3, 3, 3, 3
0, 0, 0, 0, 3, 3, 3, 3
0, 0, 0, 3, 3, 3, 3, 3
0, 0, 0, 0, 3, 3, 3, 3
0, 0, 0, 0, 3, 3, 3, 1
0, 0, 0, 3, 3, 3, 3, 3
0, 0, 0, 0, 3, 3, 3, 3
0, 0, 0, 3, 3, 3, 3, 3
0, 0, 0, 0, 3, 3, 3, 3
0, 0, 0, 3, 3, 3, 3, 3
0, 0, 0, 0, 3, 3, 3, 3
0, 0, 0, 0, 3, 1, 1, 1
0, 0, 0, 3, 3, 3, 3, 3
0, 0, 0, 0, 3, 3, 3, 3
0, 0, 0, 3, 3, 3, 3, 3
0, 0, 0, 0, 3, 1, 1, 1
0, 3, 3, 3, 3, 1, 1, 1
0, 3, 3, 3, 3, 3, 3, 3
0, 0, 0, 0, 0, 3, 3, 3
0, 0, 0, 0, 0, 3, 3, 3
0, 0, 0, 3, 3, 3, 3, 3
0, 0, 0, 0, 3, 1, 1, 1
0, 0, 0, 0, 3, 1, 1, 1
0, 0, 0, 0, 0, 3, 1, 1
0, 0, 0, 0, 0, 0, 3, 3
0, 3, 3, 3, 3, 3, 3, 3
0, 0, 0, 3, 3, 3, 3, 3
0, 0, 0, 0, 0, 0, 0, 3
0, 0, 0, 3, 3, 3, 3, 3
0, 0, 0, 3, 3, 3, 3, 1
0, 0, 0, 3, 3, 3, 3, 3
0, 0, 0, 0, 0, 3, 1, 1
0, 0, 0, 0, 3, 3, 3, 3
0, 0, 0, 3, 3, 3, 3, 3
0, 0, 0, 0, 0, 3, 3, 3
0, 0, 0, 0, 0, 3, 3, 3
0, 0, 0, 0, 0, 3, 3, 3
0, 0, 0, 0, 0, 3, 3, 3
0, 0, 0, 0, 0, 3, 3, 3
0, 0, 0, 0, 0, 3, 3, 3
0, 0, 0, 0, 0, 3, 1, 1
0, 0, 0, 0, 0, 3, 1, 1
0, 0, 0, 3, 3, 1, 1, 1
0, 0, 0, 3, 3, 1, 1, 1
0, 0, 3, 3, 3, 1, 1, 1
0, 0, 0, 3, 3, 1, 1, 1
0, 0, 0, 3, 3, 3, 3, 3
0, 0, 0, 0, 3, 3, 3, 3
0, 0, 0, 0, 0, 0, 0, 3
0, 3, 3, 3, 3, 3, 3, 3
0, 0, 0, 0, 0, 0, 3, 3
0, 0, 0, 3, 3, 3, 1, 1
0, 0, 0, 3, 3, 3, 3, 3
0, 0, 0, 0, 0, 3, 3, 3
0, 0, 0, 0, 0, 3, 1, 1
0, 0, 0, 0, 0, 3, 1, 1
0, 0, 0, 3, 3, 3, 3, 3
0, 0, 0, 0, 0, 3, 1, 1
0, 0, 0, 0, 0, 3, 1, 1
0, 0, 0, 0, 3, 1, 1, 1
0, 0, 0, 0, 3, 1, 1, 1
0, 0, 0, 0, 3, 3, 3, 3
0, 0, 0, 3, 3, 3, 3, 3
0, 0, 0, 3, 3, 1, 1, 1
0, 0, 0, 0, 3, 1, 1, 1
0, 0, 0, 0, 3, 3, 1, 1
0, 0, 0, 3, 3, 3, 3, 3
0, 0, 0, 0, 3, 3, 3, 3
0, 0, 0, 0, 3, 3, 1, 1
0, 0, 0, 0, 0, 3, 3, 3
0, 0, 0, 3, 3, 3, 3, 3
0, 0, 0, 3, 3, 1, 1, 1
0, 0, 0, 0, 3, 1, 1, 1
0, 0, 0, 3, 3, 3, 1, 1
0, 0, 0, 0, 0, 0, 3, 3
0, 0, 0, 0, 0, 3, 3, 1
0, 0, 0, 0, 0, 3, 1, 1
0, 0, 3, 3, 3, 3, 3, 3
0, 0, 0, 0, 3, 3, 3, 1
0, 0, 3, 3, 3, 3, 3, 3
0, 0, 0, 0, 0, 3, 3, 3
0, 0, 0, 0, 0, 3, 3, 1
0, 0, 0, 0, 0, 3, 3, 3
0, 0, 0, 0, 0, 3, 3, 3
0, 3, 3, 3, 3, 1, 1, 1
0, 3, 3, 3, 3, 1, 1, 1
0, 0, 0, 0, 0, 3, 3, 3
0, 0, 0, 0, 0, 3, 3, 3
0, 0, 0, 0, 3, 3, 3, 1
0, 0, 0, 3, 3, 3, 3, 3
0, 0, 0, 0, 3, 1, 1, 1
0, 0, 0, 3, 3, 1, 1, 1
0, 0, 0, 3, 3, 3, 3, 3
0, 0, 0, 0, 0, 3, 3, 3
0, 0, 0, 0, 0, 3, 3, 3
0, 0, 0, 0, 0, 3, 1, 1
0, 0, 0, 0, 0, 3, 3, 1
0, 0, 0, 3, 3, 3, 3, 3
0, 0, 0, 0, 3, 3, 1, 1
0, 0, 0, 0, 3, 1, 1, 1
0, 0, 0, 3, 3, 1, 1, 1
0, 0, 0, 3, 3, 1, 1, 1
0, 0, 0, 0, 3, 1, 1, 1
0, 0, 0, 0, 3, 3, 3, 3
0, 0, 0, 0, 3, 3, 1, 1
0, 0, 0, 0, 0, 3, 3, 3
0, 0, 0, 0, 0, 3, 1, 1
0, 0, 0, 0, 0, 3, 3, 1
0, 0, 0, 0, 0, 3, 3, 1
0, 0, 0, 0, 0, 3, 3, 3
0, 0, 0, 0, 0, 3, 1, 1
0, 0, 0, 3, 3, 3, 3, 3
0, 0, 0, 3, 3, 3, 3, 3
0, 0, 0, 0, 0, 0, 0, 3
0, 0, 0, 0, 3, 3, 1, 1
0, 0, 0, 0, 0, 3, 3, 3
0, 0, 0, 0, 0, 3, 1, 1
0, 0, 0, 0, 0, 0, 0, 3
0, 0, 0, 0, 3, 1, 1, 1
0, 0, 0, 3, 3, 3, 3, 3
0, 0, 0, 3, 3, 3, 3, 3
0, 0, 0, 3, 3, 3, 1, 1
0, 0, 0, 3, 3, 3, 3, 1
0, 0, 0, 3, 3, 3, 3, 3
0, 0, 0, 0, 0, 3, 1, 1
0, 0, 0, 0, 0, 3, 3, 3
0, 0, 0, 0, 0, 3, 3, 3
0, 0, 0, 0, 0, 3, 3, 3
0, 0, 0, 0, 0, 3, 3, 3
0, 0, 0, 0, 0, 3, 3, 3
0, 0, 0, 0, 0, 3, 3, 3
0, 0, 0, 0, 0, 3, 3, 3
0, 0, 0, 0, 0, 3, 3, 3
0, 0, 0, 0, 0, 3, 3, 3
0, 0, 0, 0, 0, 3, 3, 3
0, 0, 0, 0, 0, 3, 3, 3
0, 0, 0, 0, 0, 3, 3, 3
0, 0, 0, 0, 0, 3, 3, 3
0, 0, 0, 0, 0, 3, 3, 3
0, 0, 0, 3, 3, 1, 1, 1
0, 0, 0, 0, 3, 1, 1, 1
0, 0, 0, 0, 3, 3, 3, 3
0, 0, 0, 3, 3, 3, 3, 3
0, 0, 0, 0, 3, 3, 3, 3
0, 0, 0, 0, 3, 3, 3, 3
0, 0, 0, 0, 0, 3, 3, 3
0, 0, 0, 3, 3, 3, 3, 3
0, 0, 0, 0, 3, 3, 3, 3
0, 0, 0, 0, 0, 3, 3, 1
0, 0, 0, 0, 0, 3, 3, 1
0, 0, 0, 0, 0, 0, 3, 3
0, 0, 0, 3, 3, 3, 3, 3
0, 0, 0, 3, 3, 3, 3, 3
0, 3, 3, 3, 3, 1, 1, 1
0, 0, 0, 0, 0, 3, 3, 3
0, 0, 0, 0, 0, 3, 3, 3
0, 0, 0, 0, 0, 3, 3, 3
0, 0, 0, 0, 0, 3, 1, 1
0, 0, 0, 0, 0, 3, 1, 1
0, 0, 0, 3, 3, 3, 3, 3
0, 0, 0, 3, 3, 3, 3, 3
0, 0, 0, 3, 3, 1, 1, 1
0, 0, 0, 3, 3, 3, 3, 3
0, 0, 0, 3, 3, 1, 1, 1
0, 0, 0, 0, 0, 3, 1, 1
0, 0, 0, 0, 0, 3, 1, 1
0, 0, 0, 0, 0, 3, 3, 1
0, 0, 0, 0, 0, 3, 3, 1
0, 0, 0, 0, 0, 0, 0, 3
0, 0, 0, 3, 1, 1, 1, 1
0, 0, 0, 0, 0, 0, 3, 3
0, 0, 0, 0, 0, 3, 1, 1
0, 0, 0, 0, 0, 3, 3, 3
0, 0, 0, 0, 3, 3, 3, 3
0, 0, 0, 0, 0, 3, 3, 3
0, 0, 0, 0, 0, 0, 0, 3
0, 0, 0, 3, 3, 3, 3, 3
0, 0, 0, 3, 3, 3, 3, 3
0, 0, 0, 3, 3, 1, 1, 1
0, 0, 0, 0, 0, 3, 3, 3
0, 0, 0, 0, 0, 3, 1, 1
0, 0, 0, 3, 3, 3, 3, 3
0, 0, 0, 3, 3, 3, 3, 3
0, 0, 0, 3, 3, 3, 3, 3
0, 0, 0, 3, 3, 3, 3, 3
0, 0, 0, 3, 3, 3, 3, 3
0, 0, 0, 3, 3, 3, 3, 3
0, 0, 0, 0, 0, 3, 3, 1
0, 0, 0, 3, 3, 3, 3, 3
0, 0, 0, 0, 3, 3, 1, 1
0, 0, 0, 0, 0, 3, 3, 1
0, 0, 0, 0, 0, 3, 3, 3
0, 3, 3, 3, 3, 3, 3, 3
0, 0, 0, 3, 3, 3, 1, 1
0, 3, 3, 3, 3, 3, 3, 3
0, 0, 0, 3, 3, 1, 1, 1
0, 3, 3, 3, 3, 3, 3, 3
0, 0, 0, 3, 3, 3, 3, 3
0, 0, 0, 3, 3, 3, 3, 3
0, 0, 0, 3, 3, 3, 3, 3
0, 0, 0, 3, 3, 3, 3, 3
0, 3, 3, 3, 3, 3, 3, 3
0, 0, 0, 3, 3, 3, 3, 3
0, 0, 0, 0, 0, 3, 3, 1
0, 0, 0, 0, 0, 3, 3, 3
0, 0, 0, 0, 0, 3, 3, 3
0, 0, 0, 3, 3, 3, 3, 3
0, 0, 0, 3, 3, 3, 3, 3
0, 3, 3, 3, 3, 3, 3, 3
0, 0, 0, 3, 3, 3, 3, 3
0, 0, 0, 0, 0, 0, 0, 3
0, 0, 0, 0, 0, 3, 3, 1
0, 0, 0, 0, 0, 3, 3, 1
0, 0, 0, 0, 0, 3, 3, 3
0, 0, 0, 0, 3, 3, 1, 1
0, 0, 0, 3, 3, 3, 3, 3
0, 0, 0, 0, 0, 3, 3, 1
0, 0, 0, 3, 3, 3, 3, 3
0, 3, 3, 3, 3, 3, 3, 3
0, 0, 0, 0, 0, 3, 3, 3
0, 0, 0, 0, 0, 3, 3, 3
0, 0, 0, 0, 0, 3, 3, 3
0, 0, 0, 0, 0, 3, 3, 3
0, 3, 3, 3, 3, 1, 1, 1
0, 3, 3, 3, 3, 1, 1, 1
0, 0, 0, 0, 0, 3, 1, 1
0, 0, 0, 0, 0, 3, 1, 1
0, 0, 0, 0, 0, 3, 3, 3
0, 0, 0, 0, 0, 3, 1, 1
0, 0, 0, 0, 0, 0, 3, 3
0, 0, 0, 0, 3, 3, 3, 1
0, 0, 0, 0, 0, 3, 1, 1
0, 0, 0, 3, 3, 3, 3, 3
0, 3, 3, 3, 3, 3, 3, 3
0, 0, 0, 0, 3, 1, 1, 1
0, 0, 3, 3, 3, 3, 3, 1
0, 0, 0, 3, 3, 1, 1, 1
0, 0, 0, 3, 3, 3, 3, 3
0, 0, 0, 3, 1, 1, 1, 1
0, 0, 0, 3, 3, 3, 3, 1
0, 0, 0, 0, 0, 3, 3, 3
0, 0, 0, 0, 3, 3, 3, 3
0, 0, 0, 0, 0, 3, 1, 1
0, 0, 0, 0, 3, 3, 3, 3
0, 0, 0, 0, 0, 3, 1, 1
0, 0, 0, 3, 3, 3, 3, 3
0, 0, 0, 0, 0, 3, 1, 1
0, 0, 0, 0, 0, 3, 3, 3
0, 0, 0, 0, 3, 1, 1, 1
0, 0, 0, 0, 0, 3, 1, 1
0, 3, 3, 3, 3, 3, 3, 3
0, 0, 0, 3, 3, 1, 1, 1
0, 0, 0, 0, 0, 3, 1, 1
0, 0, 0, 0, 0, 3, 1, 1
0, 3, 3, 3, 3, 3, 3, 3
0, 0, 0, 0, 3, 3, 3, 3
0, 0, 0, 0, 3, 3, 3, 3
0, 0, 0, 0, 3, 3, 3, 1
0, 0, 0, 0, 0, 0, 0, 3
0, 0, 0, 0, 0, 0, 3, 3
0, 0, 0, 0, 0, 3, 3, 3
0, 0, 0, 0, 0, 3, 3, 3
0, 0, 0, 0, 0, 3, 3, 3
0, 0, 0, 0, 0, 3, 3, 3
0, 0, 0, 0, 0, 3, 3, 3
0, 0, 0, 0, 0, 3, 3, 3
0, 3, 3, 3, 3, 3, 3, 3
0, 0, 0, 3, 3, 3, 3, 3
0, 0, 0, 3, 3, 3, 3, 3
0, 0, 0, 0, 0, 0, 0, 3
0, 0, 0, 3, 3, 3, 3, 3
0, 0, 0, 0, 0, 3, 3, 1
0, 0, 0, 3, 3, 3, 3, 3
0, 0, 0, 3, 3, 3, 3, 3
0, 0, 0, 3, 3, 3, 3, 3
0, 0, 0, 3, 3, 3, 3, 3
0, 0, 0, 0, 0, 3, 1, 1
0, 0, 0, 3, 3, 3, 3, 3
0, 0, 0, 3, 3, 3, 3, 3
0, 0, 0, 3, 3, 3, 3, 3
0, 0, 0, 0, 0, 0, 3, 3
0, 0, 0, 3, 3, 3, 3, 3
0, 0, 0, 3, 1, 1, 1, 1
0, 0, 0, 3, 3, 3, 3, 3
0, 0, 0, 3, 3, 3, 1, 1
0, 0, 0, 3, 3, 3, 3, 3
0, 0, 0, 3, 3, 3, 3, 3
0, 0, 0, 3, 3, 3, 3, 3
0, 0, 0, 3, 3, 3, 3, 3
0, 0, 0, 0, 3, 3, 3, 3
0, 0, 0, 3, 3, 1, 1, 1
0, 3, 3, 3, 3, 3, 3, 3
0, 3, 3, 3, 3, 1, 1, 1
0, 0, 0, 0, 3, 3, 1, 1
0, 0, 0, 3, 3, 1, 1, 1
0, 0, 0, 0, 3, 3, 1, 1
0, 0, 0, 3, 3, 3, 3, 3
0, 0, 0, 3, 3, 1, 1, 1
0, 0, 3, 3, 3, 3, 3, 3
0, 0, 0, 0, 0, 0, 3, 3
0, 0, 0, 3, 3, 1, 1, 1
0, 0, 0, 0, 0, 3, 3, 3
0, 0, 0, 3, 3, 3, 3, 3
0, 0, 0, 3, 3, 3, 3, 3
0, 0, 0, 0, 0, 3, 1, 1
0, 0, 0, 0, 0, 3, 3, 1
0, 0, 0, 3, 3, 3, 3, 3
0, 0, 0, 0, 0, 3, 3, 3
0, 0, 0, 0, 0, 0, 0, 3
0, 0, 0, 0, 3, 1, 1, 1
0, 0, 0, 0, 0, 0, 0, 3
0, 3, 3, 3, 3, 3, 3, 3
0, 0, 0, 0, 0, 3, 1, 1
0, 0, 3, 3, 3, 3, 3, 3
0, 3, 3, 3, 3, 3, 3, 3
0, 0, 0, 3, 3, 3, 3, 1
0, 0, 0, 3, 3, 3, 3, 1
0, 0, 0, 0, 0, 0, 0, 3
0, 0, 0, 3, 3, 3, 3, 3
0, 3, 3, 3, 3, 3, 3, 3
0, 0, 0, 0, 0, 3, 3, 3
0, 0, 0, 0, 0, 0, 0, 3
0, 0, 0, 0, 0, 3, 1, 1
0, 0, 0, 0, 0, 3, 1, 1
0, 0, 0, 0, 0, 3, 1, 1
0, 0, 0, 0, 3, 3, 3, 1
0, 0, 0, 0, 0, 3, 3, 3
0, 0, 0, 0, 0, 3, 1, 1
0, 0, 0, 0, 0, 3, 1, 1
0, 0, 0, 0, 0, 3, 3, 1
0, 0, 0, 3, 3, 3, 3, 1
0, 0, 0, 3, 3, 3, 3, 3
0, 3, 3, 3, 3, 3, 3, 3
0, 0, 0, 3, 3, 3, 3, 3
0, 0, 0, 0, 0, 3, 1, 1
0, 0, 3, 3, 3, 3, 3, 3
0, 0, 0, 0, 0, 0, 0, 3
0, 3, 3, 3, 3, 1, 1, 1
0, 3, 3, 3, 3, 1, 1, 1
0, 0, 0, 0, 0, 3, 3, 3
0, 0, 0, 0, 0, 3, 3, 3
0, 0, 0, 0, 0, 0, 3, 3
0, 0, 0, 0, 0, 0, 0, 3
0, 0, 0, 0, 0, 3, 1, 1
0, 0, 0, 0, 0, 0, 0, 3
0, 0, 0, 0, 3, 3, 3, 3
0, 0, 0, 0, 0, 0, 3, 3
0, 0, 0, 0, 0, 3, 1, 1
0, 0, 0, 0, 0, 3, 3, 1
0, 0, 0, 0, 0, 3, 3, 3
0, 0, 0, 0, 0, 3, 3, 1
0, 0, 0, 3, 3, 3, 3, 3
