100, 200, 300, 400, 500, 700, 800
764.0, 706.0, 528.0, 484.0, 146.0, 58.0, 0.0
0.0, 0.0, 2.0, 176.0, 197.0, 209.0, 290.0
0.0, 0.0, 0.0, 0.0, 2.0, 2.0, 2.0
0.0, 58.0, 234.0, 104.0, 419.0, 495.0, 472.0
0, 3, 3, 3, 1, 1, 1
0, 0, 0, 0, 0, 3, 1
0, 0, 3, 1, 1, 1, 1
0, 0, 3, 1, 1, 1, 1
0, 0, 3, 1, 1, 1, 1
0, 0, 0, 3, 3, 3, 3
0, 0, 3, 1, 1, 1, 1
0, 0, 0, 0, 0, 3, 1
0, 0, 0, 3, 3, 3, 3
0, 0, 0, 0, 3, 1, 1
0, 0, 0, 0, 0, 3, 3
0, 3, 3, 3, 3, 3, 3
0, 0, 0, 0, 0, 3, 3
0, 0, 0, 0, 3, 3, 3
0, 3, 3, 3, 3, 3, 3
0, 0, 0, 0, 3, 3, 3
0, 0, 0, 0, 3, 3, 3
0, 0, 0, 3, 3, 3, 3
0, 0, 0, 0, 0, 3, 3
0, 0, 3, 1, 1, 1, 1
0, 0, 0, 0, 0, 0, 3
0, 0, 0, 0, 3, 1, 1
0, 0, 0, 0, 3, 3, 3
0, 0, 0, 0, 3, 3, 3
0, 0, 0, 0, 0, 0, 3
0, 0, 0, 0, 3, 3, 3
0, 0, 0, 0, 3, 3, 3
0, 0, 0, 0, 3, 3, 3
0, 0, 0, 0, 3, 3, 3
0, 0, 0, 0, 0, 0, 3
0, 0, 0, 0, 0, 0, 3
0, 0, 0, 0, 3, 3, 3
0, 0, 0, 0, 3, 3, 3
0, 0, 0, 0, 3, 3, 3
0, 3, 3, 3, 3, 3, 3
0, 0, 0, 0, 0, 3, 3
0, 0, 0, 0, 3, 3, 3
0, 0, 0, 0, 3, 1, 1
0, 0, 3, 1, 1, 1, 1
0, 0, 3, 1, 1, 1, 1
0, 0, 3, 1, 1, 1, 1
0, 0, 3, 1, 1, 1, 1
0, 3, 3, 3, 3, 3, 3
0, 0, 0, 0, 3, 3, 3
0, 3, 1, 1, 1, 1, 1
0, 0, 0, 0, 0, 0, 3
0, 0, 0, 0, 0, 3, 1
0, 0, 3, 1, 1, 1, 1
0, 0, 0, 0, 0, 3, 1
0, 0, 3, 1, 1, 1, 1
0, 0, 0, 0, 3, 3, 1
0, 0, 0, 3, 3, 3, 3
0, 0, 0, 0, 0, 0, 3
0, 0, 3, 1, 1, 1, 1
0, 3, 3, 3, 3, 3, 3
0, 0, 3, 1, 1, 1, 1
0, 0, 0, 0, 3, 3, 3
0, 0, 0, 0, 3, 3, 3
0, 0, 0, 0, 3, 3, 3
0, 0, 0, 0, 3, 3, 3
0, 0, 0, 0, 3, 3, 3
0, 0, 0, 0, 0, 3, 3
0, 0, 0, 0, 3, 3, 3
0, 0, 0, 0, 3, 3, 3
0, 0, 0, 0, 3, 3, 3
0, 0, 0, 0, 3, 3, 3
0, 0, 0, 0, 3, 3, 3
0, 0, 0, 0, 0, 3, 3
0, 0, 3, 1, 1, 1, 1
0, 0, 3, 1, 1, 1, 1
0, 0, 3, 1, 1, 1, 1
0, 0, 0, 0, 3, 3, 3
0, 0, 0, 0, 3, 3, 3
0, 0, 0, 0, 3, 3, 3
0, 0, 3, 1, 1, 1, 1
0, 0, 3, 1, 1, 1, 1
0, 0, 0, 3, 1, 1, 1
0, 0, 0, 0, 0, 3, 3
0, 0, 0, 3, 3, 3, 3
0, 0, 0, 0, 3, 3, 3
0, 0, 0, 0, 3, 3, 3
0, 0, 0, 0, 3, 3, 3
0, 0, 0, 0, 3, 3, 3
0, 0, 0, 0, 3, 3, 3
0, 0, 0, 0, 3, 3, 3
0, 0, 0, 0, 3, 3, 3
0, 0, 0, 0, 3, 3, 3
0, 0, 0, 0, 3, 3, 3
0, 0, 0, 0, 3, 3, 3
0, 0, 0, 0, 3, 3, 3
0, 0, 0, 0, 3, 3, 3
0, 0, 0, 0, 0, 3, 3
0, 0, 0, 0, 0, 3, 3
0, 0, 0, 0, 0, 3, 3
0, 0, 3, 1, 1, 1, 1
0, 0, 3, 1, 1, 1, 1
0, 0, 3, 1, 1, 1, 1
0, 0, 0, 0, 0, 3, 3
0, 0, 0, 0, 0, 3, 3
0, 3, 3, 3, 3, 3, 3
0, 0, 3, 1, 1, 1, 1
0, 0, 3, 1, 1, 1, 1
0, 3, 3, 1, 1, 1, 1
0, 0, 3, 1, 1, 1, 1
0, 0, 0, 0, 0, 3, 1
0, 0, 0, 0, 0, 0, 3
0, 0, 0, 0, 0, 3, 3
0, 0, 0, 0, 0, 0, 3
0, 3, 3, 3, 3, 3, 3
0, 0, 0, 0, 3, 3, 1
0, 3, 3, 3, 3, 3, 3
0, 3, 3, 1, 1, 1, 1
0, 0, 0, 0, 0, 3, 1
0, 0, 0, 0, 0, 0, 3
0, 0, 0, 0, 0, 3, 1
0, 0, 0, 0, 0, 3, 1
0, 0, 0, 0, 0, 3, 1
0, 0, 3, 1, 1, 1, 1
0, 0, 0, 0, 0, 3, 3
0, 0, 0, 0, 3, 3, 3
0, 0, 3, 1, 1, 1, 1
0, 0, 3, 1, 1, 1, 1
0, 3, 3, 3, 3, 3, 3
0, 0, 3, 1, 1, 1, 1
0, 0, 0, 3, 1, 1, 1
0, 3, 3, 3, 3, 3, 3
0, 0, 0, 0, 0, 0, 3
0, 3, 3, 3, 3, 3, 3
0, 0, 3, 1, 1, 1, 1
0, 0, 0, 0, 3, 3, 3
0, 0, 3, 1, 1, 1, 1
0, 0, 0, 0, 3, 3, 3
0, 0, 0, 0, 3, 3, 3
0, 0, 0, 0, 3, 3, 3
0, 0, 0, 0, 3, 3, 3
0, 0, 0, 0, 3, 3, 3
0, 0, 0, 0, 3, 3, 3
0, 0, 0, 0, 3, 3, 3
0, 0, 0, 0, 3, 3, 1
0, 0, 3, 1, 1, 1, 1
0, 0, 0, 3, 1, 1, 1
0, 0, 0, 0, 3, 3, 3
0, 0, 3, 1, 1, 1, 1
0, 3, 1, 1, 1, 1, 1
0, 0, 0, 0, 0, 0, 3
0, 0, 0, 0, 0, 0, 3
0, 3, 3, 3, 3, 3, 3
0, 0, 0, 0, 3, 3, 3
0, 0, 0, 0, 0, 3, 3
0, 0, 0, 0, 3, 3, 3
0, 3, 3, 3, 3, 3, 3
0, 0, 0, 0, 0, 3, 3
0, 0, 0, 0, 0, 3, 1
0, 0, 0, 0, 0, 3, 3
0, 0, 0, 0, 0, 3, 3
0, 0, 0, 0, 3, 3, 3
0, 0, 0, 0, 0, 0, 3
0, 0, 0, 3, 3, 3, 3
0, 0, 0, 3, 3, 3, 3
0, 0, 0, 3, 3, 3, 3
0, 0, 0, 3, 3, 3, 3
0, 0, 0, 3, 3, 3, 3
0, 0, 0, 0, 0, 3, 3
0, 0, 0, 0, 0, 3, 3
0, 0, 0, 3, 3, 3, 3
0, 0, 0, 3, 3, 3, 3
0, 0, 3, 1, 1, 1, 1
0, 0, 0, 0, 0, 3, 1
0, 0, 0, 0, 0, 3, 1
0, 0, 0, 3, 3, 3, 3
0, 0, 0, 0, 3, 3, 3
0, 3, 3, 3, 3, 3, 3
0, 0, 0, 0, 3, 3, 3
0, 0, 0, 0, 3, 3, 3
0, 0, 0, 0, 3, 3, 3
0, 0, 0, 0, 3, 3, 3
0, 0, 3, 1, 1, 1, 1
0, 0, 0, 0, 0, 0, 3
0, 0, 0, 0, 3, 3, 3
0, 0, 0, 0, 3, 3, 3
0, 0, 0, 0, 0, 3, 1
0, 0, 0, 0, 3, 3, 3
0, 0, 0, 0, 3, 3, 3
0, 0, 0, 0, 3, 3, 3
0, 3, 3, 3, 3, 3, 3
0, 3, 3, 3, 3, 3, 3
0, 0, 0, 0, 0, 3, 1
0, 0, 0, 0, 0, 0, 3
0, 0, 0, 0, 3, 3, 3
0, 0, 0, 0, 0, 0, 3
0, 0, 0, 0, 0, 3, 1
0, 0, 0, 0, 0, 3, 1
0, 0, 0, 0, 3, 3, 3
0, 0, 0, 0, 3, 3, 3
0, 0, 0, 0, 3, 3, 3
0, 0, 0, 0, 3, 3, 3
0, 0, 0, 0, 3, 3, 3
0, 0, 0, 0, 3, 3, 3
0, 0, 0, 0, 3, 3, 3
0, 0, 0, 0, 3, 3, 3
0, 0, 0, 0, 3, 3, 3
0, 0, 0, 0, 3, 3, 3
0, 0, 0, 0, 3, 3, 3
0, 0, 0, 0, 3, 3, 3
0, 0, 0, 0, 3, 3, 3
0, 0, 0, 0, 0, 3, 1
0, 3, 3, 1, 1, 1, 1
0, 0, 3, 1, 1, 1, 1
0, 0, 0, 0, 0, 3, 1
0, 0, 0, 3, 1, 1, 1
0, 0, 0, 0, 0, 0, 3
0, 0, 0, 0, 0, 0, 3
0, 0, 3, 3, 3, 3, 3
0, 0, 3, 3, 3, 1, 1
0, 3, 3, 3, 3, 3, 3
0, 3, 3, 3, 3, 3, 3
0, 0, 3, 1, 1, 1, 1
0, 0, 3, 3, 1, 1, 1
0, 0, 3, 1, 1, 1, 1
0, 0, 0, 0, 0, 0, 3
0, 0, 0, 0, 3, 3, 3
0, 0, 0, 0, 3, 3, 3
0, 0, 0, 0, 3, 3, 3
0, 0, 0, 0, 3, 3, 3
0, 0, 0, 0, 0, 3, 1
0, 0, 0, 0, 3, 3, 3
0, 0, 0, 0, 3, 3, 3
0, 0, 0, 0, 3, 3, 3
0, 0, 0, 0, 3, 3, 3
0, 0, 0, 0, 3, 3, 3
0, 0, 0, 0, 3, 3, 3
0, 0, 0, 0, 3, 3, 1
0, 0, 0, 0, 3, 3, 1
0, 0, 3, 1, 1, 1, 1
0, 0, 3, 1, 1, 1, 1
0, 0, 0, 0, 3, 3, 3
0, 0, 0, 0, 0, 3, 1
0, 0, 0, 0, 3, 3, 3
0, 0, 3, 1, 1, 1, 1
0, 3, 3, 3, 1, 1, 1
0, 0, 0, 0, 3, 3, 3
0, 0, 0, 0, 3, 3, 3
0, 0, 0, 0, 0, 3, 3
0, 0, 3, 1, 1, 1, 1
0, 0, 3, 1, 1, 1, 1
0, 0, 0, 0, 3, 3, 3
0, 0, 0, 0, 3, 3, 3
0, 0, 0, 3, 3, 3, 3
0, 3, 3, 3, 3, 3, 3
0, 3, 3, 3, 3, 3, 3
0, 0, 0, 0, 3, 3, 3
0, 3, 3, 3, 3, 3, 3
0, 0, 0, 0, 3, 3, 3
0, 0, 0, 0, 3, 3, 3
0, 0, 0, 0, 3, 3, 3
0, 0, 0, 0, 3, 3, 3
0, 0, 0, 0, 3, 3, 3
0, 0, 0, 0, 3, 3, 3
0, 0, 0, 0, 3, 3, 3
0, 0, 0, 0, 3, 3, 3
0, 0, 0, 0, 3, 3, 1
0, 0, 0, 0, 3, 3, 3
0, 0, 0, 0, 3, 3, 3
0, 0, 0, 0, 3, 3, 3
0, 0, 0, 0, 3, 3, 1
0, 0, 0, 0, 3, 3, 3
0, 0, 0, 0, 3, 3, 3
0, 0, 3, 1, 1, 1, 1
0, 0, 0, 0, 0, 0, 3
0, 0, 0, 0, 0, 0, 3
0, 0, 0, 3, 3, 3, 3
0, 0, 0, 0, 0, 3, 3
0, 0, 0, 0, 3, 3, 3
0, 0, 0, 0, 0, 3, 3
0, 0, 3, 1, 1, 1, 1
0, 0, 3, 1, 1, 1, 1
0, 0, 3, 1, 1, 1, 1
0, 0, 3, 1, 1, 1, 1
0, 0, 3, 1, 1, 1, 1
0, 0, 0, 3, 1, 1, 1
0, 0, 3, 1, 1, 1, 1
0, 0, 0, 0, 3, 3, 3
0, 0, 3, 1, 1, 1, 1
0, 0, 0, 0, 3, 3, 3
0, 0, 3, 1, 1, 1, 1
0, 0, 3, 1, 1, 1, 1
0, 0, 3, 1, 1, 1, 1
0, 0, 0, 0, 3, 3, 1
0, 0, 0, 0, 3, 3, 1
0, 0, 0, 0, 3, 3, 3
0, 0, 0, 0, 3, 3, 3
0, 0, 0, 0, 3, 3, 3
0, 0, 0, 0, 3, 3, 3
0, 0, 0, 0, 3, 3, 3
0, 0, 0, 0, 3, 3, 3
0, 0, 0, 0, 3, 3, 1
0, 0, 0, 0, 3, 3, 3
0, 0, 0, 0, 3, 3, 1
0, 0, 0, 3, 1, 1, 1
0, 0, 0, 0, 0, 3, 3
0, 0, 0, 0, 3, 3, 3
0, 0, 0, 0, 3, 3, 3
0, 0, 0, 0, 3, 3, 3
0, 0, 0, 0, 0, 0, 3
0, 0, 0, 0, 3, 3, 3
0, 3, 3, 3, 1, 1, 1
0, 3, 3, 3, 1, 1, 1
0, 3, 3, 3, 1, 1, 1
0, 0, 3, 1, 1, 1, 1
0, 0, 0, 0, 0, 0, 3
0, 0, 3, 1, 1, 1, 1
0, 0, 3, 1, 1, 1, 1
0, 0, 3, 1, 1, 1, 1
0, 3, 3, 3, 3, 3, 3
0, 0, 0, 0, 3, 3, 3
0, 0, 0, 0, 3, 3, 1
0, 0, 0, 0, 3, 3, 3
0, 0, 0, 0, 3, 3, 1
0, 0, 0, 0, 3, 3, 3
0, 0, 0, 0, 0, 3, 1
0, 0, 0, 0, 3, 3, 3
0, 3, 3, 3, 1, 1, 1
0, 0, 0, 0, 0, 0, 3
0, 0, 3, 1, 1, 1, 1
0, 0, 3, 1, 1, 1, 1
0, 0, 3, 1, 1, 1, 1
0, 0, 0, 0, 0, 3, 1
0, 0, 0, 0, 0, 3, 1
0, 3, 3, 3, 3, 3, 3
0, 0, 0, 0, 3, 3, 3
0, 3, 3, 3, 3, 3, 3
0, 0, 0, 0, 0, 3, 1
0, 0, 3, 1, 1, 1, 1
0, 0, 3, 1, 1, 1, 1
0, 0, 3, 1, 1, 1, 1
0, 0, 3, 1, 1, 1, 1
0, 0, 3, 1, 1, 1, 1
0, 0, 3, 1, 1, 1, 1
0, 0, 3, 1, 1, 1, 1
0, 0, 3, 1, 1, 1, 1
0, 0, 0, 0, 3, 3, 3
0, 0, 3, 1, 1, 1, 1
0, 0, 3, 1, 1, 1, 1
0, 0, 3, 1, 1, 1, 1
0, 0, 0, 0, 3, 3, 3
0, 0, 3, 3, 3, 3, 3
0, 0, 0, 0, 0, 0, 3
0, 0, 3, 3, 3, 3, 3
0, 0, 3, 1, 1, 1, 1
0, 0, 0, 0, 0, 3, 3
0, 0, 3, 1, 1, 1, 1
0, 0, 0, 0, 0, 3, 3
0, 0, 0, 0, 0, 3, 1
0, 0, 0, 0, 0, 0, 3
0, 0, 0, 0, 3, 3, 1
0, 0, 3, 1, 1, 1, 1
0, 0, 0, 0, 3, 3, 3
0, 0, 0, 0, 3, 3, 3
0, 0, 0, 0, 3, 3, 3
0, 0, 3, 1, 1, 1, 1
0, 0, 3, 1, 1, 1, 1
0, 0, 3, 3, 1, 1, 1
0, 0, 0, 0, 3, 1, 1
0, 0, 0, 0, 0, 3, 1
0, 0, 0, 0, 3, 1, 1
0, 0, 3, 1, 1, 1, 1
0, 0, 0, 0, 3, 3, 3
0, 0, 0, 0, 3, 3, 1
0, 0, 3, 1, 1, 1, 1
0, 0, 0, 0, 3, 3, 1
0, 0, 0, 0, 3, 3, 1
0, 0, 0, 0, 3, 3, 1
0, 0, 3, 1, 1, 1, 1
0, 0, 3, 1, 1, 1, 1
0, 0, 3, 1, 1, 1, 1
0, 0, 3, 1, 1, 1, 1
0, 3, 3, 1, 1, 1, 1
0, 0, 0, 0, 3, 3, 3
0, 0, 3, 1, 1, 1, 1
0, 0, 3, 1, 1, 1, 1
0, 0, 0, 0, 3, 3, 3
0, 0, 3, 1, 1, 1, 1
0, 0, 3, 1, 1, 1, 1
0, 0, 0, 3, 3, 3, 3
0, 0, 0, 3, 3, 3, 3
0, 0, 3, 1, 1, 1, 1
0, 0, 3, 1, 1, 1, 1
0, 0, 0, 0, 0, 0, 3
0, 0, 3, 1, 1, 1, 1
0, 0, 3, 1, 1, 1, 1
0, 0, 0, 0, 3, 3, 3
0, 0, 0, 0, 3, 3, 3
0, 0, 0, 0, 3, 3, 3
0, 0, 0, 0, 3, 3, 3
0, 0, 0, 0, 3, 3, 3
0, 0, 0, 0, 3, 3, 3
0, 0, 3, 1, 1, 1, 1
0, 0, 0, 0, 0, 3, 1
0, 0, 3, 1, 1, 1, 1
0, 0, 0, 0, 3, 3, 3
0, 0, 0, 0, 3, 3, 3
0, 0, 0, 0, 3, 3, 3
0, 0, 0, 0, 0, 0, 3
0, 0, 0, 3, 3, 3, 3
0, 0, 0, 0, 3, 3, 3
0, 0, 3, 1, 1, 1, 1
0, 3, 3, 3, 3, 3, 3
0, 0, 0, 3, 3, 3, 3
0, 0, 0, 0, 0, 0, 3
0, 3, 3, 3, 3, 3, 3
0, 3, 3, 3, 3, 3, 3
0, 0, 3, 1, 1, 1, 1
0, 0, 3, 1, 1, 1, 1
0, 0, 0, 0, 3, 3, 1
0, 0, 0, 0, 3, 3, 1
0, 0, 0, 0, 3, 3, 3
0, 0, 0, 0, 3, 3, 3
0, 0, 0, 0, 3, 3, 3
0, 0, 0, 0, 0, 0, 3
0, 0, 0, 0, 3, 3, 3
0, 0, 0, 0, 3, 3, 3
0, 0, 0, 0, 3, 3, 3
0, 0, 0, 0, 3, 3, 3
0, 0, 0, 0, 3, 3, 3
0, 0, 0, 0, 3, 1, 1
0, 0, 0, 0, 3, 3, 1
0, 0, 0, 0, 0, 3, 1
0, 0, 0, 0, 3, 3, 1
0, 0, 0, 0, 3, 3, 3
0, 0, 0, 0, 3, 3, 3
0, 0, 0, 0, 3, 3, 3
0, 0, 0, 0, 3, 3, 3
0, 0, 0, 0, 3, 3, 3
0, 0, 0, 0, 0, 3, 1
0, 0, 0, 3, 3, 3, 3
0, 0, 3, 1, 1, 1, 1
0, 0, 0, 0, 3, 3, 3
0, 3, 3, 3, 3, 3, 3
0, 0, 0, 0, 3, 3, 3
0, 0, 0, 0, 3, 3, 3
0, 0, 0, 0, 3, 3, 3
0, 0, 3, 1, 1, 1, 1
0, 0, 0, 0, 3, 3, 3
0, 3, 3, 3, 3, 3, 3
0, 0, 0, 0, 3, 3, 3
0, 0, 0, 0, 3, 3, 3
0, 0, 0, 0, 3, 3, 3
0, 0, 0, 0, 3, 3, 3
0, 0, 0, 0, 3, 3, 3
0, 0, 0, 0, 3, 3, 3
0, 0, 0, 0, 3, 3, 3
0, 0, 0, 0, 3, 3, 3
0, 0, 0, 0, 3, 3, 3
0, 0, 0, 0, 3, 3, 3
0, 0, 0, 0, 3, 3, 3
0, 0, 0, 0, 3, 3, 3
0, 0, 0, 0, 0, 3, 3
0, 0, 0, 0, 3, 3, 3
0, 0, 3, 1, 1, 1, 1
0, 0, 0, 3, 3, 3, 3
0, 0, 0, 0, 3, 3, 1
0, 0, 3, 1, 1, 1, 1
0, 0, 3, 1, 1, 1, 1
0, 0, 0, 0, 3, 3, 3
0, 0, 0, 0, 3, 3, 3
0, 0, 0, 0, 3, 3, 3
0, 0, 0, 0, 0, 3, 3
0, 0, 0, 0, 3, 3, 3
0, 0, 3, 1, 1, 1, 1
0, 0, 0, 0, 0, 0, 3
0, 0, 0, 0, 3, 3, 1
0, 0, 0, 0, 3, 3, 3
0, 0, 3, 1, 1, 1, 1
0, 0, 3, 1, 1, 1, 1
0, 0, 3, 1, 1, 1, 1
0, 0, 0, 0, 0, 3, 1
0, 0, 0, 0, 3, 3, 3
0, 0, 3, 1, 1, 1, 1
0, 0, 0, 0, 3, 3, 3
0, 0, 0, 0, 3, 3, 3
0, 0, 0, 0, 3, 3, 3
0, 0, 0, 0, 0, 3, 1
0, 0, 3, 1, 1, 1, 1
0, 0, 3, 1, 1, 1, 1
0, 0, 3, 1, 1, 1, 1
0, 0, 3, 1, 1, 1, 1
0, 0, 3, 3, 1, 1, 1
0, 0, 0, 0, 3, 3, 3
0, 0, 0, 0, 3, 3, 3
0, 0, 0, 0, 3, 3, 3
0, 0, 0, 0, 3, 3, 1
0, 0, 0, 0, 3, 3, 3
0, 0, 0, 0, 3, 3, 3
0, 0, 0, 0, 3, 3, 3
0, 0, 0, 0, 3, 3, 3
0, 0, 0, 0, 3, 3, 3
0, 0, 0, 0, 3, 3, 3
0, 0, 0, 0, 3, 3, 3
0, 0, 0, 0, 3, 3, 3
0, 0, 0, 0, 3, 3, 3
0, 0, 0, 0, 3, 3, 3
0, 0, 0, 0, 3, 3, 3
0, 3, 3, 3, 3, 3, 3
0, 0, 0, 0, 3, 3, 3
0, 0, 0, 0, 3, 3, 3
0, 0, 0, 0, 3, 3, 1
0, 0, 0, 0, 3, 3, 3
0, 0, 0, 0, 3, 3, 3
0, 0, 0, 0, 3, 3, 3
0, 0, 0, 3, 3, 3, 3
0, 0, 0, 0, 3, 3, 3
0, 0, 0, 0, 3, 3, 3
0, 0, 0, 0, 3, 3, 3
0, 0, 0, 0, 3, 3, 3
0, 0, 0, 0, 3, 3, 3
0, 0, 0, 0, 3, 3, 3
0, 0, 0, 0, 3, 3, 3
0, 0, 0, 0, 3, 3, 3
0, 0, 0, 0, 3, 3, 3
0, 0, 0, 0, 3, 3, 3
0, 0, 0, 0, 3, 3, 3
0, 0, 0, 0, 3, 3, 3
0, 0, 0, 0, 3, 3, 3
0, 0, 3, 1, 1, 1, 1
0, 0, 0, 0, 0, 0, 3
0, 0, 0, 0, 3, 3, 3
0, 0, 0, 0, 0, 0, 3
0, 3, 3, 1, 1, 1, 1
0, 0, 0, 0, 0, 3, 3
0, 0, 0, 0, 3, 1, 1
0, 0, 3, 1, 1, 1, 1
0, 0, 0, 0, 3, 3, 1
0, 3, 3, 3, 3, 3, 3
0, 0, 0, 0, 3, 3, 3
0, 0, 0, 0, 0, 0, 3
0, 0, 0, 0, 3, 3, 3
0, 0, 0, 3, 3, 3, 3
0, 3, 3, 3, 3, 3, 3
0, 3, 3, 3, 1, 1, 1
0, 0, 3, 1, 1, 1, 1
0, 0, 0, 3, 3, 3, 3
0, 0, 0, 3, 3, 3, 3
0, 0, 0, 0, 3, 3, 3
0, 0, 0, 0, 3, 3, 3
0, 0, 0, 3, 3, 3, 1
0, 0, 0, 0, 0, 0, 3
0, 0, 3, 1, 1, 1, 1
0, 0, 0, 0, 3, 3, 3
0, 0, 3, 1, 1, 1, 1
0, 0, 0, 0, 3, 1, 1
0, 0, 0, 3, 3, 1, 1
0, 0, 0, 0, 3, 1, 1
0, 0, 0, 3, 3, 3, 3
0, 0, 3, 1, 1, 1, 1
0, 0, 0, 0, 0, 3, 3
0, 0, 0, 0, 0, 0, 3
0, 0, 0, 0, 3, 3, 3
0, 0, 0, 0, 0, 0, 3
0, 0, 0, 0, 0, 0, 3
0, 0, 0, 3, 3, 3, 3
0, 0, 0, 0, 3, 3, 3
0, 0, 0, 0, 3, 3, 3
0, 3, 3, 3, 3, 3, 3
0, 0, 0, 0, 3, 3, 1
0, 0, 0, 0, 3, 3, 3
0, 0, 0, 3, 1, 1, 1
0, 0, 3, 1, 1, 1, 1
0, 0, 3, 1, 1, 1, 1
0, 0, 0, 0, 0, 0, 3
0, 0, 0, 3, 3, 3, 3
0, 0, 0, 0, 3, 3, 3
0, 0, 0, 0, 3, 3, 3
0, 0, 0, 0, 3, 3, 3
0, 0, 0, 0, 0, 3, 3
0, 0, 0, 0, 3, 3, 3
0, 0, 0, 0, 3, 3, 3
0, 0, 0, 0, 3, 3, 3
0, 0, 0, 0, 3, 3, 3
0, 0, 0, 0, 3, 3, 3
0, 0, 0, 3, 3, 3, 3
0, 0, 0, 0, 3, 3, 3
0, 3, 3, 3, 1, 1, 1
0, 0, 0, 0, 3, 3, 3
0, 0, 3, 3, 2, 2, 2
0, 0, 3, 3, 2, 2, 2
0, 3, 3, 3, 1, 1, 1
0, 0, 0, 0, 3, 3, 1
0, 0, 3, 1, 1, 1, 1
0, 0, 3, 1, 1, 1, 1
0, 0, 0, 0, 0, 0, 3
0, 0, 0, 0, 3, 3, 3
0, 0, 0, 0, 3, 3, 3
0, 0, 0, 0, 3, 3, 3
0, 0, 0, 0, 3, 3, 3
0, 0, 0, 0, 3, 3, 3
0, 0, 0, 0, 0, 3, 3
0, 0, 0, 0, 3, 3, 3
0, 0, 3, 1, 1, 1, 1
0, 0, 3, 1, 1, 1, 1
0, 0, 0, 0, 3, 3, 3
0, 0, 0, 0, 3, 3, 3
0, 0, 0, 0, 0, 3, 3
0, 0, 0, 0, 3, 3, 3
0, 0, 0, 0, 0, 3, 3
0, 0, 0, 0, 0, 3, 3
0, 0, 0, 0, 0, 3, 3
0, 0, 0, 0, 3, 3, 3
0, 0, 0, 0, 3, 3, 3
0, 0, 0, 0, 3, 3, 1
0, 0, 0, 0, 3, 3, 3
0, 0, 0, 0, 3, 3, 3
0, 3, 3, 3, 3, 3, 3
0, 0, 0, 0, 0, 3, 1
0, 0, 0, 0, 0, 3, 1
0, 0, 0, 0, 0, 0, 3
0, 0, 0, 0, 3, 3, 3
0, 0, 0, 0, 0, 0, 3
0, 0, 0, 0, 0, 0, 3
0, 0, 0, 0, 3, 3, 3
0, 0, 0, 0, 3, 3, 3
0, 0, 0, 0, 3, 3, 3
0, 0, 0, 0, 0, 3, 1
0, 3, 3, 1, 1, 1, 1
0, 0, 0, 0, 3, 3, 3
0, 0, 0, 3, 3, 3, 3
0, 0, 3, 1, 1, 1, 1
0, 0, 3, 1, 1, 1, 1
0, 3, 3, 3, 3, 3, 3
0, 0, 0, 3, 3, 3, 3
0, 0, 0, 0, 3, 3, 3
0, 0, 0, 0, 3, 3, 3
0, 0, 0, 0, 3, 3, 3
0, 0, 0, 0, 3, 3, 3
0, 0, 0, 0, 0, 0, 3
0, 0, 0, 0, 3, 3, 1
0, 0, 0, 0, 0, 3, 1
0, 0, 0, 0, 0, 3, 1
0, 0, 0, 0, 0, 3, 1
0, 0, 0, 0, 0, 3, 1
0, 0, 0, 0, 0, 3, 3
0, 0, 0, 0, 0, 0, 3
0, 0, 0, 0, 0, 3, 1
0, 0, 0, 0, 3, 3, 3
0, 0, 0, 0, 0, 3, 3
0, 0, 0, 0, 3, 3, 1
0, 0, 0, 0, 0, 3, 3
0, 0, 3, 1, 1, 1, 1
0, 0, 3, 1, 1, 1, 1
0, 0, 0, 0, 0, 3, 3
0, 0, 3, 1, 1, 1, 1
0, 0, 3, 1, 1, 1, 1
0, 0, 3, 1, 1, 1, 1
0, 0, 3, 1, 1, 1, 1
0, 0, 3, 1, 1, 1, 1
0, 0, 0, 0, 3, 3, 3
0, 3, 3, 3, 3, 3, 3
0, 0, 0, 0, 0, 0, 3
0, 0, 0, 0, 0, 3, 1
0, 0, 0, 0, 3, 3, 3
0, 0, 0, 0, 3, 3, 3
0, 0, 0, 0, 3, 3, 3
0, 0, 0, 0, 3, 3, 3
0, 0, 0, 0, 3, 3, 3
0, 0, 0, 0, 0, 0, 3
0, 0, 3, 1, 1, 1, 1
0, 0, 3, 1, 1, 1, 1
0, 0, 3, 1, 1, 1, 1
0, 0, 3, 1, 1, 1, 1
0, 0, 3, 1, 1, 1, 1
0, 0, 0, 0, 0, 3, 3
0, 0, 0, 0, 0, 0, 3
0, 0, 0, 0, 3, 3, 1
0, 3, 3, 3, 3, 3, 3
0, 0, 3, 1, 1, 1, 1
0, 0, 3, 1, 1, 1, 1
0, 0, 0, 0, 3, 3, 3
0, 0, 3, 3, 3, 3, 3
0, 0, 0, 0, 3, 3, 1
0, 0, 0, 0, 0, 0, 3
0, 0, 3, 1, 1, 1, 1
0, 0, 0, 0, 3, 3, 3
0, 0, 0, 0, 3, 3, 3
0, 0, 3, 3, 1, 1, 1
0, 0, 0, 0, 0, 3, 3
0, 0, 0, 0, 0, 3, 1
0, 0, 0, 0, 0, 0, 3
0, 3, 3, 1, 1, 1, 1
0, 3, 3, 1, 1, 1, 1
0, 0, 0, 0, 3, 3, 3
0, 0, 0, 0, 0, 3, 3
0, 0, 0, 0, 3, 3, 3
0, 0, 0, 0, 3, 3, 3
0, 0, 0, 0, 3, 3, 3
0, 0, 0, 0, 3, 3, 3
0, 0, 0, 0, 3, 3, 3
0, 0, 0, 0, 3, 3, 3
0, 0, 0, 0, 3, 3, 3
0, 0, 0, 0, 3, 3, 3
0, 0, 0, 0, 3, 3, 3
0, 0, 0, 0, 3, 3, 3
0, 0, 0, 3, 3, 3, 3
0, 0, 0, 3, 3, 3, 3
0, 0, 0, 0, 0, 0, 3
0, 0, 0, 0, 3, 1, 1
0, 0, 0, 0, 0, 3, 3
0, 0, 0, 0, 3, 3, 1
0, 0, 0, 0, 3, 3, 3
0, 0, 0, 0, 0, 0, 3
0, 3, 3, 3, 3, 3, 3
0, 0, 0, 0, 0, 0, 3
0, 0, 3, 1, 1, 1, 1
0, 0, 3, 1, 1, 1, 1
0, 0, 3, 1, 1, 1, 1
0, 0, 3, 1, 1, 1, 1
0, 0, 0, 0, 3, 3, 3
0, 0, 0, 0, 3, 3, 1
0, 0, 0, 0, 3, 3, 1
0, 0, 3, 1, 1, 1, 1
0, 0, 3, 1, 1, 1, 1
0, 0, 3, 1, 1, 1, 1
0, 0, 3, 1, 1, 1, 1
0, 0, 0, 0, 0, 0, 3
0, 0, 0, 3, 3, 3, 3
0, 0, 0, 0, 3, 3, 3
0, 0, 0, 0, 3, 3, 3
0, 0, 3, 1, 1, 1, 1
0, 0, 3, 1, 1, 1, 1
0, 0, 3, 1, 1, 1, 1
0, 0, 3, 1, 1, 1, 1
0, 0, 0, 0, 0, 0, 3
0, 0, 0, 0, 3, 3, 3
0, 0, 3, 1, 1, 1, 1
0, 0, 3, 1, 1, 1, 1
0, 0, 3, 1, 1, 1, 1
0, 0, 3, 1, 1, 1, 1
0, 0, 3, 1, 1, 1, 1
0, 0, 3, 3, 1, 1, 1
0, 0, 0, 0, 0, 0, 3
0, 0, 3, 1, 1, 1, 1
0, 0, 3, 1, 1, 1, 1
0, 3, 3, 3, 3, 3, 3
0, 0, 3, 1, 1, 1, 1
0, 0, 0, 0, 0, 0, 3
0, 0, 3, 1, 1, 1, 1
0, 0, 0, 3, 3, 3, 3
0, 0, 3, 1, 1, 1, 1
0, 0, 0, 0, 0, 0, 3
0, 0, 3, 1, 1, 1, 1
0, 0, 3, 1, 1, 1, 1
0, 0, 0, 0, 3, 3, 3
0, 0, 0, 0, 3, 3, 3
0, 0, 0, 0, 3, 3, 3
0, 0, 0, 0, 3, 3, 3
0, 0, 0, 0, 3, 3, 3
0, 0, 3, 1, 1, 1, 1
0, 0, 0, 0, 0, 3, 3
0, 0, 3, 1, 1, 1, 1
0, 0, 0, 0, 3, 3, 1
0, 0, 0, 0, 3, 3, 1
0, 0, 0, 0, 3, 3, 3
0, 0, 0, 0, 0, 3, 3
0, 0, 3, 1, 1, 1, 1
0, 0, 3, 1, 1, 1, 1
0, 0, 0, 0, 0, 3, 3
