100, 200, 300, 400, 500, 600
202.0, 202.0, 202.0, 202.0, 202.0, 0.0
0.0, 0.0, 0.0, 0.0, 0.0, 0.0
0.0, 0.0, 0.0, 0.0, 0.0, 0.0
0.0, 0.0, 0.0, 0.0, 0.0, 202.0
0, 0, 0, 0, 0, 3
0, 0, 0, 0, 0, 3
0, 0, 0, 0, 0, 3
0, 0, 0, 0, 0, 3
0, 0, 0, 0, 0, 3
0, 0, 0, 0, 0, 3
0, 0, 0, 0, 0, 3
0, 0, 0, 0, 0, 3
0, 0, 0, 0, 0, 3
0, 0, 0, 0, 0, 3
0, 0, 0, 0, 0, 3
0, 0, 0, 0, 0, 3
0, 0, 0, 0, 0, 3
0, 0, 0, 0, 0, 3
0, 0, 0, 0, 0, 3
0, 0, 0, 0, 0, 3
0, 0, 0, 0, 0, 3
0, 0, 0, 0, 0, 3
0, 0, 0, 0, 0, 3
0, 0, 0, 0, 0, 3
0, 0, 0, 0, 0, 3
0, 0, 0, 0, 0, 3
0, 0, 0, 0, 0, 3
0, 0, 0, 0, 0, 3
0, 0, 0, 0, 0, 3
0, 0, 0, 0, 0, 3
0, 0, 0, 0, 0, 3
0, 0, 0, 0, 0, 3
0, 0, 0, 0, 0, 3
0, 0, 0, 0, 0, 3
0, 0, 0, 0, 0, 3
0, 0, 0, 0, 0, 3
0, 0, 0, 0, 0, 3
0, 0, 0, 0, 0, 3
0, 0, 0, 0, 0, 3
0, 0, 0, 0, 0, 3
0, 0, 0, 0, 0, 3
0, 0, 0, 0, 0, 3
0, 0, 0, 0, 0, 3
0, 0, 0, 0, 0, 3
0, 0, 0, 0, 0, 3
0, 0, 0, 0, 0, 3
0, 0, 0, 0, 0, 3
0, 0, 0, 0, 0, 3
0, 0, 0, 0, 0, 3
0, 0, 0, 0, 0, 3
0, 0, 0, 0, 0, 3
0, 0, 0, 0, 0, 3
0, 0, 0, 0, 0, 3
0, 0, 0, 0, 0, 3
0, 0, 0, 0, 0, 3
0, 0, 0, 0, 0, 3
0, 0, 0, 0, 0, 3
0, 0, 0, 0, 0, 3
0, 0, 0, 0, 0, 3
0, 0, 0, 0, 0, 3
0, 0, 0, 0, 0, 3
0, 0, 0, 0, 0, 3
0, 0, 0, 0, 0, 3
0, 0, 0, 0, 0, 3
0, 0, 0, 0, 0, 3
0, 0, 0, 0, 0, 3
0, 0, 0, 0, 0, 3
0, 0, 0, 0, 0, 3
0, 0, 0, 0, 0, 3
0, 0, 0, 0, 0, 3
0, 0, 0, 0, 0, 3
0, 0, 0, 0, 0, 3
0, 0, 0, 0, 0, 3
0, 0, 0, 0, 0, 3
0, 0, 0, 0, 0, 3
0, 0, 0, 0, 0, 3
0, 0, 0, 0, 0, 3
0, 0, 0, 0, 0, 3
0, 0, 0, 0, 0, 3
0, 0, 0, 0, 0, 3
0, 0, 0, 0, 0, 3
0, 0, 0, 0, 0, 3
0, 0, 0, 0, 0, 3
0, 0, 0, 0, 0, 3
0, 0, 0, 0, 0, 3
0, 0, 0, 0, 0, 3
0, 0, 0, 0, 0, 3
0, 0, 0, 0, 0, 3
0, 0, 0, 0, 0, 3
0, 0, 0, 0, 0, 3
0, 0, 0, 0, 0, 3
0, 0, 0, 0, 0, 3
0, 0, 0, 0, 0, 3
0, 0, 0, 0, 0, 3
0, 0, 0, 0, 0, 3
0, 0, 0, 0, 0, 3
0, 0, 0, 0, 0, 3
0, 0, 0, 0, 0, 3
0, 0, 0, 0, 0, 3
0, 0, 0, 0, 0, 3
0, 0, 0, 0, 0, 3
0, 0, 0, 0, 0, 3
0, 0, 0, 0, 0, 3
0, 0, 0, 0, 0, 3
0, 0, 0, 0, 0, 3
0, 0, 0, 0, 0, 3
0, 0, 0, 0, 0, 3
0, 0, 0, 0, 0, 3
0, 0, 0, 0, 0, 3
0, 0, 0, 0, 0, 3
0, 0, 0, 0, 0, 3
0, 0, 0, 0, 0, 3
0, 0, 0, 0, 0, 3
0, 0, 0, 0, 0, 3
0, 0, 0, 0, 0, 3
0, 0, 0, 0, 0, 3
0, 0, 0, 0, 0, 3
0, 0, 0, 0, 0, 3
0, 0, 0, 0, 0, 3
0, 0, 0, 0, 0, 3
0, 0, 0, 0, 0, 3
0, 0, 0, 0, 0, 3
0, 0, 0, 0, 0, 3
0, 0, 0, 0, 0, 3
0, 0, 0, 0, 0, 3
0, 0, 0, 0, 0, 3
0, 0, 0, 0, 0, 3
0, 0, 0, 0, 0, 3
0, 0, 0, 0, 0, 3
0, 0, 0, 0, 0, 3
0, 0, 0, 0, 0, 3
0, 0, 0, 0, 0, 3
0, 0, 0, 0, 0, 3
0, 0, 0, 0, 0, 3
0, 0, 0, 0, 0, 3
0, 0, 0, 0, 0, 3
0, 0, 0, 0, 0, 3
0, 0, 0, 0, 0, 3
0, 0, 0, 0, 0, 3
0, 0, 0, 0, 0, 3
0, 0, 0, 0, 0, 3
0, 0, 0, 0, 0, 3
0, 0, 0, 0, 0, 3
0, 0, 0, 0, 0, 3
0, 0, 0, 0, 0, 3
0, 0, 0, 0, 0, 3
0, 0, 0, 0, 0, 3
0, 0, 0, 0, 0, 3
0, 0, 0, 0, 0, 3
0, 0, 0, 0, 0, 3
0, 0, 0, 0, 0, 3
0, 0, 0, 0, 0, 3
0, 0, 0, 0, 0, 3
0, 0, 0, 0, 0, 3
0, 0, 0, 0, 0, 3
0, 0, 0, 0, 0, 3
0, 0, 0, 0, 0, 3
0, 0, 0, 0, 0, 3
0, 0, 0, 0, 0, 3
0, 0, 0, 0, 0, 3
0, 0, 0, 0, 0, 3
0, 0, 0, 0, 0, 3
0, 0, 0, 0, 0, 3
0, 0, 0, 0, 0, 3
0, 0, 0, 0, 0, 3
0, 0, 0, 0, 0, 3
0, 0, 0, 0, 0, 3
0, 0, 0, 0, 0, 3
0, 0, 0, 0, 0, 3
0, 0, 0, 0, 0, 3
0, 0, 0, 0, 0, 3
0, 0, 0, 0, 0, 3
0, 0, 0, 0, 0, 3
0, 0, 0, 0, 0, 3
0, 0, 0, 0, 0, 3
0, 0, 0, 0, 0, 3
0, 0, 0, 0, 0, 3
0, 0, 0, 0, 0, 3
0, 0, 0, 0, 0, 3
0, 0, 0, 0, 0, 3
0, 0, 0, 0, 0, 3
0, 0, 0, 0, 0, 3
0, 0, 0, 0, 0, 3
0, 0, 0, 0, 0, 3
0, 0, 0, 0, 0, 3
0, 0, 0, 0, 0, 3
0, 0, 0, 0, 0, 3
0, 0, 0, 0, 0, 3
0, 0, 0, 0, 0, 3
0, 0, 0, 0, 0, 3
0, 0, 0, 0, 0, 3
0, 0, 0, 0, 0, 3
0, 0, 0, 0, 0, 3
0, 0, 0, 0, 0, 3
0, 0, 0, 0, 0, 3
0, 0, 0, 0, 0, 3
0, 0, 0, 0, 0, 3
0, 0, 0, 0, 0, 3
0, 0, 0, 0, 0, 3
0, 0, 0, 0, 0, 3
0, 0, 0, 0, 0, 3
0, 0, 0, 0, 0, 3
0, 0, 0, 0, 0, 3
0, 0, 0, 0, 0, 3
0, 0, 0, 0, 0, 3
0, 0, 0, 0, 0, 3
