100, 200, 300, 400, 500, 600, 700
200.0, 197.0, 194.0, 169.0, 156.0, 14.0, 0.0
0.0, 0.0, 0.0, 0.0, 5.0, 12.0, 53.0
0.0, 0.0, 0.0, 0.0, 0.0, 0.0, 0.0
0.0, 3.0, 6.0, 31.0, 39.0, 174.0, 147.0
0, 0, 0, 3, 3, 1, 1
0, 0, 0, 3, 1, 1, 1
0, 0, 0, 0, 0, 3, 1
0, 0, 0, 0, 3, 3, 3
0, 0, 0, 0, 0, 3, 1
0, 0, 0, 0, 0, 3, 3
0, 0, 0, 0, 0, 3, 1
0, 0, 0, 0, 0, 3, 1
0, 0, 0, 0, 0, 3, 1
0, 0, 0, 0, 3, 3, 3
0, 0, 0, 0, 0, 0, 3
0, 0, 0, 0, 0, 3, 3
0, 0, 0, 0, 0, 3, 3
0, 0, 0, 0, 0, 3, 3
0, 0, 3, 3, 3, 3, 3
0, 0, 0, 0, 0, 3, 3
0, 0, 0, 0, 0, 0, 3
0, 0, 0, 0, 0, 3, 1
0, 0, 0, 0, 0, 3, 1
0, 0, 0, 0, 0, 3, 1
0, 0, 0, 0, 0, 3, 1
0, 0, 0, 0, 0, 3, 1
0, 0, 0, 0, 0, 3, 3
0, 0, 0, 0, 0, 3, 3
0, 0, 0, 0, 0, 3, 3
0, 0, 0, 0, 0, 3, 3
0, 0, 0, 0, 0, 3, 3
0, 0, 0, 0, 0, 3, 3
0, 0, 0, 0, 0, 3, 3
0, 0, 0, 0, 0, 3, 1
0, 3, 3, 3, 3, 3, 3
0, 0, 0, 0, 0, 0, 3
0, 0, 0, 0, 0, 3, 3
0, 0, 0, 0, 0, 3, 3
0, 0, 0, 0, 0, 3, 1
0, 0, 0, 0, 3, 3, 3
0, 0, 0, 0, 0, 0, 3
0, 0, 0, 0, 0, 0, 3
0, 0, 0, 0, 0, 0, 3
0, 0, 0, 0, 0, 3, 3
0, 0, 0, 0, 0, 3, 3
0, 0, 0, 0, 0, 3, 3
0, 0, 0, 0, 0, 3, 3
0, 0, 0, 0, 0, 3, 3
0, 0, 0, 0, 0, 3, 3
0, 0, 0, 0, 0, 3, 3
0, 0, 0, 0, 0, 3, 3
0, 0, 0, 0, 0, 3, 3
0, 0, 0, 0, 0, 3, 3
0, 0, 0, 0, 0, 3, 3
0, 0, 0, 0, 0, 3, 3
0, 0, 0, 0, 0, 3, 3
0, 0, 0, 0, 0, 3, 3
0, 0, 0, 0, 0, 3, 3
0, 0, 0, 0, 0, 3, 3
0, 0, 0, 0, 0, 3, 1
0, 0, 0, 0, 0, 3, 3
0, 0, 0, 0, 0, 3, 1
0, 0, 0, 0, 0, 3, 1
0, 0, 0, 0, 0, 3, 3
0, 0, 0, 0, 0, 3, 3
0, 0, 0, 0, 0, 3, 1
0, 0, 0, 0, 0, 3, 1
0, 0, 0, 0, 0, 3, 1
0, 0, 0, 0, 0, 3, 1
0, 0, 0, 0, 0, 3, 1
0, 0, 0, 0, 0, 3, 3
0, 0, 0, 0, 0, 0, 3
0, 0, 0, 0, 0, 0, 3
0, 0, 0, 0, 0, 3, 3
0, 0, 0, 3, 1, 1, 1
0, 0, 0, 3, 1, 1, 1
0, 0, 0, 0, 0, 3, 3
0, 0, 0, 0, 0, 3, 1
0, 0, 0, 0, 0, 3, 3
0, 0, 0, 3, 3, 3, 3
0, 0, 0, 0, 0, 3, 1
0, 0, 0, 0, 0, 3, 3
0, 0, 0, 3, 3, 1, 1
0, 0, 0, 0, 0, 3, 3
0, 0, 0, 0, 0, 3, 3
0, 0, 0, 0, 0, 3, 3
0, 0, 0, 0, 0, 3, 3
0, 3, 3, 3, 3, 3, 3
0, 0, 0, 0, 0, 3, 1
0, 0, 0, 3, 3, 3, 3
0, 0, 0, 0, 0, 3, 1
0, 0, 0, 0, 0, 3, 3
0, 0, 0, 0, 0, 3, 3
0, 0, 0, 0, 0, 3, 3
0, 0, 0, 0, 0, 3, 3
0, 0, 0, 0, 0, 3, 3
0, 0, 0, 0, 0, 3, 1
0, 0, 0, 0, 0, 3, 3
0, 0, 0, 0, 0, 3, 3
0, 0, 0, 3, 3, 3, 3
0, 0, 0, 0, 0, 3, 3
0, 0, 0, 0, 0, 3, 1
0, 0, 0, 3, 3, 3, 3
0, 0, 0, 3, 3, 3, 3
0, 0, 0, 3, 3, 3, 3
0, 0, 0, 3, 3, 3, 3
0, 0, 0, 3, 3, 1, 1
0, 0, 0, 0, 0, 3, 3
0, 0, 0, 0, 0, 0, 3
0, 0, 0, 0, 0, 3, 3
0, 0, 0, 0, 0, 0, 3
0, 0, 0, 0, 0, 3, 3
0, 0, 0, 0, 0, 3, 3
0, 0, 0, 0, 0, 3, 3
0, 3, 3, 3, 3, 3, 3
0, 0, 0, 0, 0, 3, 3
0, 0, 0, 0, 0, 3, 3
0, 0, 0, 0, 0, 3, 3
0, 0, 0, 0, 0, 0, 3
0, 0, 0, 0, 0, 0, 3
0, 0, 0, 0, 0, 3, 1
0, 0, 3, 3, 3, 3, 3
0, 0, 0, 0, 0, 3, 1
0, 0, 0, 0, 0, 3, 3
0, 0, 0, 3, 3, 3, 3
0, 0, 0, 3, 3, 1, 1
0, 0, 0, 0, 0, 3, 1
0, 0, 0, 0, 3, 3, 3
0, 0, 0, 0, 0, 3, 3
0, 0, 0, 0, 0, 3, 3
0, 0, 0, 0, 0, 3, 3
0, 0, 0, 0, 0, 3, 3
0, 0, 0, 0, 0, 3, 3
0, 0, 0, 3, 3, 3, 3
0, 0, 0, 0, 0, 3, 1
0, 0, 0, 3, 3, 3, 3
0, 0, 0, 0, 0, 3, 3
0, 0, 0, 0, 3, 3, 3
0, 0, 0, 0, 3, 3, 3
0, 0, 0, 0, 3, 3, 1
0, 0, 0, 0, 0, 3, 3
0, 0, 0, 0, 0, 3, 3
0, 0, 0, 0, 0, 3, 3
0, 0, 0, 0, 0, 3, 3
0, 0, 0, 0, 0, 3, 3
0, 0, 0, 0, 0, 0, 3
0, 0, 0, 0, 0, 3, 3
0, 0, 0, 0, 0, 3, 3
0, 0, 0, 0, 0, 3, 3
0, 0, 0, 0, 0, 3, 3
0, 0, 0, 0, 3, 1, 1
0, 0, 0, 0, 3, 3, 3
0, 0, 0, 3, 3, 3, 3
0, 0, 0, 3, 3, 1, 1
0, 0, 0, 0, 0, 3, 1
0, 0, 0, 0, 0, 3, 1
0, 0, 3, 3, 3, 3, 3
0, 0, 0, 0, 0, 3, 3
0, 0, 0, 0, 3, 3, 3
0, 0, 0, 3, 3, 3, 3
0, 0, 0, 0, 3, 3, 3
0, 0, 0, 3, 1, 1, 1
0, 0, 0, 3, 3, 3, 3
0, 0, 0, 0, 0, 3, 3
0, 0, 0, 3, 3, 1, 1
0, 0, 0, 0, 0, 3, 3
0, 0, 0, 0, 0, 3, 3
0, 0, 0, 0, 0, 3, 3
0, 0, 0, 3, 1, 1, 1
0, 0, 0, 0, 0, 0, 3
0, 0, 0, 0, 0, 3, 1
0, 0, 0, 0, 0, 3, 1
0, 0, 0, 0, 0, 3, 3
0, 0, 0, 3, 3, 3, 3
0, 0, 0, 0, 0, 3, 1
0, 0, 0, 0, 0, 3, 3
0, 0, 0, 0, 0, 3, 3
0, 0, 0, 0, 0, 3, 3
0, 0, 0, 0, 0, 3, 3
0, 0, 0, 0, 0, 3, 3
0, 0, 0, 0, 0, 3, 3
0, 0, 0, 0, 0, 3, 1
0, 0, 0, 0, 0, 3, 1
0, 0, 0, 0, 0, 3, 3
0, 0, 0, 0, 3, 3, 3
0, 0, 0, 0, 3, 3, 3
0, 0, 0, 0, 0, 3, 3
0, 0, 0, 0, 0, 3, 3
0, 0, 0, 0, 0, 3, 1
0, 0, 0, 0, 0, 3, 3
0, 0, 0, 0, 0, 3, 1
0, 0, 0, 0, 0, 3, 1
0, 0, 0, 0, 0, 3, 3
0, 0, 0, 0, 0, 3, 3
0, 0, 0, 0, 0, 3, 3
0, 0, 0, 0, 0, 3, 3
0, 0, 0, 0, 0, 3, 3
0, 0, 0, 0, 0, 3, 3
0, 0, 0, 0, 0, 3, 3
0, 0, 0, 0, 0, 3, 3
0, 0, 0, 0, 0, 3, 3
0, 0, 0, 0, 0, 3, 3
0, 0, 0, 0, 0, 3, 3
0, 0, 0, 0, 0, 3, 3
