100, 300, 400, 500, 600, 700, 900
223.0, 218.0, 189.0, 165.0, 125.0, 18.0, 0.0
0.0, 0.0, 2.0, 5.0, 13.0, 20.0, 101.0
0.0, 0.0, 0.0, 0.0, 0.0, 2.0, 2.0
0.0, 5.0, 32.0, 53.0, 85.0, 183.0, 120.0
0, 0, 0, 3, 3, 3, 3
0, 0, 0, 3, 3, 3, 3
0, 0, 0, 0, 0, 3, 1
0, 0, 0, 0, 3, 3, 1
0, 0, 0, 0, 0, 3, 3
0, 0, 0, 0, 0, 0, 3
0, 0, 0, 0, 0, 0, 3
0, 0, 0, 0, 0, 3, 3
0, 0, 0, 0, 0, 3, 1
0, 0, 0, 0, 0, 3, 3
0, 0, 0, 3, 3, 3, 3
0, 0, 0, 0, 0, 0, 3
0, 0, 0, 0, 0, 3, 1
0, 0, 0, 0, 0, 3, 1
0, 0, 0, 0, 0, 3, 1
0, 0, 0, 0, 0, 3, 1
0, 0, 0, 0, 0, 0, 3
0, 0, 0, 0, 3, 3, 3
0, 0, 0, 0, 3, 3, 3
0, 0, 0, 0, 0, 3, 1
0, 0, 0, 0, 0, 3, 1
0, 0, 0, 3, 1, 1, 1
0, 0, 0, 0, 0, 3, 1
0, 0, 0, 0, 0, 3, 3
0, 0, 0, 3, 3, 3, 3
0, 0, 0, 0, 0, 3, 3
0, 0, 0, 0, 0, 3, 1
0, 0, 0, 0, 0, 3, 3
0, 0, 0, 0, 0, 3, 1
0, 0, 0, 0, 0, 3, 1
0, 0, 0, 0, 0, 3, 1
0, 0, 0, 0, 3, 3, 3
0, 0, 0, 0, 3, 3, 3
0, 0, 0, 0, 3, 3, 3
0, 0, 0, 0, 3, 3, 3
0, 0, 0, 0, 0, 3, 1
0, 0, 3, 3, 1, 1, 1
0, 0, 0, 0, 0, 3, 1
0, 0, 3, 3, 1, 1, 1
0, 0, 0, 0, 3, 3, 3
0, 0, 0, 0, 0, 3, 3
0, 0, 0, 0, 3, 3, 3
0, 0, 0, 0, 0, 3, 3
0, 0, 0, 0, 0, 3, 1
0, 0, 0, 0, 0, 3, 1
0, 0, 0, 0, 0, 3, 1
0, 0, 3, 3, 3, 2, 2
0, 0, 0, 0, 3, 1, 1
0, 0, 0, 0, 0, 3, 1
0, 0, 3, 3, 3, 3, 3
0, 0, 0, 0, 3, 3, 3
0, 0, 0, 0, 0, 3, 3
0, 0, 0, 0, 0, 3, 1
0, 0, 0, 0, 0, 3, 1
0, 0, 0, 0, 0, 3, 1
0, 0, 0, 3, 3, 3, 3
0, 0, 0, 0, 0, 3, 1
0, 0, 0, 0, 0, 3, 3
0, 0, 0, 0, 0, 3, 1
0, 0, 0, 0, 0, 3, 1
0, 0, 0, 0, 0, 3, 1
0, 0, 0, 0, 0, 3, 1
0, 0, 0, 0, 0, 3, 1
0, 0, 0, 0, 0, 3, 1
0, 0, 0, 3, 3, 3, 3
0, 0, 0, 0, 0, 3, 1
0, 0, 0, 0, 0, 3, 3
0, 0, 0, 0, 0, 3, 1
0, 0, 0, 0, 0, 3, 1
0, 0, 0, 0, 0, 3, 1
0, 0, 0, 0, 0, 3, 1
0, 0, 0, 0, 3, 1, 1
0, 0, 0, 0, 0, 3, 1
0, 0, 0, 0, 0, 3, 1
0, 0, 0, 0, 0, 3, 3
0, 0, 0, 0, 0, 3, 1
0, 0, 0, 0, 0, 3, 1
0, 0, 0, 0, 0, 3, 1
0, 0, 0, 0, 0, 0, 3
0, 3, 3, 3, 3, 3, 3
0, 0, 0, 0, 0, 3, 1
0, 0, 0, 3, 1, 1, 1
0, 0, 0, 3, 3, 3, 3
0, 0, 0, 0, 0, 3, 1
0, 0, 0, 0, 0, 3, 1
0, 0, 0, 0, 0, 3, 1
0, 0, 0, 3, 1, 1, 1
0, 0, 0, 0, 3, 1, 1
0, 0, 0, 0, 0, 0, 3
0, 0, 3, 3, 3, 3, 3
0, 0, 0, 3, 3, 3, 3
0, 0, 3, 3, 3, 3, 3
0, 0, 0, 0, 3, 3, 3
0, 0, 0, 0, 3, 3, 3
0, 0, 3, 3, 3, 3, 3
0, 0, 0, 3, 3, 3, 3
0, 0, 0, 0, 0, 3, 3
0, 0, 0, 0, 3, 3, 3
0, 0, 0, 0, 0, 3, 1
0, 0, 0, 0, 0, 0, 3
0, 0, 0, 0, 0, 0, 3
0, 3, 3, 3, 3, 3, 3
0, 0, 0, 0, 0, 3, 3
0, 0, 0, 0, 3, 3, 3
0, 0, 0, 0, 0, 3, 1
0, 0, 0, 0, 0, 3, 1
0, 0, 3, 3, 3, 3, 3
0, 3, 1, 1, 1, 1, 1
0, 0, 0, 0, 0, 3, 1
0, 0, 3, 3, 3, 3, 3
0, 0, 0, 0, 3, 3, 3
0, 0, 0, 0, 3, 3, 3
0, 0, 0, 0, 3, 3, 3
0, 0, 0, 0, 3, 3, 3
0, 0, 0, 0, 3, 3, 3
0, 0, 0, 0, 0, 3, 1
0, 0, 0, 3, 1, 1, 1
0, 0, 0, 0, 3, 3, 3
0, 0, 0, 0, 0, 3, 1
0, 0, 0, 0, 3, 1, 1
0, 0, 0, 0, 0, 3, 1
0, 0, 0, 0, 0, 3, 1
0, 0, 0, 0, 0, 3, 1
0, 0, 0, 3, 3, 3, 3
0, 0, 0, 0, 0, 3, 1
0, 0, 0, 0, 0, 3, 1
0, 0, 0, 0, 0, 3, 3
0, 0, 3, 3, 3, 3, 3
0, 0, 0, 0, 0, 0, 3
0, 0, 0, 0, 0, 3, 3
0, 0, 0, 0, 0, 3, 1
0, 0, 0, 0, 0, 3, 1
0, 0, 0, 0, 0, 0, 3
0, 0, 0, 0, 0, 3, 1
0, 0, 3, 3, 3, 3, 3
0, 0, 0, 0, 3, 3, 3
0, 0, 0, 0, 0, 0, 3
0, 0, 0, 3, 3, 1, 1
0, 0, 3, 3, 3, 1, 1
0, 0, 3, 3, 3, 1, 1
0, 0, 0, 0, 0, 3, 3
0, 0, 3, 3, 3, 3, 3
0, 0, 0, 0, 0, 0, 3
0, 0, 0, 0, 0, 3, 1
0, 0, 0, 0, 3, 3, 3
0, 0, 0, 0, 0, 0, 3
0, 0, 0, 0, 0, 3, 1
0, 0, 0, 0, 0, 3, 3
0, 0, 0, 0, 0, 3, 1
0, 0, 3, 1, 1, 1, 1
0, 0, 0, 0, 0, 3, 3
0, 3, 3, 3, 3, 3, 3
0, 0, 0, 0, 0, 3, 3
0, 0, 0, 0, 0, 3, 3
0, 0, 0, 3, 3, 3, 3
0, 0, 0, 0, 3, 3, 1
0, 0, 0, 0, 3, 3, 3
0, 0, 0, 0, 3, 3, 1
0, 0, 0, 0, 0, 3, 1
0, 0, 3, 3, 3, 2, 2
0, 0, 0, 0, 0, 3, 3
0, 0, 0, 0, 0, 3, 3
0, 0, 0, 0, 0, 3, 1
0, 0, 0, 0, 0, 3, 1
0, 0, 0, 0, 3, 3, 3
0, 0, 0, 0, 0, 3, 1
0, 0, 3, 3, 3, 3, 3
0, 0, 0, 0, 0, 3, 1
0, 0, 0, 0, 0, 3, 1
0, 0, 3, 1, 1, 1, 1
0, 0, 0, 0, 0, 3, 3
0, 0, 0, 0, 0, 3, 1
0, 0, 0, 0, 0, 0, 3
0, 0, 0, 3, 3, 3, 3
0, 0, 0, 3, 3, 3, 3
0, 0, 0, 3, 3, 3, 3
0, 0, 3, 3, 3, 3, 3
0, 0, 0, 3, 1, 1, 1
0, 0, 3, 3, 1, 1, 1
0, 0, 0, 0, 3, 3, 3
0, 0, 0, 0, 0, 3, 3
0, 0, 0, 3, 3, 3, 3
0, 0, 0, 0, 0, 3, 1
0, 3, 1, 1, 1, 1, 1
0, 0, 3, 3, 3, 3, 3
0, 0, 3, 3, 3, 3, 3
0, 0, 3, 3, 3, 3, 3
0, 0, 0, 3, 3, 3, 3
0, 0, 3, 3, 3, 3, 3
0, 0, 0, 0, 3, 3, 3
0, 0, 0, 0, 0, 0, 3
0, 0, 0, 0, 3, 3, 3
0, 0, 3, 3, 3, 3, 3
0, 0, 0, 0, 0, 3, 1
0, 0, 0, 0, 3, 3, 3
0, 0, 0, 0, 0, 3, 3
0, 0, 0, 0, 0, 3, 3
0, 0, 0, 0, 0, 3, 3
0, 0, 0, 0, 0, 0, 3
0, 0, 0, 0, 0, 3, 3
0, 0, 3, 3, 3, 3, 3
0, 0, 0, 0, 0, 3, 1
0, 0, 3, 3, 3, 3, 3
0, 0, 0, 0, 3, 3, 1
0, 0, 0, 3, 3, 3, 3
0, 0, 0, 0, 0, 3, 1
0, 0, 0, 0, 3, 3, 3
0, 0, 0, 0, 3, 3, 3
0, 0, 0, 0, 3, 3, 3
0, 0, 0, 0, 3, 3, 3
0, 0, 0, 0, 3, 3, 3
0, 0, 0, 0, 0, 3, 1
0, 0, 0, 0, 0, 3, 3
0, 0, 3, 1, 1, 1, 1
0, 0, 0, 0, 0, 3, 1
0, 0, 0, 0, 0, 0, 3
0, 0, 3, 3, 3, 3, 3
0, 0, 0, 0, 0, 3, 1
0, 0, 0, 0, 0, 0, 3
0, 0, 0, 0, 0, 3, 1
0, 0, 0, 3, 3, 3, 3
0, 0, 0, 0, 0, 3, 1
0, 0, 0, 0, 0, 3, 1
