Position, Gene, Allele, Annotation, Codon, Position in codon, AA fold count, Test statistic, P-value, Deletion index, Fold reduction, Deletion P-value, Duplication index, Fold increase, Duplication pvalue, Passed?, AC:100, DP:100, AC:200, DP:200, AC:300, DP:300, AC:400, DP:400, AC:500, DP:500, AC:600, DP:600
528, B4U62_RS22100, G->T, synonymous, GGA, 2, 1, -0.0541811305592, 0.3845, 7, 1, 1, 1, 1, 1, FAIL, 2.0, 82.0, 13.0, 233.0, 5.0, 53.0, 3.0, 64.0, 3.0, 20.0, 0.0, 96.0
15216, B4U62_RS22175, C->A, synonymous, TCA, 2, 1, -0.372510169534, 0.3775, 7, 1, 1, 1, 1, 1, FAIL, 0.0, 48.0, 18.0, 226.0, 15.0, 133.0, 4.0, 70.0, 3.0, 11.0, 6.0, 105.0
18324, B4U62_RS22175, A->C, synonymous, GAA, 2, 2, 0.0367286446248, 0.3254, 7, 1, 1, 1, 1, 1, FAIL, 13.0, 133.0, 47.0, 197.0, 15.0, 148.0, 4.0, 88.0, 5.0, 77.0, 3.0, 146.0
35988, B4U62_RS22295, C->A, synonymous, TTT, 1, 4, 0.00705993540225, 0.3917, 7, 1, 1, 1, 1, 1, FAIL, 2.0, 52.0, 20.0, 284.0, 11.0, 87.0, 5.0, 113.0, 1.0, 5.0, 4.0, 140.0
36006, B4U62_RS22295, C->G, missense, GAA, 1, 4, -2.60784313725, 0.3927, 7, 1, 1, 1, 1, 1, FAIL, 0.0, 47.0, 7.0, 227.0, 7.0, 63.0, 2.0, 97.0, 1.0, 5.0, 0.0, 113.0
45258, B4U62_RS22370, C->T, synonymous, ATG, 1, 4, 0.301968420978, 0.2686, 7, 1, 1, 1, 1, 1, FAIL, 39.0, 54.0, 101.0, 188.0, 210.0, 251.0, 58.0, 60.0, 0.0, 0.0, 91.0, 95.0
49496, B4U62_RS00260, G->T, synonymous, CTA, 0, 3, 0.26173897798, 0.1615, 7, 1, 1, 1, 1, 1, PASS, 0.0, 66.0, 6.0, 207.0, 3.0, 98.0, 1.0, 65.0, 3.0, 22.0, 4.0, 87.0
56878, B4U62_RS22425, C->A, missense, TAT, 0, 4, -0.46085911952, 0.3912, 7, 1, 1, 1, 1, 1, FAIL, 1.0, 94.0, 2.0, 209.0, 0.0, 66.0, 5.0, 58.0, 0.0, 36.0, 9.0, 66.0
75874, B4U62_RS00405, T->G, missense, CCT, 0, 4, -6.5, 0.4098, 7, 1, 1, 1, 1, 1, FAIL, 0.0, 63.0, 4.0, 182.0, 3.0, 18.0, 1.0, 62.0, 0.0, 7.0, 2.0, 118.0
78611, B4U62_RS00415, G->T, missense, GGT, 1, 4, -0.296405220716, 0.3779, 7, 1, 1, 1, 1, 1, FAIL, 22.0, 124.0, 4.0, 193.0, 3.0, 144.0, 2.0, 75.0, 8.0, 81.0, 3.0, 122.0
107633, B4U62_RS00585, G->T, missense, GGT, 1, 4, -3.92527404219, 0.4036, 7, 1, 1, 1, 1, 1, FAIL, 0.0, 34.0, 6.0, 255.0, 6.0, 161.0, 1.0, 82.0, 4.0, 11.0, 0.0, 119.0
113157, intergenic, indel;A;+G;G;+T, indel, None, None, None, 0.660330017293, 0.3082, 7, 1, 1, 1, 1, 1, FAIL, 108.0, 112.0, 256.0, 285.0, 135.0, 143.0, 58.0, 72.0, 87.0, 95.0, 137.0, 152.0
113158, intergenic, indel;+C;+A;+T, indel, None, None, None, -0.46286543045, 0.3944, 7, 1, 1, 1, 1, 1, FAIL, 0.0, 5.0, 1.0, 28.0, 1.0, 11.0, 3.0, 13.0, 5.0, 9.0, 5.0, 19.0
118127, B4U62_RS00655, G->T, missense, GAA, 1, 4, 0.113715404655, 0.2538, 7, 1, 1, 1, 1, 1, FAIL, 9.0, 71.0, 53.0, 187.0, 27.0, 123.0, 1.0, 70.0, 3.0, 17.0, 2.0, 93.0
145947, B4U62_RS00835, G->T, synonymous, GGT, 2, 1, -0.387399115238, 0.4178, 7, 1, 1, 1, 1, 1, FAIL, 1.0, 52.0, 9.0, 210.0, 5.0, 15.0, 1.0, 75.0, 1.0, 24.0, 2.0, 128.0
145953, B4U62_RS00835, G->C, synonymous, GGC, 2, 1, -0.614065429417, 0.3956, 7, 1, 1, 1, 1, 1, FAIL, 1.0, 54.0, 10.0, 215.0, 4.0, 18.0, 1.0, 77.0, 2.0, 25.0, 1.0, 131.0
145959, B4U62_RS00835, A->T, missense, CAG, 2, 2, -0.0573172666831, 0.3968, 7, 1, 1, 1, 1, 1, FAIL, 2.0, 51.0, 12.0, 201.0, 4.0, 18.0, 1.0, 74.0, 2.0, 24.0, 3.0, 124.0
145964, B4U62_RS00835, G->T, missense, GAA, 1, 4, -0.102990869213, 0.4044, 7, 1, 1, 1, 1, 1, FAIL, 3.0, 50.0, 11.0, 197.0, 4.0, 18.0, 0.0, 71.0, 1.0, 25.0, 2.0, 122.0
145968, B4U62_RS00835, G->T, synonymous, CGA, 2, 1, -0.394140963702, 0.4239, 7, 1, 1, 1, 1, 1, FAIL, 4.0, 51.0, 16.0, 193.0, 9.0, 18.0, 1.0, 67.0, 1.0, 23.0, 3.0, 113.0
145970, B4U62_RS00835, A->T, synonymous, ATT, 1, 4, -0.534120694854, 0.3856, 7, 1, 1, 1, 1, 1, FAIL, 0.0, 50.0, 11.0, 190.0, 3.0, 18.0, 0.0, 67.0, 2.0, 23.0, 2.0, 111.0
145973, B4U62_RS00835, G->T, synonymous, GTT, 1, 4, -1.72802909697, 0.412, 7, 1, 1, 1, 1, 1, FAIL, 1.0, 54.0, 5.0, 191.0, 4.0, 18.0, 0.0, 69.0, 1.0, 23.0, 2.0, 115.0
145976, B4U62_RS00835, G->T, missense, GAG, 1, 4, -0.468413778961, 0.4108, 7, 1, 1, 1, 1, 1, FAIL, 2.0, 52.0, 8.0, 190.0, 4.0, 18.0, 0.0, 68.0, 1.0, 22.0, 2.0, 116.0
145978, B4U62_RS00835, G->T, missense, GAT, 0, 4, -7.77777777778, 0.4303, 7, 1, 1, 1, 1, 1, FAIL, 0.0, 53.0, 4.0, 192.0, 3.0, 18.0, 2.0, 72.0, 0.0, 23.0, 0.0, 116.0
145979, B4U62_RS00835, G->T, missense, GAT, 1, 4, -0.0888551565061, 0.3958, 7, 1, 1, 1, 1, 1, FAIL, 6.0, 53.0, 15.0, 190.0, 6.0, 18.0, 1.0, 73.0, 2.0, 23.0, 5.0, 117.0
145986, B4U62_RS00835, G->T, synonymous, GGG, 2, 1, -7.05555555556, 0.4103, 7, 1, 1, 1, 1, 1, FAIL, 0.0, 51.0, 5.0, 171.0, 4.0, 18.0, 0.0, 64.0, 0.0, 21.0, 3.0, 110.0
145987, B4U62_RS00835, G->T, missense, ATT, 0, 4, -3.79018781194, 0.4034, 7, 1, 1, 1, 1, 1, FAIL, 1.0, 51.0, 10.0, 166.0, 7.0, 18.0, 3.0, 63.0, 1.0, 19.0, 2.0, 101.0
145994, B4U62_RS00835, C->A, synonymous, CAT, 1, 4, 0.132336916236, 0.2765, 7, 1, 1, 1, 1, 1, FAIL, 1.0, 51.0, 15.0, 184.0, 8.0, 18.0, 2.0, 73.0, 0.0, 20.0, 1.0, 100.0
146007, B4U62_RS00835, G->T, synonymous, GGA, 2, 1, 0.0857089893069, 0.314, 7, 1, 1, 1, 1, 1, FAIL, 2.0, 51.0, 18.0, 176.0, 6.0, 18.0, 2.0, 77.0, 0.0, 18.0, 3.0, 86.0
146009, B4U62_RS00835, G->T, missense, GAT, 1, 4, 0.0581052562594, 0.336, 7, 1, 1, 1, 1, 1, FAIL, 4.0, 52.0, 26.0, 184.0, 10.0, 45.0, 4.0, 78.0, 2.0, 21.0, 4.0, 97.0
177034, B4U62_RS01025, T->G, noncoding, None, None, None, -0.124417781799, 0.3605, 7, 1, 1, 1, 1, 1, FAIL, 0.0, 38.0, 36.0, 116.0, 35.0, 52.0, 3.0, 51.0, 0.0, 0.0, 9.0, 65.0
177038, B4U62_RS01025, C->A, noncoding, None, None, None, 0.13556106877, 0.3002, 7, 1, 1, 1, 1, 1, FAIL, 0.0, 36.0, 11.0, 110.0, 8.0, 49.0, 9.0, 48.0, 0.0, 0.0, 17.0, 65.0
177038, B4U62_RS01025, C->G, noncoding, None, None, None, -0.991632331033, 0.3786, 7, 1, 1, 1, 1, 1, FAIL, 0.0, 36.0, 13.0, 110.0, 17.0, 49.0, 1.0, 48.0, 0.0, 0.0, 6.0, 65.0
177043, B4U62_RS01025, C->A, noncoding, None, None, None, 0.229052943914, 0.2251, 7, 1, 1, 1, 1, 1, FAIL, 0.0, 35.0, 8.0, 108.0, 11.0, 49.0, 13.0, 48.0, 0.0, 0.0, 16.0, 64.0
177049, B4U62_RS01025, C->A, noncoding, None, None, None, 0.201605234845, 0.2541, 7, 1, 1, 1, 1, 1, FAIL, 0.0, 37.0, 10.0, 98.0, 7.0, 30.0, 8.0, 43.0, 0.0, 0.0, 19.0, 58.0
177049, B4U62_RS01025, C->T, noncoding, None, None, None, -0.300637712003, 0.3754, 7, 1, 1, 1, 1, 1, FAIL, 0.0, 37.0, 12.0, 98.0, 13.0, 30.0, 0.0, 43.0, 0.0, 0.0, 2.0, 58.0
187484, B4U62_RS01065, A->C, missense, GTC, 1, 4, -0.692761141173, 0.4041, 7, 1, 1, 1, 1, 1, FAIL, 3.0, 154.0, 3.0, 189.0, 2.0, 62.0, 8.0, 54.0, 1.0, 84.0, 1.0, 98.0
188419, B4U62_RS01065, T->G, missense, AGA, 2, 2, 0.151377152861, 0.2265, 7, 1, 1, 1, 1, 1, FAIL, 1.0, 94.0, 3.0, 179.0, 2.0, 84.0, 5.0, 36.0, 0.0, 29.0, 4.0, 80.0
195673, B4U62_RS01130, G->T, missense, GCA, 0, 4, -0.206056651239, 0.3889, 7, 1, 1, 1, 1, 1, FAIL, 1.0, 91.0, 6.0, 225.0, 1.0, 118.0, 3.0, 57.0, 4.0, 31.0, 0.0, 108.0
217808, B4U62_RS01230, C->A, synonymous, TCT, 2, 1, -1.52433497419, 0.4022, 7, 1, 1, 1, 1, 1, FAIL, 0.0, 51.0, 2.0, 175.0, 18.0, 45.0, 2.0, 57.0, 0.0, 6.0, 1.0, 89.0
218403, B4U62_RS01230, G->T, nonsense, AAA, 0, 4, -0.0128108552673, 0.3894, 7, 1, 1, 1, 1, 1, FAIL, 0.0, 59.0, 11.0, 176.0, 20.0, 101.0, 7.0, 75.0, 1.0, 21.0, 6.0, 136.0
218407, B4U62_RS01230, G->C, missense, GAA, 1, 4, -0.667925844028, 0.3795, 7, 1, 1, 1, 1, 1, FAIL, 0.0, 59.0, 5.0, 173.0, 14.0, 96.0, 1.0, 70.0, 2.0, 21.0, 2.0, 133.0
218409, B4U62_RS01230, A->C, missense, GCT, 0, 4, -1.01384525161, 0.3907, 7, 1, 1, 1, 1, 1, FAIL, 0.0, 59.0, 4.0, 171.0, 11.0, 74.0, 3.0, 69.0, 1.0, 21.0, 1.0, 131.0
218413, B4U62_RS01230, G->T, missense, GAA, 1, 4, -0.13258957447, 0.3849, 7, 1, 1, 1, 1, 1, FAIL, 1.0, 59.0, 17.0, 173.0, 23.0, 74.0, 5.0, 69.0, 2.0, 21.0, 11.0, 131.0
218424, B4U62_RS01230, G->T, nonsense, GAA, 0, 4, -0.919278508771, 0.3939, 7, 1, 1, 1, 1, 1, FAIL, 0.0, 57.0, 5.0, 168.0, 11.0, 74.0, 2.0, 69.0, 0.0, 21.0, 1.0, 130.0
218425, B4U62_RS01230, G->T, missense, GAA, 1, 4, -0.149606704436, 0.3963, 7, 1, 1, 1, 1, 1, FAIL, 0.0, 61.0, 17.0, 168.0, 27.0, 74.0, 6.0, 70.0, 3.0, 21.0, 12.0, 130.0
218440, B4U62_RS01230, C->A, synonymous, CAA, 1, 4, -0.0704676267733, 0.393, 7, 1, 1, 1, 1, 1, FAIL, 0.0, 56.0, 22.0, 162.0, 32.0, 96.0, 5.0, 86.0, 1.0, 19.0, 4.0, 137.0
218451, B4U62_RS01230, A->T, missense, GGT, 0, 4, -0.615319787494, 0.3963, 7, 1, 1, 1, 1, 1, FAIL, 1.0, 54.0, 10.0, 167.0, 18.0, 113.0, 1.0, 85.0, 0.0, 13.0, 2.0, 138.0
218453, B4U62_RS01230, G->T, synonymous, GGT, 2, 1, -0.56526395679, 0.3943, 7, 1, 1, 1, 1, 1, FAIL, 1.0, 53.0, 12.0, 170.0, 22.0, 113.0, 2.0, 85.0, 1.0, 13.0, 5.0, 141.0
218455, B4U62_RS01230, C->A, synonymous, CAA, 1, 4, -0.0702226921412, 0.397, 7, 1, 1, 1, 1, 1, FAIL, 0.0, 52.0, 38.0, 173.0, 52.0, 115.0, 4.0, 85.0, 3.0, 13.0, 9.0, 144.0
218462, B4U62_RS01230, T->A, synonymous, ATA, 2, 2, 0.0301461052576, 0.3865, 7, 1, 1, 1, 1, 1, FAIL, 1.0, 49.0, 34.0, 182.0, 41.0, 136.0, 4.0, 82.0, 1.0, 14.0, 3.0, 140.0
218466, B4U62_RS01230, G->C, missense, AAA, 0, 4, -0.245568457525, 0.3791, 7, 1, 1, 1, 1, 1, FAIL, 0.0, 46.0, 24.0, 168.0, 39.0, 137.0, 5.0, 78.0, 2.0, 7.0, 3.0, 136.0
218471, B4U62_RS01230, C->A, synonymous, CCA, 2, 1, -0.328537983266, 0.376, 7, 1, 1, 1, 1, 1, FAIL, 1.0, 48.0, 33.0, 172.0, 39.0, 137.0, 3.0, 75.0, 3.0, 7.0, 3.0, 133.0
218475, B4U62_RS01230, A->C, missense, ACG, 0, 4, -0.00284884265893, 0.3685, 7, 1, 1, 1, 1, 1, FAIL, 0.0, 48.0, 37.0, 175.0, 39.0, 136.0, 2.0, 74.0, 1.0, 7.0, 7.0, 135.0
218613, B4U62_RS01230, C->A, synonymous, ATG, 0, 3, 0.0770420218839, 0.3578, 7, 1, 1, 1, 1, 1, FAIL, 1.0, 43.0, 33.0, 220.0, 18.0, 90.0, 4.0, 116.0, 1.0, 3.0, 3.0, 144.0
218620, B4U62_RS01230, C->A, missense, CCA, 1, 4, -0.0831225268923, 0.3904, 7, 1, 1, 1, 1, 1, FAIL, 1.0, 42.0, 23.0, 229.0, 17.0, 91.0, 0.0, 118.0, 0.0, 3.0, 6.0, 153.0
218635, B4U62_RS01230, C->A, missense, CTT, 1, 4, -0.00378555352233, 0.3791, 7, 1, 1, 1, 1, 1, FAIL, 1.0, 41.0, 33.0, 247.0, 23.0, 101.0, 6.0, 130.0, 1.0, 3.0, 8.0, 164.0
218638, B4U62_RS01230, C->A, missense, CTA, 1, 4, -0.23875750247, 0.3893, 7, 1, 1, 1, 1, 1, FAIL, 1.0, 40.0, 12.0, 239.0, 12.0, 119.0, 3.0, 126.0, 1.0, 3.0, 6.0, 155.0
218643, B4U62_RS01230, C->A, missense, TTT, 0, 4, -0.0486898644342, 0.3805, 7, 1, 1, 1, 1, 1, FAIL, 1.0, 44.0, 31.0, 251.0, 25.0, 115.0, 7.0, 130.0, 0.0, 3.0, 12.0, 162.0
218647, B4U62_RS01230, C->A, missense, CTT, 1, 4, -0.0308859352775, 0.3752, 7, 1, 1, 1, 1, 1, FAIL, 1.0, 45.0, 26.0, 244.0, 15.0, 86.0, 4.0, 118.0, 1.0, 3.0, 8.0, 150.0
218652, B4U62_RS01230, C->A, missense, GTC, 0, 4, 0.00244490595654, 0.3678, 7, 1, 1, 1, 1, 1, FAIL, 1.0, 48.0, 37.0, 252.0, 18.0, 86.0, 7.0, 118.0, 1.0, 2.0, 9.0, 153.0
218672, B4U62_RS01230, G->T, synonymous, AGT, 2, 2, -0.26470752729, 0.3574, 7, 1, 1, 1, 1, 1, FAIL, 0.0, 48.0, 7.0, 252.0, 12.0, 82.0, 3.0, 111.0, 1.0, 2.0, 1.0, 150.0
218684, B4U62_RS01230, C->A, synonymous, TCA, 2, 1, 0.00345580486582, 0.3718, 7, 1, 1, 1, 1, 1, FAIL, 1.0, 46.0, 38.0, 246.0, 21.0, 75.0, 9.0, 101.0, 1.0, 2.0, 9.0, 143.0
218686, B4U62_RS01230, G->T, missense, GGA, 1, 4, -0.609815041898, 0.3821, 7, 1, 1, 1, 1, 1, FAIL, 0.0, 47.0, 10.0, 253.0, 10.0, 75.0, 3.0, 102.0, 1.0, 3.0, 2.0, 144.0
218692, B4U62_RS01230, G->T, synonymous, GTC, 1, 4, -0.677840326759, 0.3994, 7, 1, 1, 1, 1, 1, FAIL, 1.0, 46.0, 12.0, 261.0, 11.0, 75.0, 1.0, 102.0, 0.0, 3.0, 4.0, 143.0
218702, B4U62_RS01230, C->A, synonymous, TCT, 2, 1, -1.56039719984, 0.3816, 7, 1, 1, 1, 1, 1, FAIL, 1.0, 56.0, 23.0, 291.0, 18.0, 75.0, 9.0, 107.0, 0.0, 4.0, 3.0, 154.0
218704, B4U62_RS01230, C->A, synonymous, CAA, 1, 4, -0.201856865435, 0.3963, 7, 1, 1, 1, 1, 1, FAIL, 1.0, 57.0, 10.0, 308.0, 9.0, 75.0, 2.0, 110.0, 1.0, 4.0, 3.0, 160.0
218708, B4U62_RS01230, C->A, synonymous, TCA, 2, 1, -0.58747032788, 0.3876, 7, 1, 1, 1, 1, 1, FAIL, 1.0, 57.0, 23.0, 323.0, 15.0, 75.0, 3.0, 112.0, 1.0, 4.0, 7.0, 162.0
218713, B4U62_RS01230, A->C, synonymous, ACC, 1, 4, -0.34187656592, 0.3744, 7, 1, 1, 1, 1, 1, FAIL, 0.0, 56.0, 10.0, 337.0, 8.0, 74.0, 3.0, 116.0, 1.0, 5.0, 3.0, 168.0
218719, B4U62_RS01230, C->A, synonymous, CAT, 1, 4, -0.283987221925, 0.3851, 7, 1, 1, 1, 1, 1, FAIL, 0.0, 57.0, 9.0, 361.0, 8.0, 77.0, 2.0, 111.0, 1.0, 5.0, 7.0, 173.0
233901, B4U62_RS01315, C->A, synonymous, TCG, 2, 1, -0.621396591786, 0.3784, 7, 1, 1, 1, 1, 1, FAIL, 0.0, 31.0, 3.0, 115.0, 1.0, 99.0, 5.0, 24.0, 0.0, 9.0, 3.0, 60.0
233906, B4U62_RS01315, G->T, missense, CTG, 0, 3, 0.226414421283, 0.1931, 7, 1, 1, 1, 1, 1, PASS, 0.0, 32.0, 3.0, 123.0, 2.0, 99.0, 4.0, 26.0, 0.0, 9.0, 4.0, 62.0
246204, B4U62_RS01380, A->T, synonymous, ATT, 1, 4, -3.46645582992, 0.3965, 7, 1, 1, 1, 1, 1, FAIL, 0.0, 51.0, 5.0, 326.0, 5.0, 234.0, 0.0, 96.0, 3.0, 23.0, 0.0, 146.0
248399, B4U62_RS01395, C->A, missense, CCA, 1, 4, -1.3763218666, 0.3919, 7, 1, 1, 1, 1, 1, FAIL, 0.0, 36.0, 2.0, 181.0, 9.0, 67.0, 0.0, 40.0, 0.0, 24.0, 3.0, 80.0
259274, B4U62_RS01450, G->T, synonymous, GGA, 2, 1, -0.0967850677142, 0.394, 7, 1, 1, 1, 1, 1, FAIL, 7.0, 195.0, 43.0, 363.0, 22.0, 116.0, 4.0, 135.0, 12.0, 126.0, 1.0, 187.0
268845, B4U62_RS01495, A->C, missense, GCC, 0, 4, -0.332396313705, 0.3892, 7, 1, 1, 1, 1, 1, FAIL, 0.0, 74.0, 9.0, 230.0, 15.0, 102.0, 3.0, 83.0, 0.0, 39.0, 2.0, 93.0
273667, B4U62_RS01515, G->T, missense, CGT, 0, 4, -1.76453832468, 0.3857, 7, 1, 1, 1, 1, 1, FAIL, 0.0, 131.0, 3.0, 222.0, 4.0, 134.0, 6.0, 28.0, 2.0, 78.0, 0.0, 50.0
273683, B4U62_RS01515, A->C, missense, ATC, 1, 4, -3.1965417524, 0.3774, 7, 1, 1, 1, 1, 1, FAIL, 1.0, 126.0, 5.0, 208.0, 3.0, 125.0, 4.0, 25.0, 1.0, 81.0, 2.0, 52.0
273686, B4U62_RS01515, G->T, missense, GAC, 1, 4, -6.76543209877, 0.3891, 7, 1, 1, 1, 1, 1, FAIL, 0.0, 127.0, 4.0, 209.0, 4.0, 133.0, 5.0, 27.0, 1.0, 80.0, 1.0, 53.0
299325, B4U62_RS01655, G->T, missense, ATT, 0, 4, -0.715974505414, 0.3734, 7, 1, 1, 1, 1, 1, FAIL, 1.0, 63.0, 8.0, 170.0, 17.0, 230.0, 0.0, 61.0, 5.0, 33.0, 2.0, 92.0
303124, B4U62_RS01675, G->T, missense, GAA, 1, 4, -0.580254956774, 0.3885, 7, 1, 1, 1, 1, 1, FAIL, 7.0, 96.0, 19.0, 235.0, 0.0, 32.0, 0.0, 96.0, 10.0, 61.0, 1.0, 142.0
303128, B4U62_RS01675, G->T, missense, AGA, 2, 2, -0.614215569057, 0.3887, 7, 1, 1, 1, 1, 1, FAIL, 8.0, 100.0, 31.0, 249.0, 0.0, 32.0, 2.0, 97.0, 12.0, 63.0, 2.0, 144.0
317392, B4U62_RS01745, G->T, missense, GAG, 1, 4, 0.700639604484, 0.1127, 7, 1, 1, 1, 1, 1, PASS, 3.0, 159.0, 4.0, 165.0, 0.0, 181.0, 3.0, 44.0, 1.0, 26.0, 7.0, 42.0
345702, B4U62_RS01890, G->T, missense, GAA, 1, 4, -0.595953807139, 0.3692, 7, 1, 1, 1, 1, 1, FAIL, 0.0, 95.0, 5.0, 261.0, 3.0, 191.0, 11.0, 72.0, 0.0, 38.0, 4.0, 78.0
349232, B4U62_RS01900, G->T, missense, GCA, 1, 4, -4.07155198603, 0.3958, 7, 1, 1, 1, 1, 1, FAIL, 0.0, 33.0, 5.0, 281.0, 2.0, 231.0, 1.0, 77.0, 3.0, 19.0, 1.0, 102.0
358635, B4U62_RS01940, C->A, missense, AGA, 1, 4, 0.23079952073, 0.319, 7, 1, 1, 1, 1, 1, FAIL, 3.0, 104.0, 30.0, 251.0, 18.0, 94.0, 2.0, 72.0, 0.0, 52.0, 0.0, 135.0
361779, B4U62_RS01945, C->A, missense, AGC, 1, 4, -1.67442544845, 0.3977, 7, 1, 1, 1, 1, 1, FAIL, 2.0, 104.0, 4.0, 269.0, 1.0, 123.0, 0.0, 64.0, 3.0, 22.0, 2.0, 112.0
366523, B4U62_RS01970, C->A, missense, CGT, 1, 4, 1.02398540242, 0.1378, 7, 1, 1, 1, 1, 1, PASS, 0.0, 95.0, 3.0, 294.0, 0.0, 105.0, 3.0, 74.0, 3.0, 25.0, 1.0, 83.0
376784, intergenic, G->C, noncoding, None, None, None, -0.228759261927, 0.3725, 7, 1, 1, 1, 1, 1, FAIL, 0.0, 46.0, 2.0, 192.0, 1.0, 103.0, 8.0, 56.0, 1.0, 5.0, 2.0, 67.0
376785, intergenic, T->G, noncoding, None, None, None, -0.195690234039, 0.3812, 7, 1, 1, 1, 1, 1, FAIL, 0.0, 49.0, 20.0, 190.0, 5.0, 103.0, 6.0, 56.0, 1.0, 5.0, 5.0, 67.0
388893, B4U62_RS02035, C->A, missense, CGC, 1, 4, 0.0292475226746, 0.2204, 7, 1, 1, 1, 1, 1, FAIL, 1.0, 69.0, 3.0, 224.0, 4.0, 135.0, 11.0, 76.0, 1.0, 33.0, 4.0, 104.0
403046, B4U62_RS02045, A->C, synonymous, GAC, 2, 2, 0.559730008461, 0.1579, 7, 1, 1, 1, 1, 1, PASS, 2.0, 161.0, 3.0, 174.0, 4.0, 60.0, 0.0, 15.0, 2.0, 71.0, 8.0, 47.0
408624, B4U62_RS02075, G->A, missense, ACC, 1, 4, 1.03424647937, 0.1937, 7, 1, 1, 1, 1, 1, PASS, 0.0, 54.0, 3.0, 320.0, 2.0, 127.0, 3.0, 33.0, 0.0, 19.0, 11.0, 81.0
408627, B4U62_RS02075, G->T, nonsense, TCG, 1, 4, 0.567072769248, 0.14, 7, 1, 1, 1, 1, 1, PASS, 0.0, 42.0, 8.0, 296.0, 3.0, 127.0, 4.0, 32.0, 1.0, 15.0, 13.0, 73.0
408631, B4U62_RS02075, G->T, missense, CTC, 0, 4, 0.590426588842, 0.1276, 7, 1, 1, 1, 1, 1, PASS, 0.0, 41.0, 5.0, 303.0, 5.0, 138.0, 3.0, 34.0, 1.0, 16.0, 12.0, 70.0
408634, B4U62_RS02075, C->A, missense, GCC, 0, 4, -0.43448092041, 0.3713, 7, 1, 1, 1, 1, 1, FAIL, 0.0, 37.0, 8.0, 314.0, 7.0, 143.0, 2.0, 30.0, 1.0, 17.0, 12.0, 76.0
408637, B4U62_RS02075, G->C, missense, CCT, 0, 4, 0.852584145314, 0.0993, 7, 1, 1, 1, 1, 1, PASS, 1.0, 37.0, 5.0, 321.0, 2.0, 143.0, 3.0, 31.0, 2.0, 17.0, 11.0, 79.0
408640, B4U62_RS02075, G->T, missense, CTG, 0, 3, 0.580889212341, 0.18, 7, 1, 1, 1, 1, 1, PASS, 0.0, 37.0, 10.0, 340.0, 1.0, 133.0, 4.0, 32.0, 1.0, 16.0, 15.0, 80.0
408644, B4U62_RS02075, G->A, synonymous, TTC, 2, 2, 1.05748710616, 0.1375, 7, 1, 1, 1, 1, 1, PASS, 0.0, 36.0, 2.0, 350.0, 2.0, 133.0, 3.0, 36.0, 1.0, 18.0, 11.0, 83.0
419875, B4U62_RS02135, G->C, missense, CTT, 0, 4, -0.0284702377209, 0.38, 7, 1, 1, 1, 1, 1, FAIL, 0.0, 51.0, 40.0, 337.0, 28.0, 130.0, 1.0, 69.0, 0.0, 9.0, 4.0, 134.0
420183, B4U62_RS02140, C->A, missense, GAT, 0, 4, 0.27969721216, 0.1598, 7, 1, 1, 1, 1, 1, PASS, 0.0, 58.0, 5.0, 297.0, 2.0, 194.0, 3.0, 85.0, 3.0, 15.0, 1.0, 128.0
424244, intergenic, T->G, noncoding, None, None, None, -0.0433681028152, 0.375, 7, 1, 1, 1, 1, 1, FAIL, 6.0, 90.0, 71.0, 287.0, 37.0, 109.0, 3.0, 77.0, 5.0, 36.0, 9.0, 129.0
424248, B4U62_RS02155, G->T, unknown, unknown, unknown, unknown, -0.358095294603, 0.3859, 7, 1, 1, 1, 1, 1, FAIL, 1.0, 99.0, 32.0, 299.0, 21.0, 109.0, 1.0, 79.0, 7.0, 38.0, 2.0, 135.0
432818, B4U62_RS02200, C->A, missense, CCG, 1, 4, -0.12017891099, 0.383, 7, 1, 1, 1, 1, 1, FAIL, 0.0, 36.0, 18.0, 225.0, 34.0, 174.0, 1.0, 46.0, 0.0, 10.0, 2.0, 95.0
458400, B4U62_RS02340, C->A, missense, CCG, 0, 4, 0.168657614428, 0.2271, 7, 1, 1, 1, 1, 1, FAIL, 2.0, 190.0, 1.0, 192.0, 2.0, 61.0, 4.0, 27.0, 0.0, 75.0, 0.0, 76.0
458691, B4U62_RS02340, C->A, missense, GGA, 0, 3, -0.00381281226346, 0.3819, 7, 1, 1, 1, 1, 1, FAIL, 2.0, 66.0, 23.0, 290.0, 13.0, 72.0, 3.0, 55.0, 0.0, 25.0, 0.0, 81.0
465174, B4U62_RS02380, G->T, nonsense, AAA, 0, 4, -0.293895998847, 0.3788, 7, 1, 1, 1, 1, 1, FAIL, 0.0, 64.0, 30.0, 197.0, 23.0, 70.0, 3.0, 53.0, 7.0, 24.0, 2.0, 78.0
470859, B4U62_RS02395, G->T, synonymous, TGT, 2, 4, -1.86685391682, 0.3719, 7, 1, 1, 1, 1, 1, FAIL, 2.0, 92.0, 8.0, 265.0, 9.0, 185.0, 0.0, 91.0, 3.0, 23.0, 0.0, 103.0
485222, B4U62_RS02465, C->A, missense, GGT, 0, 4, -1.77897748873, 0.3871, 7, 1, 1, 1, 1, 1, FAIL, 0.0, 78.0, 4.0, 285.0, 0.0, 110.0, 1.0, 69.0, 3.0, 26.0, 2.0, 90.0
490570, B4U62_RS02480, G->T, nonsense, AAA, 0, 4, -0.0445457362603, 0.4014, 7, 1, 1, 1, 1, 1, FAIL, 0.0, 38.0, 38.0, 250.0, 26.0, 235.0, 14.0, 55.0, 0.0, 5.0, 13.0, 79.0
490600, B4U62_RS02485, C->A, missense, GTT, 0, 4, -0.13492867987, 0.3849, 7, 1, 1, 1, 1, 1, FAIL, 8.0, 36.0, 12.0, 190.0, 12.0, 207.0, 4.0, 50.0, 0.0, 2.0, 11.0, 66.0
490602, B4U62_RS02485, G->C, missense, CCT, 1, 4, -0.112537695534, 0.3603, 7, 1, 1, 1, 1, 1, FAIL, 0.0, 36.0, 17.0, 192.0, 11.0, 207.0, 4.0, 50.0, 1.0, 2.0, 7.0, 66.0
490609, B4U62_RS02485, T->A, missense, AGG, 0, 3, -0.226554117873, 0.3081, 7, 1, 1, 1, 1, 1, FAIL, 1.0, 40.0, 22.0, 190.0, 10.0, 208.0, 4.0, 51.0, 1.0, 1.0, 10.0, 65.0
490612, B4U62_RS02485, G->C, missense, CTT, 0, 4, -0.20678767018, 0.3223, 7, 1, 1, 1, 1, 1, FAIL, 0.0, 40.0, 29.0, 190.0, 23.0, 208.0, 5.0, 50.0, 1.0, 1.0, 5.0, 63.0
