100, 200, 300, 400, 500, 600
55.0, 46.0, 39.0, 17.0, 4.0, 0.0
0.0, 0.0, 0.0, 0.0, 6.0, 25.0
0.0, 0.0, 0.0, 0.0, 0.0, 0.0
0.0, 9.0, 16.0, 38.0, 45.0, 30.0
0, 3, 3, 3, 3, 3
0, 0, 0, 0, 3, 1
0, 0, 0, 3, 3, 1
0, 0, 0, 3, 1, 1
0, 0, 0, 0, 3, 1
0, 0, 0, 0, 3, 1
0, 0, 0, 3, 3, 3
0, 3, 3, 3, 3, 3
0, 0, 0, 3, 3, 1
0, 0, 0, 3, 1, 1
0, 0, 0, 0, 3, 1
0, 0, 0, 3, 3, 3
0, 0, 0, 0, 3, 1
0, 3, 3, 3, 3, 3
0, 3, 3, 3, 3, 3
0, 0, 3, 3, 3, 3
0, 0, 0, 3, 3, 1
0, 0, 0, 3, 3, 1
0, 0, 0, 3, 1, 1
0, 0, 0, 0, 3, 1
0, 0, 0, 3, 3, 1
0, 0, 0, 3, 1, 1
0, 0, 0, 0, 3, 1
0, 0, 0, 0, 3, 3
0, 3, 3, 3, 3, 3
0, 3, 3, 3, 3, 3
0, 3, 3, 3, 3, 3
0, 3, 3, 3, 3, 3
0, 0, 0, 3, 1, 1
0, 0, 3, 3, 3, 3
0, 0, 0, 3, 3, 3
0, 0, 0, 0, 3, 1
0, 0, 3, 3, 3, 3
0, 0, 0, 0, 3, 3
0, 3, 3, 3, 3, 3
0, 0, 0, 3, 3, 3
0, 0, 0, 3, 3, 1
0, 0, 0, 0, 0, 3
0, 0, 0, 3, 3, 3
0, 0, 3, 3, 3, 3
0, 0, 0, 3, 3, 1
0, 0, 3, 3, 3, 3
0, 0, 0, 0, 3, 1
0, 0, 0, 0, 0, 3
0, 0, 0, 3, 3, 1
0, 0, 0, 0, 3, 1
0, 0, 3, 3, 3, 3
0, 0, 0, 3, 3, 1
0, 0, 0, 0, 0, 3
0, 0, 0, 0, 0, 3
0, 0, 3, 3, 3, 3
0, 0, 0, 3, 3, 3
0, 0, 0, 3, 1, 1
0, 0, 0, 3, 3, 3
0, 0, 0, 0, 3, 3
